"","study","country","ageGroup","framing","itemSet","subid","dateOfTest","durationOfTest","age","gender","raceEthn","raceEthn2","raceEthn3","raceEthn4","religion","repeated","comments","experimenter","sequence","phase","trialNum","factCat","factSub","factText","questionCat","questionSub","questionText","ynResponse","response","trialComments"
"1","1","us","adults","does that mean...?","cb1","R_0dKn1jkPuTFLlnn","2014-04-11 09:12:00",4,NA,NA,NA,NA,NA,NA,NA,NA,"Thanks for the opportunity.",NA,1,"practice",1,NA,NA,"is purple",NA,NA,"is green","n",-1.5,NA
"2","1","us","adults","does that mean...?","cb1","R_0dKn1jkPuTFLlnn","2014-04-11 09:12:00",4,NA,NA,NA,NA,NA,NA,NA,NA,"Thanks for the opportunity.",NA,1,"practice",2,NA,NA,"is walking around",NA,NA,"has legs","y",1.5,NA
"3","1","us","adults","does that mean...?","cb1","R_0dKn1jkPuTFLlnn","2014-04-11 09:12:00",4,NA,NA,NA,NA,NA,NA,NA,NA,"Thanks for the opportunity.",NA,1,"practice",3,NA,NA,"is made out of paper",NA,NA,"might rip sometime","y",0.5,NA
"4","1","us","adults","does that mean...?","cb1","R_0dKn1jkPuTFLlnn","2014-04-11 09:12:00",4,NA,NA,NA,NA,NA,NA,NA,NA,"Thanks for the opportunity.",NA,1,"test",4,"phy","metal_plastic","is made out of plastic","per","hearing","can hear what's going on around it","y",0.5,NA
"5","1","us","adults","does that mean...?","cb1","R_0dKn1jkPuTFLlnn","2014-04-11 09:12:00",4,NA,NA,NA,NA,NA,NA,NA,NA,"Thanks for the opportunity.",NA,1,"test",5,"aff","positive","is in a good mood right now","aut","noise","can make noises all by itself","y",0.5,NA
"6","1","us","adults","does that mean...?","cb1","R_0dKn1jkPuTFLlnn","2014-04-11 09:12:00",4,NA,NA,NA,NA,NA,NA,NA,NA,"Thanks for the opportunity.",NA,1,"test",6,"per","vision","can see me","aff","negative","can be in a bad mood sometimes","y",0.5,NA
"7","1","us","adults","does that mean...?","cb1","R_0dKn1jkPuTFLlnn","2014-04-11 09:12:00",4,NA,NA,NA,NA,NA,NA,NA,NA,"Thanks for the opportunity.",NA,1,"test",7,"aut","movement","is moving itself from one side of the box to the other","phy","glass_clay","is made out of clay","n",-0.5,NA
"8","1","us","adults","does that mean...?","cb1","R_0dKn1jkPuTFLlnn","2014-04-11 09:12:00",4,NA,NA,NA,NA,NA,NA,NA,NA,"Thanks for the opportunity.",NA,1,"test",8,"aff","negative","feels sad right now","aff","positive","can feel happy sometimes","y",0.5,NA
"9","1","us","adults","does that mean...?","cb1","R_0dKn1jkPuTFLlnn","2014-04-11 09:12:00",4,NA,NA,NA,NA,NA,NA,NA,NA,"Thanks for the opportunity.",NA,1,"test",9,"aut","noise","is making sounds on its own","per","vision","can see what the box looks like","n",-0.5,NA
"10","1","us","adults","does that mean...?","cb1","R_0dKn1jkPuTFLlnn","2014-04-11 09:12:00",4,NA,NA,NA,NA,NA,NA,NA,NA,"Thanks for the opportunity.",NA,1,"test",10,"phy","glass_clay","is made out of glass","phy","metal_plastic","is made out of metal","n",-1.5,NA
"11","1","us","adults","does that mean...?","cb1","R_0dKn1jkPuTFLlnn","2014-04-11 09:12:00",4,NA,NA,NA,NA,NA,NA,NA,NA,"Thanks for the opportunity.",NA,1,"test",11,"per","hearing","can hear me","aut","movement","can move itself around the box","n",-1.5,NA
"12","1","us","adults","does that mean...?","cb1","R_0lxKq3EZpu8YgKN","2014-04-11 07:36:00",3,NA,NA,NA,NA,NA,NA,NA,NA,NA,NA,1,"practice",1,NA,NA,"is purple",NA,NA,"is green","n",-1.5,NA
"13","1","us","adults","does that mean...?","cb1","R_0lxKq3EZpu8YgKN","2014-04-11 07:36:00",3,NA,NA,NA,NA,NA,NA,NA,NA,NA,NA,1,"practice",2,NA,NA,"is walking around",NA,NA,"has legs","y",1.5,NA
"14","1","us","adults","does that mean...?","cb1","R_0lxKq3EZpu8YgKN","2014-04-11 07:36:00",3,NA,NA,NA,NA,NA,NA,NA,NA,NA,NA,1,"practice",3,NA,NA,"is made out of paper",NA,NA,"might rip sometime","y",0.5,NA
"15","1","us","adults","does that mean...?","cb1","R_0lxKq3EZpu8YgKN","2014-04-11 07:36:00",3,NA,NA,NA,NA,NA,NA,NA,NA,NA,NA,1,"test",4,"phy","metal_plastic","is made out of plastic","per","hearing","can hear what's going on around it","n",-1.5,NA
"16","1","us","adults","does that mean...?","cb1","R_0lxKq3EZpu8YgKN","2014-04-11 07:36:00",3,NA,NA,NA,NA,NA,NA,NA,NA,NA,NA,1,"test",5,"aff","positive","is in a good mood right now","aut","noise","can make noises all by itself","y",0.5,NA
"17","1","us","adults","does that mean...?","cb1","R_0lxKq3EZpu8YgKN","2014-04-11 07:36:00",3,NA,NA,NA,NA,NA,NA,NA,NA,NA,NA,1,"test",6,"per","vision","can see me","aff","negative","can be in a bad mood sometimes","y",0.5,NA
"18","1","us","adults","does that mean...?","cb1","R_0lxKq3EZpu8YgKN","2014-04-11 07:36:00",3,NA,NA,NA,NA,NA,NA,NA,NA,NA,NA,1,"test",7,"aut","movement","is moving itself from one side of the box to the other","phy","glass_clay","is made out of clay","n",-1.5,NA
"19","1","us","adults","does that mean...?","cb1","R_0lxKq3EZpu8YgKN","2014-04-11 07:36:00",3,NA,NA,NA,NA,NA,NA,NA,NA,NA,NA,1,"test",8,"aff","negative","feels sad right now","aff","positive","can feel happy sometimes","y",0.5,NA
"20","1","us","adults","does that mean...?","cb1","R_0lxKq3EZpu8YgKN","2014-04-11 07:36:00",3,NA,NA,NA,NA,NA,NA,NA,NA,NA,NA,1,"test",9,"aut","noise","is making sounds on its own","per","vision","can see what the box looks like","y",0.5,NA
"21","1","us","adults","does that mean...?","cb1","R_0lxKq3EZpu8YgKN","2014-04-11 07:36:00",3,NA,NA,NA,NA,NA,NA,NA,NA,NA,NA,1,"test",10,"phy","glass_clay","is made out of glass","phy","metal_plastic","is made out of metal","n",-1.5,NA
"22","1","us","adults","does that mean...?","cb1","R_0lxKq3EZpu8YgKN","2014-04-11 07:36:00",3,NA,NA,NA,NA,NA,NA,NA,NA,NA,NA,1,"test",11,"per","hearing","can hear me","aut","movement","can move itself around the box","y",0.5,NA
"23","1","us","adults","does that mean...?","cb1","R_3lR0LqYqVGzBNid","2014-04-11 11:53:00",3,NA,NA,NA,NA,NA,NA,NA,NA,NA,NA,1,"practice",1,NA,NA,"is purple",NA,NA,"is green","n",-1.5,NA
"24","1","us","adults","does that mean...?","cb1","R_3lR0LqYqVGzBNid","2014-04-11 11:53:00",3,NA,NA,NA,NA,NA,NA,NA,NA,NA,NA,1,"practice",2,NA,NA,"is walking around",NA,NA,"has legs","y",1.5,NA
"25","1","us","adults","does that mean...?","cb1","R_3lR0LqYqVGzBNid","2014-04-11 11:53:00",3,NA,NA,NA,NA,NA,NA,NA,NA,NA,NA,1,"practice",3,NA,NA,"is made out of paper",NA,NA,"might rip sometime","y",1.5,NA
"26","1","us","adults","does that mean...?","cb1","R_3lR0LqYqVGzBNid","2014-04-11 11:53:00",3,NA,NA,NA,NA,NA,NA,NA,NA,NA,NA,1,"test",4,"phy","metal_plastic","is made out of plastic","per","hearing","can hear what's going on around it","n",-1.5,NA
"27","1","us","adults","does that mean...?","cb1","R_3lR0LqYqVGzBNid","2014-04-11 11:53:00",3,NA,NA,NA,NA,NA,NA,NA,NA,NA,NA,1,"test",5,"aff","positive","is in a good mood right now","aut","noise","can make noises all by itself","y",0.5,NA
"28","1","us","adults","does that mean...?","cb1","R_3lR0LqYqVGzBNid","2014-04-11 11:53:00",3,NA,NA,NA,NA,NA,NA,NA,NA,NA,NA,1,"test",6,"per","vision","can see me","aff","negative","can be in a bad mood sometimes","y",0.5,NA
"29","1","us","adults","does that mean...?","cb1","R_3lR0LqYqVGzBNid","2014-04-11 11:53:00",3,NA,NA,NA,NA,NA,NA,NA,NA,NA,NA,1,"test",7,"aut","movement","is moving itself from one side of the box to the other","phy","glass_clay","is made out of clay","y",0.5,NA
"30","1","us","adults","does that mean...?","cb1","R_3lR0LqYqVGzBNid","2014-04-11 11:53:00",3,NA,NA,NA,NA,NA,NA,NA,NA,NA,NA,1,"test",8,"aff","negative","feels sad right now","aff","positive","can feel happy sometimes","y",1.5,NA
"31","1","us","adults","does that mean...?","cb1","R_3lR0LqYqVGzBNid","2014-04-11 11:53:00",3,NA,NA,NA,NA,NA,NA,NA,NA,NA,NA,1,"test",9,"aut","noise","is making sounds on its own","per","vision","can see what the box looks like","n",-0.5,NA
"32","1","us","adults","does that mean...?","cb1","R_3lR0LqYqVGzBNid","2014-04-11 11:53:00",3,NA,NA,NA,NA,NA,NA,NA,NA,NA,NA,1,"test",10,"phy","glass_clay","is made out of glass","phy","metal_plastic","is made out of metal","n",-1.5,NA
"33","1","us","adults","does that mean...?","cb1","R_3lR0LqYqVGzBNid","2014-04-11 11:53:00",3,NA,NA,NA,NA,NA,NA,NA,NA,NA,NA,1,"test",11,"per","hearing","can hear me","aut","movement","can move itself around the box","y",0.5,NA
"34","1","us","adults","does that mean...?","cb1","R_43pNIOadVPn4K3j","2014-04-11 10:26:00",5,NA,NA,NA,NA,NA,NA,NA,NA,"Interesting study!",NA,1,"practice",1,NA,NA,"is purple",NA,NA,"is green","n",-1.5,NA
"35","1","us","adults","does that mean...?","cb1","R_43pNIOadVPn4K3j","2014-04-11 10:26:00",5,NA,NA,NA,NA,NA,NA,NA,NA,"Interesting study!",NA,1,"practice",2,NA,NA,"is walking around",NA,NA,"has legs","y",1.5,NA
"36","1","us","adults","does that mean...?","cb1","R_43pNIOadVPn4K3j","2014-04-11 10:26:00",5,NA,NA,NA,NA,NA,NA,NA,NA,"Interesting study!",NA,1,"practice",3,NA,NA,"is made out of paper",NA,NA,"might rip sometime","y",1.5,NA
"37","1","us","adults","does that mean...?","cb1","R_43pNIOadVPn4K3j","2014-04-11 10:26:00",5,NA,NA,NA,NA,NA,NA,NA,NA,"Interesting study!",NA,1,"test",4,"phy","metal_plastic","is made out of plastic","per","hearing","can hear what's going on around it","n",-0.5,NA
"38","1","us","adults","does that mean...?","cb1","R_43pNIOadVPn4K3j","2014-04-11 10:26:00",5,NA,NA,NA,NA,NA,NA,NA,NA,"Interesting study!",NA,1,"test",5,"aff","positive","is in a good mood right now","aut","noise","can make noises all by itself","y",0.5,NA
"39","1","us","adults","does that mean...?","cb1","R_43pNIOadVPn4K3j","2014-04-11 10:26:00",5,NA,NA,NA,NA,NA,NA,NA,NA,"Interesting study!",NA,1,"test",6,"per","vision","can see me","aff","negative","can be in a bad mood sometimes","y",0.5,NA
"40","1","us","adults","does that mean...?","cb1","R_43pNIOadVPn4K3j","2014-04-11 10:26:00",5,NA,NA,NA,NA,NA,NA,NA,NA,"Interesting study!",NA,1,"test",7,"aut","movement","is moving itself from one side of the box to the other","phy","glass_clay","is made out of clay","n",-1.5,NA
"41","1","us","adults","does that mean...?","cb1","R_43pNIOadVPn4K3j","2014-04-11 10:26:00",5,NA,NA,NA,NA,NA,NA,NA,NA,"Interesting study!",NA,1,"test",8,"aff","negative","feels sad right now","aff","positive","can feel happy sometimes","y",1.5,NA
"42","1","us","adults","does that mean...?","cb1","R_43pNIOadVPn4K3j","2014-04-11 10:26:00",5,NA,NA,NA,NA,NA,NA,NA,NA,"Interesting study!",NA,1,"test",9,"aut","noise","is making sounds on its own","per","vision","can see what the box looks like","y",0.5,NA
"43","1","us","adults","does that mean...?","cb1","R_43pNIOadVPn4K3j","2014-04-11 10:26:00",5,NA,NA,NA,NA,NA,NA,NA,NA,"Interesting study!",NA,1,"test",10,"phy","glass_clay","is made out of glass","phy","metal_plastic","is made out of metal","n",-1.5,NA
"44","1","us","adults","does that mean...?","cb1","R_43pNIOadVPn4K3j","2014-04-11 10:26:00",5,NA,NA,NA,NA,NA,NA,NA,NA,"Interesting study!",NA,1,"test",11,"per","hearing","can hear me","aut","movement","can move itself around the box","y",0.5,NA
"45","1","us","adults","does that mean...?","cb1","R_4JE63h47n2FAI8B","2014-04-11 08:24:00",3,NA,NA,NA,NA,NA,NA,NA,NA,"VERY cute, good luck with your research!",NA,1,"practice",1,NA,NA,"is purple",NA,NA,"is green","n",-1.5,NA
"46","1","us","adults","does that mean...?","cb1","R_4JE63h47n2FAI8B","2014-04-11 08:24:00",3,NA,NA,NA,NA,NA,NA,NA,NA,"VERY cute, good luck with your research!",NA,1,"practice",2,NA,NA,"is walking around",NA,NA,"has legs","y",1.5,NA
"47","1","us","adults","does that mean...?","cb1","R_4JE63h47n2FAI8B","2014-04-11 08:24:00",3,NA,NA,NA,NA,NA,NA,NA,NA,"VERY cute, good luck with your research!",NA,1,"practice",3,NA,NA,"is made out of paper",NA,NA,"might rip sometime","y",0.5,NA
"48","1","us","adults","does that mean...?","cb1","R_4JE63h47n2FAI8B","2014-04-11 08:24:00",3,NA,NA,NA,NA,NA,NA,NA,NA,"VERY cute, good luck with your research!",NA,1,"test",4,"phy","metal_plastic","is made out of plastic","per","hearing","can hear what's going on around it","n",-1.5,NA
"49","1","us","adults","does that mean...?","cb1","R_4JE63h47n2FAI8B","2014-04-11 08:24:00",3,NA,NA,NA,NA,NA,NA,NA,NA,"VERY cute, good luck with your research!",NA,1,"test",5,"aff","positive","is in a good mood right now","aut","noise","can make noises all by itself","y",0.5,NA
"50","1","us","adults","does that mean...?","cb1","R_4JE63h47n2FAI8B","2014-04-11 08:24:00",3,NA,NA,NA,NA,NA,NA,NA,NA,"VERY cute, good luck with your research!",NA,1,"test",6,"per","vision","can see me","aff","negative","can be in a bad mood sometimes","y",0.5,NA
"51","1","us","adults","does that mean...?","cb1","R_4JE63h47n2FAI8B","2014-04-11 08:24:00",3,NA,NA,NA,NA,NA,NA,NA,NA,"VERY cute, good luck with your research!",NA,1,"test",7,"aut","movement","is moving itself from one side of the box to the other","phy","glass_clay","is made out of clay","n",-1.5,NA
"52","1","us","adults","does that mean...?","cb1","R_4JE63h47n2FAI8B","2014-04-11 08:24:00",3,NA,NA,NA,NA,NA,NA,NA,NA,"VERY cute, good luck with your research!",NA,1,"test",8,"aff","negative","feels sad right now","aff","positive","can feel happy sometimes","y",1.5,NA
"53","1","us","adults","does that mean...?","cb1","R_4JE63h47n2FAI8B","2014-04-11 08:24:00",3,NA,NA,NA,NA,NA,NA,NA,NA,"VERY cute, good luck with your research!",NA,1,"test",9,"aut","noise","is making sounds on its own","per","vision","can see what the box looks like","y",0.5,NA
"54","1","us","adults","does that mean...?","cb1","R_4JE63h47n2FAI8B","2014-04-11 08:24:00",3,NA,NA,NA,NA,NA,NA,NA,NA,"VERY cute, good luck with your research!",NA,1,"test",10,"phy","glass_clay","is made out of glass","phy","metal_plastic","is made out of metal","n",-0.5,NA
"55","1","us","adults","does that mean...?","cb1","R_4JE63h47n2FAI8B","2014-04-11 08:24:00",3,NA,NA,NA,NA,NA,NA,NA,NA,"VERY cute, good luck with your research!",NA,1,"test",11,"per","hearing","can hear me","aut","movement","can move itself around the box","y",0.5,NA
"56","1","us","adults","does that mean...?","cb1","R_6fbFiNVB6MFCxCt","2014-04-11 13:19:00",5,NA,NA,NA,NA,NA,NA,NA,NA,NA,NA,1,"practice",1,NA,NA,"is purple",NA,NA,"is green","n",-1.5,NA
"57","1","us","adults","does that mean...?","cb1","R_6fbFiNVB6MFCxCt","2014-04-11 13:19:00",5,NA,NA,NA,NA,NA,NA,NA,NA,NA,NA,1,"practice",2,NA,NA,"is walking around",NA,NA,"has legs","y",1.5,NA
"58","1","us","adults","does that mean...?","cb1","R_6fbFiNVB6MFCxCt","2014-04-11 13:19:00",5,NA,NA,NA,NA,NA,NA,NA,NA,NA,NA,1,"practice",3,NA,NA,"is made out of paper",NA,NA,"might rip sometime","n",-0.5,NA
"59","1","us","adults","does that mean...?","cb1","R_6fbFiNVB6MFCxCt","2014-04-11 13:19:00",5,NA,NA,NA,NA,NA,NA,NA,NA,NA,NA,1,"test",4,"phy","metal_plastic","is made out of plastic","per","hearing","can hear what's going on around it","n",-1.5,NA
"60","1","us","adults","does that mean...?","cb1","R_6fbFiNVB6MFCxCt","2014-04-11 13:19:00",5,NA,NA,NA,NA,NA,NA,NA,NA,NA,NA,1,"test",5,"aff","positive","is in a good mood right now","aut","noise","can make noises all by itself","y",1.5,NA
"61","1","us","adults","does that mean...?","cb1","R_6fbFiNVB6MFCxCt","2014-04-11 13:19:00",5,NA,NA,NA,NA,NA,NA,NA,NA,NA,NA,1,"test",6,"per","vision","can see me","aff","negative","can be in a bad mood sometimes","y",0.5,NA
"62","1","us","adults","does that mean...?","cb1","R_6fbFiNVB6MFCxCt","2014-04-11 13:19:00",5,NA,NA,NA,NA,NA,NA,NA,NA,NA,NA,1,"test",7,"aut","movement","is moving itself from one side of the box to the other","phy","glass_clay","is made out of clay","n",-1.5,NA
"63","1","us","adults","does that mean...?","cb1","R_6fbFiNVB6MFCxCt","2014-04-11 13:19:00",5,NA,NA,NA,NA,NA,NA,NA,NA,NA,NA,1,"test",8,"aff","negative","feels sad right now","aff","positive","can feel happy sometimes","y",1.5,NA
"64","1","us","adults","does that mean...?","cb1","R_6fbFiNVB6MFCxCt","2014-04-11 13:19:00",5,NA,NA,NA,NA,NA,NA,NA,NA,NA,NA,1,"test",9,"aut","noise","is making sounds on its own","per","vision","can see what the box looks like","y",0.5,NA
"65","1","us","adults","does that mean...?","cb1","R_6fbFiNVB6MFCxCt","2014-04-11 13:19:00",5,NA,NA,NA,NA,NA,NA,NA,NA,NA,NA,1,"test",10,"phy","glass_clay","is made out of glass","phy","metal_plastic","is made out of metal","n",-1.5,NA
"66","1","us","adults","does that mean...?","cb1","R_6fbFiNVB6MFCxCt","2014-04-11 13:19:00",5,NA,NA,NA,NA,NA,NA,NA,NA,NA,NA,1,"test",11,"per","hearing","can hear me","aut","movement","can move itself around the box","y",0.5,NA
"67","1","us","adults","does that mean...?","cb1","R_6lh2AAf2dfziuYR","2014-04-11 19:29:00",2,NA,NA,NA,NA,NA,NA,NA,NA,NA,NA,1,"practice",1,NA,NA,"is purple",NA,NA,"is green","n",-1.5,NA
"68","1","us","adults","does that mean...?","cb1","R_6lh2AAf2dfziuYR","2014-04-11 19:29:00",2,NA,NA,NA,NA,NA,NA,NA,NA,NA,NA,1,"practice",2,NA,NA,"is walking around",NA,NA,"has legs","y",1.5,NA
"69","1","us","adults","does that mean...?","cb1","R_6lh2AAf2dfziuYR","2014-04-11 19:29:00",2,NA,NA,NA,NA,NA,NA,NA,NA,NA,NA,1,"practice",3,NA,NA,"is made out of paper",NA,NA,"might rip sometime","n",-1.5,NA
"70","1","us","adults","does that mean...?","cb1","R_6lh2AAf2dfziuYR","2014-04-11 19:29:00",2,NA,NA,NA,NA,NA,NA,NA,NA,NA,NA,1,"test",4,"phy","metal_plastic","is made out of plastic","per","hearing","can hear what's going on around it","n",-1.5,NA
"71","1","us","adults","does that mean...?","cb1","R_6lh2AAf2dfziuYR","2014-04-11 19:29:00",2,NA,NA,NA,NA,NA,NA,NA,NA,NA,NA,1,"test",5,"aff","positive","is in a good mood right now","aut","noise","can make noises all by itself","y",1.5,NA
"72","1","us","adults","does that mean...?","cb1","R_6lh2AAf2dfziuYR","2014-04-11 19:29:00",2,NA,NA,NA,NA,NA,NA,NA,NA,NA,NA,1,"test",6,"per","vision","can see me","aff","negative","can be in a bad mood sometimes","y",0.5,NA
"73","1","us","adults","does that mean...?","cb1","R_6lh2AAf2dfziuYR","2014-04-11 19:29:00",2,NA,NA,NA,NA,NA,NA,NA,NA,NA,NA,1,"test",7,"aut","movement","is moving itself from one side of the box to the other","phy","glass_clay","is made out of clay","n",-1.5,NA
"74","1","us","adults","does that mean...?","cb1","R_6lh2AAf2dfziuYR","2014-04-11 19:29:00",2,NA,NA,NA,NA,NA,NA,NA,NA,NA,NA,1,"test",8,"aff","negative","feels sad right now","aff","positive","can feel happy sometimes","y",1.5,NA
"75","1","us","adults","does that mean...?","cb1","R_6lh2AAf2dfziuYR","2014-04-11 19:29:00",2,NA,NA,NA,NA,NA,NA,NA,NA,NA,NA,1,"test",9,"aut","noise","is making sounds on its own","per","vision","can see what the box looks like","y",0.5,NA
"76","1","us","adults","does that mean...?","cb1","R_6lh2AAf2dfziuYR","2014-04-11 19:29:00",2,NA,NA,NA,NA,NA,NA,NA,NA,NA,NA,1,"test",10,"phy","glass_clay","is made out of glass","phy","metal_plastic","is made out of metal","n",-1.5,NA
"77","1","us","adults","does that mean...?","cb1","R_6lh2AAf2dfziuYR","2014-04-11 19:29:00",2,NA,NA,NA,NA,NA,NA,NA,NA,NA,NA,1,"test",11,"per","hearing","can hear me","aut","movement","can move itself around the box","y",1.5,NA
"78","1","us","adults","does that mean...?","cb1","R_bd25EJwQ3sUzNw9","2014-04-11 07:33:00",2,NA,NA,NA,NA,NA,NA,NA,NA,NA,NA,1,"practice",1,NA,NA,"is purple",NA,NA,"is green","n",-1.5,NA
"79","1","us","adults","does that mean...?","cb1","R_bd25EJwQ3sUzNw9","2014-04-11 07:33:00",2,NA,NA,NA,NA,NA,NA,NA,NA,NA,NA,1,"practice",2,NA,NA,"is walking around",NA,NA,"has legs","y",1.5,NA
"80","1","us","adults","does that mean...?","cb1","R_bd25EJwQ3sUzNw9","2014-04-11 07:33:00",2,NA,NA,NA,NA,NA,NA,NA,NA,NA,NA,1,"practice",3,NA,NA,"is made out of paper",NA,NA,"might rip sometime","y",1.5,NA
"81","1","us","adults","does that mean...?","cb1","R_bd25EJwQ3sUzNw9","2014-04-11 07:33:00",2,NA,NA,NA,NA,NA,NA,NA,NA,NA,NA,1,"test",4,"phy","metal_plastic","is made out of plastic","per","hearing","can hear what's going on around it","y",0.5,NA
"82","1","us","adults","does that mean...?","cb1","R_bd25EJwQ3sUzNw9","2014-04-11 07:33:00",2,NA,NA,NA,NA,NA,NA,NA,NA,NA,NA,1,"test",5,"aff","positive","is in a good mood right now","aut","noise","can make noises all by itself","y",0.5,NA
"83","1","us","adults","does that mean...?","cb1","R_bd25EJwQ3sUzNw9","2014-04-11 07:33:00",2,NA,NA,NA,NA,NA,NA,NA,NA,NA,NA,1,"test",6,"per","vision","can see me","aff","negative","can be in a bad mood sometimes","y",0.5,NA
"84","1","us","adults","does that mean...?","cb1","R_bd25EJwQ3sUzNw9","2014-04-11 07:33:00",2,NA,NA,NA,NA,NA,NA,NA,NA,NA,NA,1,"test",7,"aut","movement","is moving itself from one side of the box to the other","phy","glass_clay","is made out of clay","n",-0.5,NA
"85","1","us","adults","does that mean...?","cb1","R_bd25EJwQ3sUzNw9","2014-04-11 07:33:00",2,NA,NA,NA,NA,NA,NA,NA,NA,NA,NA,1,"test",8,"aff","negative","feels sad right now","aff","positive","can feel happy sometimes","y",0.5,NA
"86","1","us","adults","does that mean...?","cb1","R_bd25EJwQ3sUzNw9","2014-04-11 07:33:00",2,NA,NA,NA,NA,NA,NA,NA,NA,NA,NA,1,"test",9,"aut","noise","is making sounds on its own","per","vision","can see what the box looks like","y",0.5,NA
"87","1","us","adults","does that mean...?","cb1","R_bd25EJwQ3sUzNw9","2014-04-11 07:33:00",2,NA,NA,NA,NA,NA,NA,NA,NA,NA,NA,1,"test",10,"phy","glass_clay","is made out of glass","phy","metal_plastic","is made out of metal","n",-1.5,NA
"88","1","us","adults","does that mean...?","cb1","R_bd25EJwQ3sUzNw9","2014-04-11 07:33:00",2,NA,NA,NA,NA,NA,NA,NA,NA,NA,NA,1,"test",11,"per","hearing","can hear me","aut","movement","can move itself around the box","y",0.5,NA
"89","1","us","adults","does that mean...?","cb1","R_bJX8RWTZ7RaV8HP","2014-04-11 09:10:00",4,NA,NA,NA,NA,NA,NA,NA,NA,NA,NA,1,"practice",1,NA,NA,"is purple",NA,NA,"is green","n",-1.5,NA
"90","1","us","adults","does that mean...?","cb1","R_bJX8RWTZ7RaV8HP","2014-04-11 09:10:00",4,NA,NA,NA,NA,NA,NA,NA,NA,NA,NA,1,"practice",2,NA,NA,"is walking around",NA,NA,"has legs","n",-1.5,NA
"91","1","us","adults","does that mean...?","cb1","R_bJX8RWTZ7RaV8HP","2014-04-11 09:10:00",4,NA,NA,NA,NA,NA,NA,NA,NA,NA,NA,1,"practice",3,NA,NA,"is made out of paper",NA,NA,"might rip sometime","y",1.5,NA
"92","1","us","adults","does that mean...?","cb1","R_bJX8RWTZ7RaV8HP","2014-04-11 09:10:00",4,NA,NA,NA,NA,NA,NA,NA,NA,NA,NA,1,"test",4,"phy","metal_plastic","is made out of plastic","per","hearing","can hear what's going on around it","n",-1.5,NA
"93","1","us","adults","does that mean...?","cb1","R_bJX8RWTZ7RaV8HP","2014-04-11 09:10:00",4,NA,NA,NA,NA,NA,NA,NA,NA,NA,NA,1,"test",5,"aff","positive","is in a good mood right now","aut","noise","can make noises all by itself","y",0.5,NA
"94","1","us","adults","does that mean...?","cb1","R_bJX8RWTZ7RaV8HP","2014-04-11 09:10:00",4,NA,NA,NA,NA,NA,NA,NA,NA,NA,NA,1,"test",6,"per","vision","can see me","aff","negative","can be in a bad mood sometimes","y",0.5,NA
"95","1","us","adults","does that mean...?","cb1","R_bJX8RWTZ7RaV8HP","2014-04-11 09:10:00",4,NA,NA,NA,NA,NA,NA,NA,NA,NA,NA,1,"test",7,"aut","movement","is moving itself from one side of the box to the other","phy","glass_clay","is made out of clay","n",-1.5,NA
"96","1","us","adults","does that mean...?","cb1","R_bJX8RWTZ7RaV8HP","2014-04-11 09:10:00",4,NA,NA,NA,NA,NA,NA,NA,NA,NA,NA,1,"test",8,"aff","negative","feels sad right now","aff","positive","can feel happy sometimes","y",1.5,NA
"97","1","us","adults","does that mean...?","cb1","R_bJX8RWTZ7RaV8HP","2014-04-11 09:10:00",4,NA,NA,NA,NA,NA,NA,NA,NA,NA,NA,1,"test",9,"aut","noise","is making sounds on its own","per","vision","can see what the box looks like","y",0.5,NA
"98","1","us","adults","does that mean...?","cb1","R_bJX8RWTZ7RaV8HP","2014-04-11 09:10:00",4,NA,NA,NA,NA,NA,NA,NA,NA,NA,NA,1,"test",10,"phy","glass_clay","is made out of glass","phy","metal_plastic","is made out of metal","n",-1.5,NA
"99","1","us","adults","does that mean...?","cb1","R_bJX8RWTZ7RaV8HP","2014-04-11 09:10:00",4,NA,NA,NA,NA,NA,NA,NA,NA,NA,NA,1,"test",11,"per","hearing","can hear me","aut","movement","can move itself around the box","y",0.5,NA
"100","1","us","adults","does that mean...?","cb1","R_eew5IppVb3Amjad","2014-04-11 07:33:00",4,NA,NA,NA,NA,NA,NA,NA,NA,"Thank you, maybe put the reminder of what items can be found in the survey just as a reminder to the person, especially if they are children. Thank You.",NA,1,"practice",1,NA,NA,"is purple",NA,NA,"is green","n",-1.5,NA
"101","1","us","adults","does that mean...?","cb1","R_eew5IppVb3Amjad","2014-04-11 07:33:00",4,NA,NA,NA,NA,NA,NA,NA,NA,"Thank you, maybe put the reminder of what items can be found in the survey just as a reminder to the person, especially if they are children. Thank You.",NA,1,"practice",2,NA,NA,"is walking around",NA,NA,"has legs","y",0.5,NA
"102","1","us","adults","does that mean...?","cb1","R_eew5IppVb3Amjad","2014-04-11 07:33:00",4,NA,NA,NA,NA,NA,NA,NA,NA,"Thank you, maybe put the reminder of what items can be found in the survey just as a reminder to the person, especially if they are children. Thank You.",NA,1,"practice",3,NA,NA,"is made out of paper",NA,NA,"might rip sometime","y",1.5,NA
"103","1","us","adults","does that mean...?","cb1","R_eew5IppVb3Amjad","2014-04-11 07:33:00",4,NA,NA,NA,NA,NA,NA,NA,NA,"Thank you, maybe put the reminder of what items can be found in the survey just as a reminder to the person, especially if they are children. Thank You.",NA,1,"test",4,"phy","metal_plastic","is made out of plastic","per","hearing","can hear what's going on around it","n",-0.5,NA
"104","1","us","adults","does that mean...?","cb1","R_eew5IppVb3Amjad","2014-04-11 07:33:00",4,NA,NA,NA,NA,NA,NA,NA,NA,"Thank you, maybe put the reminder of what items can be found in the survey just as a reminder to the person, especially if they are children. Thank You.",NA,1,"test",5,"aff","positive","is in a good mood right now","aut","noise","can make noises all by itself","y",0.5,NA
"105","1","us","adults","does that mean...?","cb1","R_eew5IppVb3Amjad","2014-04-11 07:33:00",4,NA,NA,NA,NA,NA,NA,NA,NA,"Thank you, maybe put the reminder of what items can be found in the survey just as a reminder to the person, especially if they are children. Thank You.",NA,1,"test",6,"per","vision","can see me","aff","negative","can be in a bad mood sometimes","y",0.5,NA
"106","1","us","adults","does that mean...?","cb1","R_eew5IppVb3Amjad","2014-04-11 07:33:00",4,NA,NA,NA,NA,NA,NA,NA,NA,"Thank you, maybe put the reminder of what items can be found in the survey just as a reminder to the person, especially if they are children. Thank You.",NA,1,"test",7,"aut","movement","is moving itself from one side of the box to the other","phy","glass_clay","is made out of clay","n",-1.5,NA
"107","1","us","adults","does that mean...?","cb1","R_eew5IppVb3Amjad","2014-04-11 07:33:00",4,NA,NA,NA,NA,NA,NA,NA,NA,"Thank you, maybe put the reminder of what items can be found in the survey just as a reminder to the person, especially if they are children. Thank You.",NA,1,"test",8,"aff","negative","feels sad right now","aff","positive","can feel happy sometimes","y",1.5,NA
"108","1","us","adults","does that mean...?","cb1","R_eew5IppVb3Amjad","2014-04-11 07:33:00",4,NA,NA,NA,NA,NA,NA,NA,NA,"Thank you, maybe put the reminder of what items can be found in the survey just as a reminder to the person, especially if they are children. Thank You.",NA,1,"test",9,"aut","noise","is making sounds on its own","per","vision","can see what the box looks like","n",-0.5,NA
"109","1","us","adults","does that mean...?","cb1","R_eew5IppVb3Amjad","2014-04-11 07:33:00",4,NA,NA,NA,NA,NA,NA,NA,NA,"Thank you, maybe put the reminder of what items can be found in the survey just as a reminder to the person, especially if they are children. Thank You.",NA,1,"test",10,"phy","glass_clay","is made out of glass","phy","metal_plastic","is made out of metal","n",-1.5,NA
"110","1","us","adults","does that mean...?","cb1","R_eew5IppVb3Amjad","2014-04-11 07:33:00",4,NA,NA,NA,NA,NA,NA,NA,NA,"Thank you, maybe put the reminder of what items can be found in the survey just as a reminder to the person, especially if they are children. Thank You.",NA,1,"test",11,"per","hearing","can hear me","aut","movement","can move itself around the box","y",0.5,NA
"111","1","us","adults","does that mean...?","cb1","R_1ImcV20k3mZ4EwB","2014-04-11 12:16:00",4,NA,NA,NA,NA,NA,NA,NA,NA,NA,NA,2,"practice",1,NA,NA,"is purple",NA,NA,"is green","n",-1.5,NA
"112","1","us","adults","does that mean...?","cb1","R_1ImcV20k3mZ4EwB","2014-04-11 12:16:00",4,NA,NA,NA,NA,NA,NA,NA,NA,NA,NA,2,"practice",2,NA,NA,"is walking around",NA,NA,"has legs","y",1.5,NA
"113","1","us","adults","does that mean...?","cb1","R_1ImcV20k3mZ4EwB","2014-04-11 12:16:00",4,NA,NA,NA,NA,NA,NA,NA,NA,NA,NA,2,"practice",3,NA,NA,"is made out of paper",NA,NA,"might rip sometime","y",1.5,NA
"114","1","us","adults","does that mean...?","cb1","R_1ImcV20k3mZ4EwB","2014-04-11 12:16:00",4,NA,NA,NA,NA,NA,NA,NA,NA,NA,NA,2,"test",4,"per","vision","can see what the box looks like","aut","noise","can make noises all by itself","y",0.5,NA
"115","1","us","adults","does that mean...?","cb1","R_1ImcV20k3mZ4EwB","2014-04-11 12:16:00",4,NA,NA,NA,NA,NA,NA,NA,NA,NA,NA,2,"test",5,"phy","glass_clay","is made out of clay","phy","metal_plastic","is made out of plastic","n",-1.5,NA
"116","1","us","adults","does that mean...?","cb1","R_1ImcV20k3mZ4EwB","2014-04-11 12:16:00",4,NA,NA,NA,NA,NA,NA,NA,NA,NA,NA,2,"test",6,"aut","movement","is moving itself from one side of the box to the other","per","hearing","can hear me","y",0.5,NA
"117","1","us","adults","does that mean...?","cb1","R_1ImcV20k3mZ4EwB","2014-04-11 12:16:00",4,NA,NA,NA,NA,NA,NA,NA,NA,NA,NA,2,"test",7,"aff","negative","is in a bad mood right now","aff","positive","can be in a good mood sometimes","y",0.5,NA
"118","1","us","adults","does that mean...?","cb1","R_1ImcV20k3mZ4EwB","2014-04-11 12:16:00",4,NA,NA,NA,NA,NA,NA,NA,NA,NA,NA,2,"test",8,"aut","noise","is making sounds on its own","phy","glass_clay","is made out of glass","n",-1.5,NA
"119","1","us","adults","does that mean...?","cb1","R_1ImcV20k3mZ4EwB","2014-04-11 12:16:00",4,NA,NA,NA,NA,NA,NA,NA,NA,NA,NA,2,"test",9,"per","hearing","can hear what's going on around it","aff","negative","can feel sad sometimes","y",0.5,NA
"120","1","us","adults","does that mean...?","cb1","R_1ImcV20k3mZ4EwB","2014-04-11 12:16:00",4,NA,NA,NA,NA,NA,NA,NA,NA,NA,NA,2,"test",10,"aff","positive","feels happy right now","aut","movement","can move itself around the box","y",0.5,NA
"121","1","us","adults","does that mean...?","cb1","R_1ImcV20k3mZ4EwB","2014-04-11 12:16:00",4,NA,NA,NA,NA,NA,NA,NA,NA,NA,NA,2,"test",11,"phy","metal_plastic","is made out of metal","per","vision","can see me","n",-1.5,NA
"122","1","us","adults","does that mean...?","cb1","R_3DFVB29swcYcMaF","2014-04-11 08:15:00",3,NA,NA,NA,NA,NA,NA,NA,NA,NA,NA,2,"practice",1,NA,NA,"is purple",NA,NA,"is green","n",-1.5,NA
"123","1","us","adults","does that mean...?","cb1","R_3DFVB29swcYcMaF","2014-04-11 08:15:00",3,NA,NA,NA,NA,NA,NA,NA,NA,NA,NA,2,"practice",2,NA,NA,"is walking around",NA,NA,"has legs","y",1.5,NA
"124","1","us","adults","does that mean...?","cb1","R_3DFVB29swcYcMaF","2014-04-11 08:15:00",3,NA,NA,NA,NA,NA,NA,NA,NA,NA,NA,2,"practice",3,NA,NA,"is made out of paper",NA,NA,"might rip sometime","y",0.5,NA
"125","1","us","adults","does that mean...?","cb1","R_3DFVB29swcYcMaF","2014-04-11 08:15:00",3,NA,NA,NA,NA,NA,NA,NA,NA,NA,NA,2,"test",4,"per","vision","can see what the box looks like","aut","noise","can make noises all by itself","y",0.5,NA
"126","1","us","adults","does that mean...?","cb1","R_3DFVB29swcYcMaF","2014-04-11 08:15:00",3,NA,NA,NA,NA,NA,NA,NA,NA,NA,NA,2,"test",5,"phy","glass_clay","is made out of clay","phy","metal_plastic","is made out of plastic","n",-1.5,NA
"127","1","us","adults","does that mean...?","cb1","R_3DFVB29swcYcMaF","2014-04-11 08:15:00",3,NA,NA,NA,NA,NA,NA,NA,NA,NA,NA,2,"test",6,"aut","movement","is moving itself from one side of the box to the other","per","hearing","can hear me","n",-1.5,NA
"128","1","us","adults","does that mean...?","cb1","R_3DFVB29swcYcMaF","2014-04-11 08:15:00",3,NA,NA,NA,NA,NA,NA,NA,NA,NA,NA,2,"test",7,"aff","negative","is in a bad mood right now","aff","positive","can be in a good mood sometimes","y",1.5,NA
"129","1","us","adults","does that mean...?","cb1","R_3DFVB29swcYcMaF","2014-04-11 08:15:00",3,NA,NA,NA,NA,NA,NA,NA,NA,NA,NA,2,"test",8,"aut","noise","is making sounds on its own","phy","glass_clay","is made out of glass","n",-1.5,NA
"130","1","us","adults","does that mean...?","cb1","R_3DFVB29swcYcMaF","2014-04-11 08:15:00",3,NA,NA,NA,NA,NA,NA,NA,NA,NA,NA,2,"test",9,"per","hearing","can hear what's going on around it","aff","negative","can feel sad sometimes","y",0.5,NA
"131","1","us","adults","does that mean...?","cb1","R_3DFVB29swcYcMaF","2014-04-11 08:15:00",3,NA,NA,NA,NA,NA,NA,NA,NA,NA,NA,2,"test",10,"aff","positive","feels happy right now","aut","movement","can move itself around the box","n",-1.5,NA
"132","1","us","adults","does that mean...?","cb1","R_3DFVB29swcYcMaF","2014-04-11 08:15:00",3,NA,NA,NA,NA,NA,NA,NA,NA,NA,NA,2,"test",11,"phy","metal_plastic","is made out of metal","per","vision","can see me","n",-1.5,NA
"133","1","us","adults","does that mean...?","cb1","R_6MbAhRcU7sIPx9r","2014-04-11 16:11:00",4,NA,NA,NA,NA,NA,NA,NA,NA,"No thank you.",NA,2,"practice",1,NA,NA,"is purple",NA,NA,"is green","n",-1.5,NA
"134","1","us","adults","does that mean...?","cb1","R_6MbAhRcU7sIPx9r","2014-04-11 16:11:00",4,NA,NA,NA,NA,NA,NA,NA,NA,"No thank you.",NA,2,"practice",2,NA,NA,"is walking around",NA,NA,"has legs","y",1.5,NA
"135","1","us","adults","does that mean...?","cb1","R_6MbAhRcU7sIPx9r","2014-04-11 16:11:00",4,NA,NA,NA,NA,NA,NA,NA,NA,"No thank you.",NA,2,"practice",3,NA,NA,"is made out of paper",NA,NA,"might rip sometime","y",0.5,NA
"136","1","us","adults","does that mean...?","cb1","R_6MbAhRcU7sIPx9r","2014-04-11 16:11:00",4,NA,NA,NA,NA,NA,NA,NA,NA,"No thank you.",NA,2,"test",4,"per","vision","can see what the box looks like","aut","noise","can make noises all by itself","n",-0.5,NA
"137","1","us","adults","does that mean...?","cb1","R_6MbAhRcU7sIPx9r","2014-04-11 16:11:00",4,NA,NA,NA,NA,NA,NA,NA,NA,"No thank you.",NA,2,"test",5,"phy","glass_clay","is made out of clay","phy","metal_plastic","is made out of plastic","n",-1.5,NA
"138","1","us","adults","does that mean...?","cb1","R_6MbAhRcU7sIPx9r","2014-04-11 16:11:00",4,NA,NA,NA,NA,NA,NA,NA,NA,"No thank you.",NA,2,"test",6,"aut","movement","is moving itself from one side of the box to the other","per","hearing","can hear me","y",0.5,NA
"139","1","us","adults","does that mean...?","cb1","R_6MbAhRcU7sIPx9r","2014-04-11 16:11:00",4,NA,NA,NA,NA,NA,NA,NA,NA,"No thank you.",NA,2,"test",7,"aff","negative","is in a bad mood right now","aff","positive","can be in a good mood sometimes","y",1.5,NA
"140","1","us","adults","does that mean...?","cb1","R_6MbAhRcU7sIPx9r","2014-04-11 16:11:00",4,NA,NA,NA,NA,NA,NA,NA,NA,"No thank you.",NA,2,"test",8,"aut","noise","is making sounds on its own","phy","glass_clay","is made out of glass","n",-1.5,NA
"141","1","us","adults","does that mean...?","cb1","R_6MbAhRcU7sIPx9r","2014-04-11 16:11:00",4,NA,NA,NA,NA,NA,NA,NA,NA,"No thank you.",NA,2,"test",9,"per","hearing","can hear what's going on around it","aff","negative","can feel sad sometimes","y",0.5,NA
"142","1","us","adults","does that mean...?","cb1","R_6MbAhRcU7sIPx9r","2014-04-11 16:11:00",4,NA,NA,NA,NA,NA,NA,NA,NA,"No thank you.",NA,2,"test",10,"aff","positive","feels happy right now","aut","movement","can move itself around the box","y",0.5,NA
"143","1","us","adults","does that mean...?","cb1","R_6MbAhRcU7sIPx9r","2014-04-11 16:11:00",4,NA,NA,NA,NA,NA,NA,NA,NA,"No thank you.",NA,2,"test",11,"phy","metal_plastic","is made out of metal","per","vision","can see me","n",-1.5,NA
"144","1","us","adults","does that mean...?","cb1","R_7PwhzIUg22D1qO9","2014-04-11 18:08:00",6,NA,NA,NA,NA,NA,NA,NA,NA,NA,NA,2,"practice",1,NA,NA,"is purple",NA,NA,"is green","n",-1.5,NA
"145","1","us","adults","does that mean...?","cb1","R_7PwhzIUg22D1qO9","2014-04-11 18:08:00",6,NA,NA,NA,NA,NA,NA,NA,NA,NA,NA,2,"practice",2,NA,NA,"is walking around",NA,NA,"has legs","y",1.5,NA
"146","1","us","adults","does that mean...?","cb1","R_7PwhzIUg22D1qO9","2014-04-11 18:08:00",6,NA,NA,NA,NA,NA,NA,NA,NA,NA,NA,2,"practice",3,NA,NA,"is made out of paper",NA,NA,"might rip sometime","y",1.5,NA
"147","1","us","adults","does that mean...?","cb1","R_7PwhzIUg22D1qO9","2014-04-11 18:08:00",6,NA,NA,NA,NA,NA,NA,NA,NA,NA,NA,2,"test",4,"per","vision","can see what the box looks like","aut","noise","can make noises all by itself","n",-1.5,NA
"148","1","us","adults","does that mean...?","cb1","R_7PwhzIUg22D1qO9","2014-04-11 18:08:00",6,NA,NA,NA,NA,NA,NA,NA,NA,NA,NA,2,"test",5,"phy","glass_clay","is made out of clay","phy","metal_plastic","is made out of plastic","n",-1.5,NA
"149","1","us","adults","does that mean...?","cb1","R_7PwhzIUg22D1qO9","2014-04-11 18:08:00",6,NA,NA,NA,NA,NA,NA,NA,NA,NA,NA,2,"test",6,"aut","movement","is moving itself from one side of the box to the other","per","hearing","can hear me","n",-1.5,NA
"150","1","us","adults","does that mean...?","cb1","R_7PwhzIUg22D1qO9","2014-04-11 18:08:00",6,NA,NA,NA,NA,NA,NA,NA,NA,NA,NA,2,"test",7,"aff","negative","is in a bad mood right now","aff","positive","can be in a good mood sometimes","y",0.5,NA
"151","1","us","adults","does that mean...?","cb1","R_7PwhzIUg22D1qO9","2014-04-11 18:08:00",6,NA,NA,NA,NA,NA,NA,NA,NA,NA,NA,2,"test",8,"aut","noise","is making sounds on its own","phy","glass_clay","is made out of glass","n",-1.5,NA
"152","1","us","adults","does that mean...?","cb1","R_7PwhzIUg22D1qO9","2014-04-11 18:08:00",6,NA,NA,NA,NA,NA,NA,NA,NA,NA,NA,2,"test",9,"per","hearing","can hear what's going on around it","aff","negative","can feel sad sometimes","y",0.5,NA
"153","1","us","adults","does that mean...?","cb1","R_7PwhzIUg22D1qO9","2014-04-11 18:08:00",6,NA,NA,NA,NA,NA,NA,NA,NA,NA,NA,2,"test",10,"aff","positive","feels happy right now","aut","movement","can move itself around the box","n",-1.5,NA
"154","1","us","adults","does that mean...?","cb1","R_7PwhzIUg22D1qO9","2014-04-11 18:08:00",6,NA,NA,NA,NA,NA,NA,NA,NA,NA,NA,2,"test",11,"phy","metal_plastic","is made out of metal","per","vision","can see me","n",-1.5,NA
"155","1","us","adults","does that mean...?","cb1","R_9Ntcpm8QUPvjW5v","2014-04-11 09:50:00",6,NA,NA,NA,NA,NA,NA,NA,NA,"Felt like that whole white swan black swan thing -  /  / Best, ",NA,2,"practice",1,NA,NA,"is purple",NA,NA,"is green","n",-1.5,NA
"156","1","us","adults","does that mean...?","cb1","R_9Ntcpm8QUPvjW5v","2014-04-11 09:50:00",6,NA,NA,NA,NA,NA,NA,NA,NA,"Felt like that whole white swan black swan thing -  /  / Best, ",NA,2,"practice",2,NA,NA,"is walking around",NA,NA,"has legs","y",0.5,NA
"157","1","us","adults","does that mean...?","cb1","R_9Ntcpm8QUPvjW5v","2014-04-11 09:50:00",6,NA,NA,NA,NA,NA,NA,NA,NA,"Felt like that whole white swan black swan thing -  /  / Best, ",NA,2,"practice",3,NA,NA,"is made out of paper",NA,NA,"might rip sometime","y",0.5,NA
"158","1","us","adults","does that mean...?","cb1","R_9Ntcpm8QUPvjW5v","2014-04-11 09:50:00",6,NA,NA,NA,NA,NA,NA,NA,NA,"Felt like that whole white swan black swan thing -  /  / Best, ",NA,2,"test",4,"per","vision","can see what the box looks like","aut","noise","can make noises all by itself","y",1.5,NA
"159","1","us","adults","does that mean...?","cb1","R_9Ntcpm8QUPvjW5v","2014-04-11 09:50:00",6,NA,NA,NA,NA,NA,NA,NA,NA,"Felt like that whole white swan black swan thing -  /  / Best, ",NA,2,"test",5,"phy","glass_clay","is made out of clay","phy","metal_plastic","is made out of plastic","n",-1.5,NA
"160","1","us","adults","does that mean...?","cb1","R_9Ntcpm8QUPvjW5v","2014-04-11 09:50:00",6,NA,NA,NA,NA,NA,NA,NA,NA,"Felt like that whole white swan black swan thing -  /  / Best, ",NA,2,"test",6,"aut","movement","is moving itself from one side of the box to the other","per","hearing","can hear me","y",0.5,NA
"161","1","us","adults","does that mean...?","cb1","R_9Ntcpm8QUPvjW5v","2014-04-11 09:50:00",6,NA,NA,NA,NA,NA,NA,NA,NA,"Felt like that whole white swan black swan thing -  /  / Best, ",NA,2,"test",7,"aff","negative","is in a bad mood right now","aff","positive","can be in a good mood sometimes","y",1.5,NA
"162","1","us","adults","does that mean...?","cb1","R_9Ntcpm8QUPvjW5v","2014-04-11 09:50:00",6,NA,NA,NA,NA,NA,NA,NA,NA,"Felt like that whole white swan black swan thing -  /  / Best, ",NA,2,"test",8,"aut","noise","is making sounds on its own","phy","glass_clay","is made out of glass","n",-1.5,NA
"163","1","us","adults","does that mean...?","cb1","R_9Ntcpm8QUPvjW5v","2014-04-11 09:50:00",6,NA,NA,NA,NA,NA,NA,NA,NA,"Felt like that whole white swan black swan thing -  /  / Best, ",NA,2,"test",9,"per","hearing","can hear what's going on around it","aff","negative","can feel sad sometimes","y",1.5,NA
"164","1","us","adults","does that mean...?","cb1","R_9Ntcpm8QUPvjW5v","2014-04-11 09:50:00",6,NA,NA,NA,NA,NA,NA,NA,NA,"Felt like that whole white swan black swan thing -  /  / Best, ",NA,2,"test",10,"aff","positive","feels happy right now","aut","movement","can move itself around the box","y",1.5,NA
"165","1","us","adults","does that mean...?","cb1","R_9Ntcpm8QUPvjW5v","2014-04-11 09:50:00",6,NA,NA,NA,NA,NA,NA,NA,NA,"Felt like that whole white swan black swan thing -  /  / Best, ",NA,2,"test",11,"phy","metal_plastic","is made out of metal","per","vision","can see me","n",-1.5,NA
"166","1","us","adults","does that mean...?","cb1","R_9pNclA2NiFkDCMl","2014-04-11 09:14:00",3,NA,NA,NA,NA,NA,NA,NA,NA,NA,NA,2,"practice",1,NA,NA,"is purple",NA,NA,"is green","n",-1.5,NA
"167","1","us","adults","does that mean...?","cb1","R_9pNclA2NiFkDCMl","2014-04-11 09:14:00",3,NA,NA,NA,NA,NA,NA,NA,NA,NA,NA,2,"practice",2,NA,NA,"is walking around",NA,NA,"has legs","y",1.5,NA
"168","1","us","adults","does that mean...?","cb1","R_9pNclA2NiFkDCMl","2014-04-11 09:14:00",3,NA,NA,NA,NA,NA,NA,NA,NA,NA,NA,2,"practice",3,NA,NA,"is made out of paper",NA,NA,"might rip sometime","y",1.5,NA
"169","1","us","adults","does that mean...?","cb1","R_9pNclA2NiFkDCMl","2014-04-11 09:14:00",3,NA,NA,NA,NA,NA,NA,NA,NA,NA,NA,2,"test",4,"per","vision","can see what the box looks like","aut","noise","can make noises all by itself","y",0.5,NA
"170","1","us","adults","does that mean...?","cb1","R_9pNclA2NiFkDCMl","2014-04-11 09:14:00",3,NA,NA,NA,NA,NA,NA,NA,NA,NA,NA,2,"test",5,"phy","glass_clay","is made out of clay","phy","metal_plastic","is made out of plastic","n",-1.5,NA
"171","1","us","adults","does that mean...?","cb1","R_9pNclA2NiFkDCMl","2014-04-11 09:14:00",3,NA,NA,NA,NA,NA,NA,NA,NA,NA,NA,2,"test",6,"aut","movement","is moving itself from one side of the box to the other","per","hearing","can hear me","y",0.5,NA
"172","1","us","adults","does that mean...?","cb1","R_9pNclA2NiFkDCMl","2014-04-11 09:14:00",3,NA,NA,NA,NA,NA,NA,NA,NA,NA,NA,2,"test",7,"aff","negative","is in a bad mood right now","aff","positive","can be in a good mood sometimes","y",1.5,NA
"173","1","us","adults","does that mean...?","cb1","R_9pNclA2NiFkDCMl","2014-04-11 09:14:00",3,NA,NA,NA,NA,NA,NA,NA,NA,NA,NA,2,"test",8,"aut","noise","is making sounds on its own","phy","glass_clay","is made out of glass","n",-0.5,NA
"174","1","us","adults","does that mean...?","cb1","R_9pNclA2NiFkDCMl","2014-04-11 09:14:00",3,NA,NA,NA,NA,NA,NA,NA,NA,NA,NA,2,"test",9,"per","hearing","can hear what's going on around it","aff","negative","can feel sad sometimes","y",0.5,NA
"175","1","us","adults","does that mean...?","cb1","R_9pNclA2NiFkDCMl","2014-04-11 09:14:00",3,NA,NA,NA,NA,NA,NA,NA,NA,NA,NA,2,"test",10,"aff","positive","feels happy right now","aut","movement","can move itself around the box","y",0.5,NA
"176","1","us","adults","does that mean...?","cb1","R_9pNclA2NiFkDCMl","2014-04-11 09:14:00",3,NA,NA,NA,NA,NA,NA,NA,NA,NA,NA,2,"test",11,"phy","metal_plastic","is made out of metal","per","vision","can see me","n",-1.5,NA
"177","1","us","adults","does that mean...?","cb1","R_9zaRqTKdZuyTAlD","2014-04-11 07:33:00",4,NA,NA,NA,NA,NA,NA,NA,NA,NA,NA,2,"practice",1,NA,NA,"is purple",NA,NA,"is green","n",-1.5,NA
"178","1","us","adults","does that mean...?","cb1","R_9zaRqTKdZuyTAlD","2014-04-11 07:33:00",4,NA,NA,NA,NA,NA,NA,NA,NA,NA,NA,2,"practice",2,NA,NA,"is walking around",NA,NA,"has legs","y",1.5,NA
"179","1","us","adults","does that mean...?","cb1","R_9zaRqTKdZuyTAlD","2014-04-11 07:33:00",4,NA,NA,NA,NA,NA,NA,NA,NA,NA,NA,2,"practice",3,NA,NA,"is made out of paper",NA,NA,"might rip sometime","n",-0.5,NA
"180","1","us","adults","does that mean...?","cb1","R_9zaRqTKdZuyTAlD","2014-04-11 07:33:00",4,NA,NA,NA,NA,NA,NA,NA,NA,NA,NA,2,"test",4,"per","vision","can see what the box looks like","aut","noise","can make noises all by itself","y",0.5,NA
"181","1","us","adults","does that mean...?","cb1","R_9zaRqTKdZuyTAlD","2014-04-11 07:33:00",4,NA,NA,NA,NA,NA,NA,NA,NA,NA,NA,2,"test",5,"phy","glass_clay","is made out of clay","phy","metal_plastic","is made out of plastic","n",-1.5,NA
"182","1","us","adults","does that mean...?","cb1","R_9zaRqTKdZuyTAlD","2014-04-11 07:33:00",4,NA,NA,NA,NA,NA,NA,NA,NA,NA,NA,2,"test",6,"aut","movement","is moving itself from one side of the box to the other","per","hearing","can hear me","y",0.5,NA
"183","1","us","adults","does that mean...?","cb1","R_9zaRqTKdZuyTAlD","2014-04-11 07:33:00",4,NA,NA,NA,NA,NA,NA,NA,NA,NA,NA,2,"test",7,"aff","negative","is in a bad mood right now","aff","positive","can be in a good mood sometimes","y",0.5,NA
"184","1","us","adults","does that mean...?","cb1","R_9zaRqTKdZuyTAlD","2014-04-11 07:33:00",4,NA,NA,NA,NA,NA,NA,NA,NA,NA,NA,2,"test",8,"aut","noise","is making sounds on its own","phy","glass_clay","is made out of glass","n",-0.5,NA
"185","1","us","adults","does that mean...?","cb1","R_9zaRqTKdZuyTAlD","2014-04-11 07:33:00",4,NA,NA,NA,NA,NA,NA,NA,NA,NA,NA,2,"test",9,"per","hearing","can hear what's going on around it","aff","negative","can feel sad sometimes","y",0.5,NA
"186","1","us","adults","does that mean...?","cb1","R_9zaRqTKdZuyTAlD","2014-04-11 07:33:00",4,NA,NA,NA,NA,NA,NA,NA,NA,NA,NA,2,"test",10,"aff","positive","feels happy right now","aut","movement","can move itself around the box","y",0.5,NA
"187","1","us","adults","does that mean...?","cb1","R_9zaRqTKdZuyTAlD","2014-04-11 07:33:00",4,NA,NA,NA,NA,NA,NA,NA,NA,NA,NA,2,"test",11,"phy","metal_plastic","is made out of metal","per","vision","can see me","n",-1.5,NA
"188","1","us","adults","does that mean...?","cb1","R_b1SyX9hT15JxRyZ","2014-04-11 09:06:00",2,NA,NA,NA,NA,NA,NA,NA,NA,NA,NA,2,"practice",1,NA,NA,"is purple",NA,NA,"is green","n",-1.5,NA
"189","1","us","adults","does that mean...?","cb1","R_b1SyX9hT15JxRyZ","2014-04-11 09:06:00",2,NA,NA,NA,NA,NA,NA,NA,NA,NA,NA,2,"practice",2,NA,NA,"is walking around",NA,NA,"has legs","y",1.5,NA
"190","1","us","adults","does that mean...?","cb1","R_b1SyX9hT15JxRyZ","2014-04-11 09:06:00",2,NA,NA,NA,NA,NA,NA,NA,NA,NA,NA,2,"practice",3,NA,NA,"is made out of paper",NA,NA,"might rip sometime","y",0.5,NA
"191","1","us","adults","does that mean...?","cb1","R_b1SyX9hT15JxRyZ","2014-04-11 09:06:00",2,NA,NA,NA,NA,NA,NA,NA,NA,NA,NA,2,"test",4,"per","vision","can see what the box looks like","aut","noise","can make noises all by itself","n",-0.5,NA
"192","1","us","adults","does that mean...?","cb1","R_b1SyX9hT15JxRyZ","2014-04-11 09:06:00",2,NA,NA,NA,NA,NA,NA,NA,NA,NA,NA,2,"test",5,"phy","glass_clay","is made out of clay","phy","metal_plastic","is made out of plastic","n",-1.5,NA
"193","1","us","adults","does that mean...?","cb1","R_b1SyX9hT15JxRyZ","2014-04-11 09:06:00",2,NA,NA,NA,NA,NA,NA,NA,NA,NA,NA,2,"test",6,"aut","movement","is moving itself from one side of the box to the other","per","hearing","can hear me","n",-0.5,NA
"194","1","us","adults","does that mean...?","cb1","R_b1SyX9hT15JxRyZ","2014-04-11 09:06:00",2,NA,NA,NA,NA,NA,NA,NA,NA,NA,NA,2,"test",7,"aff","negative","is in a bad mood right now","aff","positive","can be in a good mood sometimes","y",0.5,NA
"195","1","us","adults","does that mean...?","cb1","R_b1SyX9hT15JxRyZ","2014-04-11 09:06:00",2,NA,NA,NA,NA,NA,NA,NA,NA,NA,NA,2,"test",8,"aut","noise","is making sounds on its own","phy","glass_clay","is made out of glass","n",-0.5,NA
"196","1","us","adults","does that mean...?","cb1","R_b1SyX9hT15JxRyZ","2014-04-11 09:06:00",2,NA,NA,NA,NA,NA,NA,NA,NA,NA,NA,2,"test",9,"per","hearing","can hear what's going on around it","aff","negative","can feel sad sometimes","y",0.5,NA
"197","1","us","adults","does that mean...?","cb1","R_b1SyX9hT15JxRyZ","2014-04-11 09:06:00",2,NA,NA,NA,NA,NA,NA,NA,NA,NA,NA,2,"test",10,"aff","positive","feels happy right now","aut","movement","can move itself around the box","n",-0.5,NA
"198","1","us","adults","does that mean...?","cb1","R_b1SyX9hT15JxRyZ","2014-04-11 09:06:00",2,NA,NA,NA,NA,NA,NA,NA,NA,NA,NA,2,"test",11,"phy","metal_plastic","is made out of metal","per","vision","can see me","y",0.5,NA
"199","1","us","adults","does that mean...?","cb1","R_d0xYZ3w0hjbz92t","2014-04-11 13:20:00",6,NA,NA,NA,NA,NA,NA,NA,NA,"It makes you use your imagination...Thank you",NA,2,"practice",1,NA,NA,"is purple",NA,NA,"is green","n",-1.5,NA
"200","1","us","adults","does that mean...?","cb1","R_d0xYZ3w0hjbz92t","2014-04-11 13:20:00",6,NA,NA,NA,NA,NA,NA,NA,NA,"It makes you use your imagination...Thank you",NA,2,"practice",2,NA,NA,"is walking around",NA,NA,"has legs","y",1.5,NA
"201","1","us","adults","does that mean...?","cb1","R_d0xYZ3w0hjbz92t","2014-04-11 13:20:00",6,NA,NA,NA,NA,NA,NA,NA,NA,"It makes you use your imagination...Thank you",NA,2,"practice",3,NA,NA,"is made out of paper",NA,NA,"might rip sometime","y",0.5,NA
"202","1","us","adults","does that mean...?","cb1","R_d0xYZ3w0hjbz92t","2014-04-11 13:20:00",6,NA,NA,NA,NA,NA,NA,NA,NA,"It makes you use your imagination...Thank you",NA,2,"test",4,"per","vision","can see what the box looks like","aut","noise","can make noises all by itself","n",-0.5,NA
"203","1","us","adults","does that mean...?","cb1","R_d0xYZ3w0hjbz92t","2014-04-11 13:20:00",6,NA,NA,NA,NA,NA,NA,NA,NA,"It makes you use your imagination...Thank you",NA,2,"test",5,"phy","glass_clay","is made out of clay","phy","metal_plastic","is made out of plastic","n",-1.5,NA
"204","1","us","adults","does that mean...?","cb1","R_d0xYZ3w0hjbz92t","2014-04-11 13:20:00",6,NA,NA,NA,NA,NA,NA,NA,NA,"It makes you use your imagination...Thank you",NA,2,"test",6,"aut","movement","is moving itself from one side of the box to the other","per","hearing","can hear me","n",-0.5,NA
"205","1","us","adults","does that mean...?","cb1","R_d0xYZ3w0hjbz92t","2014-04-11 13:20:00",6,NA,NA,NA,NA,NA,NA,NA,NA,"It makes you use your imagination...Thank you",NA,2,"test",7,"aff","negative","is in a bad mood right now","aff","positive","can be in a good mood sometimes","y",1.5,NA
"206","1","us","adults","does that mean...?","cb1","R_d0xYZ3w0hjbz92t","2014-04-11 13:20:00",6,NA,NA,NA,NA,NA,NA,NA,NA,"It makes you use your imagination...Thank you",NA,2,"test",8,"aut","noise","is making sounds on its own","phy","glass_clay","is made out of glass","y",0.5,NA
"207","1","us","adults","does that mean...?","cb1","R_d0xYZ3w0hjbz92t","2014-04-11 13:20:00",6,NA,NA,NA,NA,NA,NA,NA,NA,"It makes you use your imagination...Thank you",NA,2,"test",9,"per","hearing","can hear what's going on around it","aff","negative","can feel sad sometimes","y",0.5,NA
"208","1","us","adults","does that mean...?","cb1","R_d0xYZ3w0hjbz92t","2014-04-11 13:20:00",6,NA,NA,NA,NA,NA,NA,NA,NA,"It makes you use your imagination...Thank you",NA,2,"test",10,"aff","positive","feels happy right now","aut","movement","can move itself around the box","n",-0.5,NA
"209","1","us","adults","does that mean...?","cb1","R_d0xYZ3w0hjbz92t","2014-04-11 13:20:00",6,NA,NA,NA,NA,NA,NA,NA,NA,"It makes you use your imagination...Thank you",NA,2,"test",11,"phy","metal_plastic","is made out of metal","per","vision","can see me","n",-1.5,NA
"210","1","us","adults","does that mean...?","cb1","R_eKaCSH19mCOsxtH","2014-04-11 07:39:00",2,NA,NA,NA,NA,NA,NA,NA,NA,NA,NA,2,"practice",1,NA,NA,"is purple",NA,NA,"is green","n",-1.5,NA
"211","1","us","adults","does that mean...?","cb1","R_eKaCSH19mCOsxtH","2014-04-11 07:39:00",2,NA,NA,NA,NA,NA,NA,NA,NA,NA,NA,2,"practice",2,NA,NA,"is walking around",NA,NA,"has legs","y",0.5,NA
"212","1","us","adults","does that mean...?","cb1","R_eKaCSH19mCOsxtH","2014-04-11 07:39:00",2,NA,NA,NA,NA,NA,NA,NA,NA,NA,NA,2,"practice",3,NA,NA,"is made out of paper",NA,NA,"might rip sometime","y",0.5,NA
"213","1","us","adults","does that mean...?","cb1","R_eKaCSH19mCOsxtH","2014-04-11 07:39:00",2,NA,NA,NA,NA,NA,NA,NA,NA,NA,NA,2,"test",4,"per","vision","can see what the box looks like","aut","noise","can make noises all by itself","y",0.5,NA
"214","1","us","adults","does that mean...?","cb1","R_eKaCSH19mCOsxtH","2014-04-11 07:39:00",2,NA,NA,NA,NA,NA,NA,NA,NA,NA,NA,2,"test",5,"phy","glass_clay","is made out of clay","phy","metal_plastic","is made out of plastic","n",-1.5,NA
"215","1","us","adults","does that mean...?","cb1","R_eKaCSH19mCOsxtH","2014-04-11 07:39:00",2,NA,NA,NA,NA,NA,NA,NA,NA,NA,NA,2,"test",6,"aut","movement","is moving itself from one side of the box to the other","per","hearing","can hear me","y",0.5,NA
"216","1","us","adults","does that mean...?","cb1","R_eKaCSH19mCOsxtH","2014-04-11 07:39:00",2,NA,NA,NA,NA,NA,NA,NA,NA,NA,NA,2,"test",7,"aff","negative","is in a bad mood right now","aff","positive","can be in a good mood sometimes","y",0.5,NA
"217","1","us","adults","does that mean...?","cb1","R_eKaCSH19mCOsxtH","2014-04-11 07:39:00",2,NA,NA,NA,NA,NA,NA,NA,NA,NA,NA,2,"test",8,"aut","noise","is making sounds on its own","phy","glass_clay","is made out of glass","n",-0.5,NA
"218","1","us","adults","does that mean...?","cb1","R_eKaCSH19mCOsxtH","2014-04-11 07:39:00",2,NA,NA,NA,NA,NA,NA,NA,NA,NA,NA,2,"test",9,"per","hearing","can hear what's going on around it","aff","negative","can feel sad sometimes","y",0.5,NA
"219","1","us","adults","does that mean...?","cb1","R_eKaCSH19mCOsxtH","2014-04-11 07:39:00",2,NA,NA,NA,NA,NA,NA,NA,NA,NA,NA,2,"test",10,"aff","positive","feels happy right now","aut","movement","can move itself around the box","y",0.5,NA
"220","1","us","adults","does that mean...?","cb1","R_eKaCSH19mCOsxtH","2014-04-11 07:39:00",2,NA,NA,NA,NA,NA,NA,NA,NA,NA,NA,2,"test",11,"phy","metal_plastic","is made out of metal","per","vision","can see me","y",0.5,NA
"221","1","us","adults","does that mean...?","cb1","R_3C33hHhfhaB65al","2014-04-11 07:43:00",3,NA,NA,NA,NA,NA,NA,NA,NA,NA,NA,3,"practice",1,NA,NA,"is purple",NA,NA,"is green","n",-1.5,NA
"222","1","us","adults","does that mean...?","cb1","R_3C33hHhfhaB65al","2014-04-11 07:43:00",3,NA,NA,NA,NA,NA,NA,NA,NA,NA,NA,3,"practice",2,NA,NA,"is walking around",NA,NA,"has legs","y",0.5,NA
"223","1","us","adults","does that mean...?","cb1","R_3C33hHhfhaB65al","2014-04-11 07:43:00",3,NA,NA,NA,NA,NA,NA,NA,NA,NA,NA,3,"practice",3,NA,NA,"is made out of paper",NA,NA,"might rip sometime","y",0.5,NA
"224","1","us","adults","does that mean...?","cb1","R_3C33hHhfhaB65al","2014-04-11 07:43:00",3,NA,NA,NA,NA,NA,NA,NA,NA,NA,NA,3,"test",4,"aff","negative","feels sad right now","per","vision","can see what the box looks like","n",-1.5,NA
"225","1","us","adults","does that mean...?","cb1","R_3C33hHhfhaB65al","2014-04-11 07:43:00",3,NA,NA,NA,NA,NA,NA,NA,NA,NA,NA,3,"test",5,"per","hearing","can hear what's going on around it","phy","glass_clay","is made out of glass","n",-1.5,NA
"226","1","us","adults","does that mean...?","cb1","R_3C33hHhfhaB65al","2014-04-11 07:43:00",3,NA,NA,NA,NA,NA,NA,NA,NA,NA,NA,3,"test",6,"phy","metal_plastic","is made out of plastic","aff","negative","can be in a bad mood sometimes","n",-0.5,NA
"227","1","us","adults","does that mean...?","cb1","R_3C33hHhfhaB65al","2014-04-11 07:43:00",3,NA,NA,NA,NA,NA,NA,NA,NA,NA,NA,3,"test",7,"aut","noise","is making noises all by itself","aut","movement","can move itself around the box","y",0.5,NA
"228","1","us","adults","does that mean...?","cb1","R_3C33hHhfhaB65al","2014-04-11 07:43:00",3,NA,NA,NA,NA,NA,NA,NA,NA,NA,NA,3,"test",8,"aff","positive","is in a good mood right now","phy","metal_plastic","is made out of metal","n",-0.5,NA
"229","1","us","adults","does that mean...?","cb1","R_3C33hHhfhaB65al","2014-04-11 07:43:00",3,NA,NA,NA,NA,NA,NA,NA,NA,NA,NA,3,"test",9,"per","vision","can see me","per","hearing","can hear me","y",0.5,NA
"230","1","us","adults","does that mean...?","cb1","R_3C33hHhfhaB65al","2014-04-11 07:43:00",3,NA,NA,NA,NA,NA,NA,NA,NA,NA,NA,3,"test",10,"phy","glass_clay","is made out of clay","aut","noise","can make sounds on its own","n",-0.5,NA
"231","1","us","adults","does that mean...?","cb1","R_3C33hHhfhaB65al","2014-04-11 07:43:00",3,NA,NA,NA,NA,NA,NA,NA,NA,NA,NA,3,"test",11,"aut","movement","is moving itself from one side of the box to the other","aff","positive","can feel happy sometimes","y",0.5,NA
"232","1","us","adults","does that mean...?","cb1","R_3E5hPcKUFZzJ9zL","2014-04-11 08:47:00",6,NA,NA,NA,NA,NA,NA,NA,NA,NA,NA,3,"practice",1,NA,NA,"is purple",NA,NA,"is green","n",-1.5,NA
"233","1","us","adults","does that mean...?","cb1","R_3E5hPcKUFZzJ9zL","2014-04-11 08:47:00",6,NA,NA,NA,NA,NA,NA,NA,NA,NA,NA,3,"practice",2,NA,NA,"is walking around",NA,NA,"has legs","n",-1.5,NA
"234","1","us","adults","does that mean...?","cb1","R_3E5hPcKUFZzJ9zL","2014-04-11 08:47:00",6,NA,NA,NA,NA,NA,NA,NA,NA,NA,NA,3,"practice",3,NA,NA,"is made out of paper",NA,NA,"might rip sometime","y",0.5,NA
"235","1","us","adults","does that mean...?","cb1","R_3E5hPcKUFZzJ9zL","2014-04-11 08:47:00",6,NA,NA,NA,NA,NA,NA,NA,NA,NA,NA,3,"test",4,"aff","negative","feels sad right now","per","vision","can see what the box looks like","n",-1.5,NA
"236","1","us","adults","does that mean...?","cb1","R_3E5hPcKUFZzJ9zL","2014-04-11 08:47:00",6,NA,NA,NA,NA,NA,NA,NA,NA,NA,NA,3,"test",5,"per","hearing","can hear what's going on around it","phy","glass_clay","is made out of glass","n",-1.5,NA
"237","1","us","adults","does that mean...?","cb1","R_3E5hPcKUFZzJ9zL","2014-04-11 08:47:00",6,NA,NA,NA,NA,NA,NA,NA,NA,NA,NA,3,"test",6,"phy","metal_plastic","is made out of plastic","aff","negative","can be in a bad mood sometimes","n",-1.5,NA
"238","1","us","adults","does that mean...?","cb1","R_3E5hPcKUFZzJ9zL","2014-04-11 08:47:00",6,NA,NA,NA,NA,NA,NA,NA,NA,NA,NA,3,"test",7,"aut","noise","is making noises all by itself","aut","movement","can move itself around the box","n",-1.5,NA
"239","1","us","adults","does that mean...?","cb1","R_3E5hPcKUFZzJ9zL","2014-04-11 08:47:00",6,NA,NA,NA,NA,NA,NA,NA,NA,NA,NA,3,"test",8,"aff","positive","is in a good mood right now","phy","metal_plastic","is made out of metal","n",-1.5,NA
"240","1","us","adults","does that mean...?","cb1","R_3E5hPcKUFZzJ9zL","2014-04-11 08:47:00",6,NA,NA,NA,NA,NA,NA,NA,NA,NA,NA,3,"test",9,"per","vision","can see me","per","hearing","can hear me","n",-1.5,NA
"241","1","us","adults","does that mean...?","cb1","R_3E5hPcKUFZzJ9zL","2014-04-11 08:47:00",6,NA,NA,NA,NA,NA,NA,NA,NA,NA,NA,3,"test",10,"phy","glass_clay","is made out of clay","aut","noise","can make sounds on its own","n",-1.5,NA
"242","1","us","adults","does that mean...?","cb1","R_3E5hPcKUFZzJ9zL","2014-04-11 08:47:00",6,NA,NA,NA,NA,NA,NA,NA,NA,NA,NA,3,"test",11,"aut","movement","is moving itself from one side of the box to the other","aff","positive","can feel happy sometimes","y",0.5,NA
"243","1","us","adults","does that mean...?","cb1","R_3IP37bQ86j8MPWZ","2014-04-11 14:34:00",5,NA,NA,NA,NA,NA,NA,NA,NA,NA,NA,3,"practice",1,NA,NA,"is purple",NA,NA,"is green","n",-1.5,NA
"244","1","us","adults","does that mean...?","cb1","R_3IP37bQ86j8MPWZ","2014-04-11 14:34:00",5,NA,NA,NA,NA,NA,NA,NA,NA,NA,NA,3,"practice",2,NA,NA,"is walking around",NA,NA,"has legs","y",1.5,NA
"245","1","us","adults","does that mean...?","cb1","R_3IP37bQ86j8MPWZ","2014-04-11 14:34:00",5,NA,NA,NA,NA,NA,NA,NA,NA,NA,NA,3,"practice",3,NA,NA,"is made out of paper",NA,NA,"might rip sometime","y",1.5,NA
"246","1","us","adults","does that mean...?","cb1","R_3IP37bQ86j8MPWZ","2014-04-11 14:34:00",5,NA,NA,NA,NA,NA,NA,NA,NA,NA,NA,3,"test",4,"aff","negative","feels sad right now","per","vision","can see what the box looks like","y",0.5,NA
"247","1","us","adults","does that mean...?","cb1","R_3IP37bQ86j8MPWZ","2014-04-11 14:34:00",5,NA,NA,NA,NA,NA,NA,NA,NA,NA,NA,3,"test",5,"per","hearing","can hear what's going on around it","phy","glass_clay","is made out of glass","n",-1.5,NA
"248","1","us","adults","does that mean...?","cb1","R_3IP37bQ86j8MPWZ","2014-04-11 14:34:00",5,NA,NA,NA,NA,NA,NA,NA,NA,NA,NA,3,"test",6,"phy","metal_plastic","is made out of plastic","aff","negative","can be in a bad mood sometimes","n",-1.5,NA
"249","1","us","adults","does that mean...?","cb1","R_3IP37bQ86j8MPWZ","2014-04-11 14:34:00",5,NA,NA,NA,NA,NA,NA,NA,NA,NA,NA,3,"test",7,"aut","noise","is making noises all by itself","aut","movement","can move itself around the box","y",1.5,NA
"250","1","us","adults","does that mean...?","cb1","R_3IP37bQ86j8MPWZ","2014-04-11 14:34:00",5,NA,NA,NA,NA,NA,NA,NA,NA,NA,NA,3,"test",8,"aff","positive","is in a good mood right now","phy","metal_plastic","is made out of metal","n",-1.5,NA
"251","1","us","adults","does that mean...?","cb1","R_3IP37bQ86j8MPWZ","2014-04-11 14:34:00",5,NA,NA,NA,NA,NA,NA,NA,NA,NA,NA,3,"test",9,"per","vision","can see me","per","hearing","can hear me","y",1.5,NA
"252","1","us","adults","does that mean...?","cb1","R_3IP37bQ86j8MPWZ","2014-04-11 14:34:00",5,NA,NA,NA,NA,NA,NA,NA,NA,NA,NA,3,"test",10,"phy","glass_clay","is made out of clay","aut","noise","can make sounds on its own","n",-1.5,NA
"253","1","us","adults","does that mean...?","cb1","R_3IP37bQ86j8MPWZ","2014-04-11 14:34:00",5,NA,NA,NA,NA,NA,NA,NA,NA,NA,NA,3,"test",11,"aut","movement","is moving itself from one side of the box to the other","aff","positive","can feel happy sometimes","y",0.5,NA
"254","1","us","adults","does that mean...?","cb1","R_4OckgF4xhwxZoJ7","2014-04-11 18:33:00",10,NA,NA,NA,NA,NA,NA,NA,NA,NA,NA,3,"practice",1,NA,NA,"is purple",NA,NA,"is green","n",-1.5,NA
"255","1","us","adults","does that mean...?","cb1","R_4OckgF4xhwxZoJ7","2014-04-11 18:33:00",10,NA,NA,NA,NA,NA,NA,NA,NA,NA,NA,3,"practice",2,NA,NA,"is walking around",NA,NA,"has legs","y",1.5,NA
"256","1","us","adults","does that mean...?","cb1","R_4OckgF4xhwxZoJ7","2014-04-11 18:33:00",10,NA,NA,NA,NA,NA,NA,NA,NA,NA,NA,3,"practice",3,NA,NA,"is made out of paper",NA,NA,"might rip sometime","y",0.5,NA
"257","1","us","adults","does that mean...?","cb1","R_4OckgF4xhwxZoJ7","2014-04-11 18:33:00",10,NA,NA,NA,NA,NA,NA,NA,NA,NA,NA,3,"test",4,"aff","negative","feels sad right now","per","vision","can see what the box looks like","n",-0.5,NA
"258","1","us","adults","does that mean...?","cb1","R_4OckgF4xhwxZoJ7","2014-04-11 18:33:00",10,NA,NA,NA,NA,NA,NA,NA,NA,NA,NA,3,"test",5,"per","hearing","can hear what's going on around it","phy","glass_clay","is made out of glass","n",-1.5,NA
"259","1","us","adults","does that mean...?","cb1","R_4OckgF4xhwxZoJ7","2014-04-11 18:33:00",10,NA,NA,NA,NA,NA,NA,NA,NA,NA,NA,3,"test",6,"phy","metal_plastic","is made out of plastic","aff","negative","can be in a bad mood sometimes","n",-1.5,NA
"260","1","us","adults","does that mean...?","cb1","R_4OckgF4xhwxZoJ7","2014-04-11 18:33:00",10,NA,NA,NA,NA,NA,NA,NA,NA,NA,NA,3,"test",7,"aut","noise","is making noises all by itself","aut","movement","can move itself around the box","y",0.5,NA
"261","1","us","adults","does that mean...?","cb1","R_4OckgF4xhwxZoJ7","2014-04-11 18:33:00",10,NA,NA,NA,NA,NA,NA,NA,NA,NA,NA,3,"test",8,"aff","positive","is in a good mood right now","phy","metal_plastic","is made out of metal","n",-1.5,NA
"262","1","us","adults","does that mean...?","cb1","R_4OckgF4xhwxZoJ7","2014-04-11 18:33:00",10,NA,NA,NA,NA,NA,NA,NA,NA,NA,NA,3,"test",9,"per","vision","can see me","per","hearing","can hear me","y",0.5,NA
"263","1","us","adults","does that mean...?","cb1","R_4OckgF4xhwxZoJ7","2014-04-11 18:33:00",10,NA,NA,NA,NA,NA,NA,NA,NA,NA,NA,3,"test",10,"phy","glass_clay","is made out of clay","aut","noise","can make sounds on its own","n",-1.5,NA
"264","1","us","adults","does that mean...?","cb1","R_4OckgF4xhwxZoJ7","2014-04-11 18:33:00",10,NA,NA,NA,NA,NA,NA,NA,NA,NA,NA,3,"test",11,"aut","movement","is moving itself from one side of the box to the other","aff","positive","can feel happy sometimes","y",0.5,NA
"265","1","us","adults","does that mean...?","cb1","R_6PUFkJLmyrREi33","2014-04-11 07:33:00",11,NA,NA,NA,NA,NA,NA,NA,NA,NA,NA,3,"practice",1,NA,NA,"is purple",NA,NA,"is green","n",-1.5,NA
"266","1","us","adults","does that mean...?","cb1","R_6PUFkJLmyrREi33","2014-04-11 07:33:00",11,NA,NA,NA,NA,NA,NA,NA,NA,NA,NA,3,"practice",2,NA,NA,"is walking around",NA,NA,"has legs","y",1.5,NA
"267","1","us","adults","does that mean...?","cb1","R_6PUFkJLmyrREi33","2014-04-11 07:33:00",11,NA,NA,NA,NA,NA,NA,NA,NA,NA,NA,3,"practice",3,NA,NA,"is made out of paper",NA,NA,"might rip sometime","y",1.5,NA
"268","1","us","adults","does that mean...?","cb1","R_6PUFkJLmyrREi33","2014-04-11 07:33:00",11,NA,NA,NA,NA,NA,NA,NA,NA,NA,NA,3,"test",4,"aff","negative","feels sad right now","per","vision","can see what the box looks like","y",0.5,NA
"269","1","us","adults","does that mean...?","cb1","R_6PUFkJLmyrREi33","2014-04-11 07:33:00",11,NA,NA,NA,NA,NA,NA,NA,NA,NA,NA,3,"test",5,"per","hearing","can hear what's going on around it","phy","glass_clay","is made out of glass","n",-1.5,NA
"270","1","us","adults","does that mean...?","cb1","R_6PUFkJLmyrREi33","2014-04-11 07:33:00",11,NA,NA,NA,NA,NA,NA,NA,NA,NA,NA,3,"test",6,"phy","metal_plastic","is made out of plastic","aff","negative","can be in a bad mood sometimes","n",-1.5,NA
"271","1","us","adults","does that mean...?","cb1","R_6PUFkJLmyrREi33","2014-04-11 07:33:00",11,NA,NA,NA,NA,NA,NA,NA,NA,NA,NA,3,"test",7,"aut","noise","is making noises all by itself","aut","movement","can move itself around the box","y",0.5,NA
"272","1","us","adults","does that mean...?","cb1","R_6PUFkJLmyrREi33","2014-04-11 07:33:00",11,NA,NA,NA,NA,NA,NA,NA,NA,NA,NA,3,"test",8,"aff","positive","is in a good mood right now","phy","metal_plastic","is made out of metal","n",-1.5,NA
"273","1","us","adults","does that mean...?","cb1","R_6PUFkJLmyrREi33","2014-04-11 07:33:00",11,NA,NA,NA,NA,NA,NA,NA,NA,NA,NA,3,"test",9,"per","vision","can see me","per","hearing","can hear me","y",0.5,NA
"274","1","us","adults","does that mean...?","cb1","R_6PUFkJLmyrREi33","2014-04-11 07:33:00",11,NA,NA,NA,NA,NA,NA,NA,NA,NA,NA,3,"test",10,"phy","glass_clay","is made out of clay","aut","noise","can make sounds on its own","n",-1.5,NA
"275","1","us","adults","does that mean...?","cb1","R_6PUFkJLmyrREi33","2014-04-11 07:33:00",11,NA,NA,NA,NA,NA,NA,NA,NA,NA,NA,3,"test",11,"aut","movement","is moving itself from one side of the box to the other","aff","positive","can feel happy sometimes","y",0.5,NA
"276","1","us","adults","does that mean...?","cb1","R_7PT2uF94g2R9edf","2014-04-11 10:17:00",3,NA,NA,NA,NA,NA,NA,NA,NA,"Everything went well and the cartoon was entertaining.",NA,3,"practice",1,NA,NA,"is purple",NA,NA,"is green","n",-1.5,NA
"277","1","us","adults","does that mean...?","cb1","R_7PT2uF94g2R9edf","2014-04-11 10:17:00",3,NA,NA,NA,NA,NA,NA,NA,NA,"Everything went well and the cartoon was entertaining.",NA,3,"practice",2,NA,NA,"is walking around",NA,NA,"has legs","y",1.5,NA
"278","1","us","adults","does that mean...?","cb1","R_7PT2uF94g2R9edf","2014-04-11 10:17:00",3,NA,NA,NA,NA,NA,NA,NA,NA,"Everything went well and the cartoon was entertaining.",NA,3,"practice",3,NA,NA,"is made out of paper",NA,NA,"might rip sometime","y",1.5,NA
"279","1","us","adults","does that mean...?","cb1","R_7PT2uF94g2R9edf","2014-04-11 10:17:00",3,NA,NA,NA,NA,NA,NA,NA,NA,"Everything went well and the cartoon was entertaining.",NA,3,"test",4,"aff","negative","feels sad right now","per","vision","can see what the box looks like","n",-1.5,NA
"280","1","us","adults","does that mean...?","cb1","R_7PT2uF94g2R9edf","2014-04-11 10:17:00",3,NA,NA,NA,NA,NA,NA,NA,NA,"Everything went well and the cartoon was entertaining.",NA,3,"test",5,"per","hearing","can hear what's going on around it","phy","glass_clay","is made out of glass","n",-1.5,NA
"281","1","us","adults","does that mean...?","cb1","R_7PT2uF94g2R9edf","2014-04-11 10:17:00",3,NA,NA,NA,NA,NA,NA,NA,NA,"Everything went well and the cartoon was entertaining.",NA,3,"test",6,"phy","metal_plastic","is made out of plastic","aff","negative","can be in a bad mood sometimes","n",-1.5,NA
"282","1","us","adults","does that mean...?","cb1","R_7PT2uF94g2R9edf","2014-04-11 10:17:00",3,NA,NA,NA,NA,NA,NA,NA,NA,"Everything went well and the cartoon was entertaining.",NA,3,"test",7,"aut","noise","is making noises all by itself","aut","movement","can move itself around the box","y",1.5,NA
"283","1","us","adults","does that mean...?","cb1","R_7PT2uF94g2R9edf","2014-04-11 10:17:00",3,NA,NA,NA,NA,NA,NA,NA,NA,"Everything went well and the cartoon was entertaining.",NA,3,"test",8,"aff","positive","is in a good mood right now","phy","metal_plastic","is made out of metal","n",-1.5,NA
"284","1","us","adults","does that mean...?","cb1","R_7PT2uF94g2R9edf","2014-04-11 10:17:00",3,NA,NA,NA,NA,NA,NA,NA,NA,"Everything went well and the cartoon was entertaining.",NA,3,"test",9,"per","vision","can see me","per","hearing","can hear me","y",0.5,NA
"285","1","us","adults","does that mean...?","cb1","R_7PT2uF94g2R9edf","2014-04-11 10:17:00",3,NA,NA,NA,NA,NA,NA,NA,NA,"Everything went well and the cartoon was entertaining.",NA,3,"test",10,"phy","glass_clay","is made out of clay","aut","noise","can make sounds on its own","n",-1.5,NA
"286","1","us","adults","does that mean...?","cb1","R_7PT2uF94g2R9edf","2014-04-11 10:17:00",3,NA,NA,NA,NA,NA,NA,NA,NA,"Everything went well and the cartoon was entertaining.",NA,3,"test",11,"aut","movement","is moving itself from one side of the box to the other","aff","positive","can feel happy sometimes","y",0.5,NA
"287","1","us","adults","does that mean...?","cb1","R_9yOYrxQ6IiEs4rX","2014-04-11 13:32:00",5,NA,NA,NA,NA,NA,NA,NA,NA,"Reminds me of a symbolic logic exam-lol!",NA,3,"practice",1,NA,NA,"is purple",NA,NA,"is green","n",-1.5,NA
"288","1","us","adults","does that mean...?","cb1","R_9yOYrxQ6IiEs4rX","2014-04-11 13:32:00",5,NA,NA,NA,NA,NA,NA,NA,NA,"Reminds me of a symbolic logic exam-lol!",NA,3,"practice",2,NA,NA,"is walking around",NA,NA,"has legs","y",1.5,NA
"289","1","us","adults","does that mean...?","cb1","R_9yOYrxQ6IiEs4rX","2014-04-11 13:32:00",5,NA,NA,NA,NA,NA,NA,NA,NA,"Reminds me of a symbolic logic exam-lol!",NA,3,"practice",3,NA,NA,"is made out of paper",NA,NA,"might rip sometime","y",1.5,NA
"290","1","us","adults","does that mean...?","cb1","R_9yOYrxQ6IiEs4rX","2014-04-11 13:32:00",5,NA,NA,NA,NA,NA,NA,NA,NA,"Reminds me of a symbolic logic exam-lol!",NA,3,"test",4,"aff","negative","feels sad right now","per","vision","can see what the box looks like","n",-0.5,NA
"291","1","us","adults","does that mean...?","cb1","R_9yOYrxQ6IiEs4rX","2014-04-11 13:32:00",5,NA,NA,NA,NA,NA,NA,NA,NA,"Reminds me of a symbolic logic exam-lol!",NA,3,"test",5,"per","hearing","can hear what's going on around it","phy","glass_clay","is made out of glass","n",-1.5,NA
"292","1","us","adults","does that mean...?","cb1","R_9yOYrxQ6IiEs4rX","2014-04-11 13:32:00",5,NA,NA,NA,NA,NA,NA,NA,NA,"Reminds me of a symbolic logic exam-lol!",NA,3,"test",6,"phy","metal_plastic","is made out of plastic","aff","negative","can be in a bad mood sometimes","n",-1.5,NA
"293","1","us","adults","does that mean...?","cb1","R_9yOYrxQ6IiEs4rX","2014-04-11 13:32:00",5,NA,NA,NA,NA,NA,NA,NA,NA,"Reminds me of a symbolic logic exam-lol!",NA,3,"test",7,"aut","noise","is making noises all by itself","aut","movement","can move itself around the box","n",-0.5,NA
"294","1","us","adults","does that mean...?","cb1","R_9yOYrxQ6IiEs4rX","2014-04-11 13:32:00",5,NA,NA,NA,NA,NA,NA,NA,NA,"Reminds me of a symbolic logic exam-lol!",NA,3,"test",8,"aff","positive","is in a good mood right now","phy","metal_plastic","is made out of metal","n",-1.5,NA
"295","1","us","adults","does that mean...?","cb1","R_9yOYrxQ6IiEs4rX","2014-04-11 13:32:00",5,NA,NA,NA,NA,NA,NA,NA,NA,"Reminds me of a symbolic logic exam-lol!",NA,3,"test",9,"per","vision","can see me","per","hearing","can hear me","y",0.5,NA
"296","1","us","adults","does that mean...?","cb1","R_9yOYrxQ6IiEs4rX","2014-04-11 13:32:00",5,NA,NA,NA,NA,NA,NA,NA,NA,"Reminds me of a symbolic logic exam-lol!",NA,3,"test",10,"phy","glass_clay","is made out of clay","aut","noise","can make sounds on its own","n",-1.5,NA
"297","1","us","adults","does that mean...?","cb1","R_9yOYrxQ6IiEs4rX","2014-04-11 13:32:00",5,NA,NA,NA,NA,NA,NA,NA,NA,"Reminds me of a symbolic logic exam-lol!",NA,3,"test",11,"aut","movement","is moving itself from one side of the box to the other","aff","positive","can feel happy sometimes","n",-1.5,NA
"298","1","us","adults","does that mean...?","cb1","R_a5GdOdin7kBBlkx","2014-04-11 08:22:00",2,NA,NA,NA,NA,NA,NA,NA,NA,NA,NA,3,"practice",1,NA,NA,"is purple",NA,NA,"is green","n",-1.5,NA
"299","1","us","adults","does that mean...?","cb1","R_a5GdOdin7kBBlkx","2014-04-11 08:22:00",2,NA,NA,NA,NA,NA,NA,NA,NA,NA,NA,3,"practice",2,NA,NA,"is walking around",NA,NA,"has legs","y",1.5,NA
"300","1","us","adults","does that mean...?","cb1","R_a5GdOdin7kBBlkx","2014-04-11 08:22:00",2,NA,NA,NA,NA,NA,NA,NA,NA,NA,NA,3,"practice",3,NA,NA,"is made out of paper",NA,NA,"might rip sometime","y",0.5,NA
"301","1","us","adults","does that mean...?","cb1","R_a5GdOdin7kBBlkx","2014-04-11 08:22:00",2,NA,NA,NA,NA,NA,NA,NA,NA,NA,NA,3,"test",4,"aff","negative","feels sad right now","per","vision","can see what the box looks like","y",1.5,NA
"302","1","us","adults","does that mean...?","cb1","R_a5GdOdin7kBBlkx","2014-04-11 08:22:00",2,NA,NA,NA,NA,NA,NA,NA,NA,NA,NA,3,"test",5,"per","hearing","can hear what's going on around it","phy","glass_clay","is made out of glass","n",-1.5,NA
"303","1","us","adults","does that mean...?","cb1","R_a5GdOdin7kBBlkx","2014-04-11 08:22:00",2,NA,NA,NA,NA,NA,NA,NA,NA,NA,NA,3,"test",6,"phy","metal_plastic","is made out of plastic","aff","negative","can be in a bad mood sometimes","n",-1.5,NA
"304","1","us","adults","does that mean...?","cb1","R_a5GdOdin7kBBlkx","2014-04-11 08:22:00",2,NA,NA,NA,NA,NA,NA,NA,NA,NA,NA,3,"test",7,"aut","noise","is making noises all by itself","aut","movement","can move itself around the box","y",0.5,NA
"305","1","us","adults","does that mean...?","cb1","R_a5GdOdin7kBBlkx","2014-04-11 08:22:00",2,NA,NA,NA,NA,NA,NA,NA,NA,NA,NA,3,"test",8,"aff","positive","is in a good mood right now","phy","metal_plastic","is made out of metal","n",-1.5,NA
"306","1","us","adults","does that mean...?","cb1","R_a5GdOdin7kBBlkx","2014-04-11 08:22:00",2,NA,NA,NA,NA,NA,NA,NA,NA,NA,NA,3,"test",9,"per","vision","can see me","per","hearing","can hear me","y",0.5,NA
"307","1","us","adults","does that mean...?","cb1","R_a5GdOdin7kBBlkx","2014-04-11 08:22:00",2,NA,NA,NA,NA,NA,NA,NA,NA,NA,NA,3,"test",10,"phy","glass_clay","is made out of clay","aut","noise","can make sounds on its own","n",-1.5,NA
"308","1","us","adults","does that mean...?","cb1","R_a5GdOdin7kBBlkx","2014-04-11 08:22:00",2,NA,NA,NA,NA,NA,NA,NA,NA,NA,NA,3,"test",11,"aut","movement","is moving itself from one side of the box to the other","aff","positive","can feel happy sometimes","y",0.5,NA
"309","1","us","adults","does that mean...?","cb1","R_aheZLmQ3rUwriLz","2014-05-05 22:56:00",3,NA,NA,NA,NA,NA,NA,NA,NA,NA,NA,3,"practice",1,NA,NA,"is purple",NA,NA,"is green","n",-1.5,NA
"310","1","us","adults","does that mean...?","cb1","R_aheZLmQ3rUwriLz","2014-05-05 22:56:00",3,NA,NA,NA,NA,NA,NA,NA,NA,NA,NA,3,"practice",2,NA,NA,"is walking around",NA,NA,"has legs","y",0.5,NA
"311","1","us","adults","does that mean...?","cb1","R_aheZLmQ3rUwriLz","2014-05-05 22:56:00",3,NA,NA,NA,NA,NA,NA,NA,NA,NA,NA,3,"practice",3,NA,NA,"is made out of paper",NA,NA,"might rip sometime","y",0.5,NA
"312","1","us","adults","does that mean...?","cb1","R_aheZLmQ3rUwriLz","2014-05-05 22:56:00",3,NA,NA,NA,NA,NA,NA,NA,NA,NA,NA,3,"test",4,"aff","negative","feels sad right now","per","vision","can see what the box looks like","y",0.5,NA
"313","1","us","adults","does that mean...?","cb1","R_aheZLmQ3rUwriLz","2014-05-05 22:56:00",3,NA,NA,NA,NA,NA,NA,NA,NA,NA,NA,3,"test",5,"per","hearing","can hear what's going on around it","phy","glass_clay","is made out of glass","n",-1.5,NA
"314","1","us","adults","does that mean...?","cb1","R_aheZLmQ3rUwriLz","2014-05-05 22:56:00",3,NA,NA,NA,NA,NA,NA,NA,NA,NA,NA,3,"test",6,"phy","metal_plastic","is made out of plastic","aff","negative","can be in a bad mood sometimes","n",-1.5,NA
"315","1","us","adults","does that mean...?","cb1","R_aheZLmQ3rUwriLz","2014-05-05 22:56:00",3,NA,NA,NA,NA,NA,NA,NA,NA,NA,NA,3,"test",7,"aut","noise","is making noises all by itself","aut","movement","can move itself around the box","y",0.5,NA
"316","1","us","adults","does that mean...?","cb1","R_aheZLmQ3rUwriLz","2014-05-05 22:56:00",3,NA,NA,NA,NA,NA,NA,NA,NA,NA,NA,3,"test",8,"aff","positive","is in a good mood right now","phy","metal_plastic","is made out of metal","n",-1.5,NA
"317","1","us","adults","does that mean...?","cb1","R_aheZLmQ3rUwriLz","2014-05-05 22:56:00",3,NA,NA,NA,NA,NA,NA,NA,NA,NA,NA,3,"test",9,"per","vision","can see me","per","hearing","can hear me","n",-0.5,NA
"318","1","us","adults","does that mean...?","cb1","R_aheZLmQ3rUwriLz","2014-05-05 22:56:00",3,NA,NA,NA,NA,NA,NA,NA,NA,NA,NA,3,"test",10,"phy","glass_clay","is made out of clay","aut","noise","can make sounds on its own","n",-0.5,NA
"319","1","us","adults","does that mean...?","cb1","R_aheZLmQ3rUwriLz","2014-05-05 22:56:00",3,NA,NA,NA,NA,NA,NA,NA,NA,NA,NA,3,"test",11,"aut","movement","is moving itself from one side of the box to the other","aff","positive","can feel happy sometimes","y",0.5,NA
"320","1","us","adults","does that mean...?","cb1","R_cO9vmnlw3vY6oqp","2014-04-11 12:06:00",5,NA,NA,NA,NA,NA,NA,NA,NA,NA,NA,3,"practice",1,NA,NA,"is purple",NA,NA,"is green","n",-1.5,NA
"321","1","us","adults","does that mean...?","cb1","R_cO9vmnlw3vY6oqp","2014-04-11 12:06:00",5,NA,NA,NA,NA,NA,NA,NA,NA,NA,NA,3,"practice",2,NA,NA,"is walking around",NA,NA,"has legs","y",1.5,NA
"322","1","us","adults","does that mean...?","cb1","R_cO9vmnlw3vY6oqp","2014-04-11 12:06:00",5,NA,NA,NA,NA,NA,NA,NA,NA,NA,NA,3,"practice",3,NA,NA,"is made out of paper",NA,NA,"might rip sometime","y",0.5,NA
"323","1","us","adults","does that mean...?","cb1","R_cO9vmnlw3vY6oqp","2014-04-11 12:06:00",5,NA,NA,NA,NA,NA,NA,NA,NA,NA,NA,3,"test",4,"aff","negative","feels sad right now","per","vision","can see what the box looks like","y",0.5,NA
"324","1","us","adults","does that mean...?","cb1","R_cO9vmnlw3vY6oqp","2014-04-11 12:06:00",5,NA,NA,NA,NA,NA,NA,NA,NA,NA,NA,3,"test",5,"per","hearing","can hear what's going on around it","phy","glass_clay","is made out of glass","n",-1.5,NA
"325","1","us","adults","does that mean...?","cb1","R_cO9vmnlw3vY6oqp","2014-04-11 12:06:00",5,NA,NA,NA,NA,NA,NA,NA,NA,NA,NA,3,"test",6,"phy","metal_plastic","is made out of plastic","aff","negative","can be in a bad mood sometimes","n",-1.5,NA
"326","1","us","adults","does that mean...?","cb1","R_cO9vmnlw3vY6oqp","2014-04-11 12:06:00",5,NA,NA,NA,NA,NA,NA,NA,NA,NA,NA,3,"test",7,"aut","noise","is making noises all by itself","aut","movement","can move itself around the box","y",0.5,NA
"327","1","us","adults","does that mean...?","cb1","R_cO9vmnlw3vY6oqp","2014-04-11 12:06:00",5,NA,NA,NA,NA,NA,NA,NA,NA,NA,NA,3,"test",8,"aff","positive","is in a good mood right now","phy","metal_plastic","is made out of metal","n",-1.5,NA
"328","1","us","adults","does that mean...?","cb1","R_cO9vmnlw3vY6oqp","2014-04-11 12:06:00",5,NA,NA,NA,NA,NA,NA,NA,NA,NA,NA,3,"test",9,"per","vision","can see me","per","hearing","can hear me","y",0.5,NA
"329","1","us","adults","does that mean...?","cb1","R_cO9vmnlw3vY6oqp","2014-04-11 12:06:00",5,NA,NA,NA,NA,NA,NA,NA,NA,NA,NA,3,"test",10,"phy","glass_clay","is made out of clay","aut","noise","can make sounds on its own","n",-1.5,NA
"330","1","us","adults","does that mean...?","cb1","R_cO9vmnlw3vY6oqp","2014-04-11 12:06:00",5,NA,NA,NA,NA,NA,NA,NA,NA,NA,NA,3,"test",11,"aut","movement","is moving itself from one side of the box to the other","aff","positive","can feel happy sometimes","y",0.5,NA
"331","1","us","adults","does that mean...?","cb1","R_0CebqkSIp6ZTsK9","2014-04-11 14:29:00",6,NA,NA,NA,NA,NA,NA,NA,NA,"No",NA,4,"practice",1,NA,NA,"is purple",NA,NA,"is green","n",-1.5,NA
"332","1","us","adults","does that mean...?","cb1","R_0CebqkSIp6ZTsK9","2014-04-11 14:29:00",6,NA,NA,NA,NA,NA,NA,NA,NA,"No",NA,4,"practice",2,NA,NA,"is walking around",NA,NA,"has legs","y",1.5,NA
"333","1","us","adults","does that mean...?","cb1","R_0CebqkSIp6ZTsK9","2014-04-11 14:29:00",6,NA,NA,NA,NA,NA,NA,NA,NA,"No",NA,4,"practice",3,NA,NA,"is made out of paper",NA,NA,"might rip sometime","y",1.5,NA
"334","1","us","adults","does that mean...?","cb1","R_0CebqkSIp6ZTsK9","2014-04-11 14:29:00",6,NA,NA,NA,NA,NA,NA,NA,NA,"No",NA,4,"test",4,"aut","noise","is making noises all by itself","aff","positive","can be in a good mood sometimes","y",0.5,NA
"335","1","us","adults","does that mean...?","cb1","R_0CebqkSIp6ZTsK9","2014-04-11 14:29:00",6,NA,NA,NA,NA,NA,NA,NA,NA,"No",NA,4,"test",5,"phy","metal_plastic","is made out of metal","aut","movement","can move itself from one side of the box to the other","n",-1.5,NA
"336","1","us","adults","does that mean...?","cb1","R_0CebqkSIp6ZTsK9","2014-04-11 14:29:00",6,NA,NA,NA,NA,NA,NA,NA,NA,"No",NA,4,"test",6,"per","vision","can see what the box looks like","per","hearing","can hear what's going on around it","n",-0.5,NA
"337","1","us","adults","does that mean...?","cb1","R_0CebqkSIp6ZTsK9","2014-04-11 14:29:00",6,NA,NA,NA,NA,NA,NA,NA,NA,"No",NA,4,"test",7,"aff","negative","is in a bad mood right now","phy","glass_clay","is made out of clay","n",-0.5,NA
"338","1","us","adults","does that mean...?","cb1","R_0CebqkSIp6ZTsK9","2014-04-11 14:29:00",6,NA,NA,NA,NA,NA,NA,NA,NA,"No",NA,4,"test",8,"aut","movement","is moving itself around the box","aut","noise","can make sounds on its own","y",0.5,NA
"339","1","us","adults","does that mean...?","cb1","R_0CebqkSIp6ZTsK9","2014-04-11 14:29:00",6,NA,NA,NA,NA,NA,NA,NA,NA,"No",NA,4,"test",9,"phy","glass_clay","is made out of glass","aff","negative","can feel sad sometimes","n",-1.5,NA
"340","1","us","adults","does that mean...?","cb1","R_0CebqkSIp6ZTsK9","2014-04-11 14:29:00",6,NA,NA,NA,NA,NA,NA,NA,NA,"No",NA,4,"test",10,"per","hearing","can hear me","phy","metal_plastic","is made out of plastic","n",-0.5,NA
"341","1","us","adults","does that mean...?","cb1","R_0CebqkSIp6ZTsK9","2014-04-11 14:29:00",6,NA,NA,NA,NA,NA,NA,NA,NA,"No",NA,4,"test",11,"aff","positive","feels happy right now","per","vision","can see me","y",0.5,NA
"342","1","us","adults","does that mean...?","cb1","R_3t3rKkLbC6Fq60t","2014-04-11 09:38:00",3,NA,NA,NA,NA,NA,NA,NA,NA,NA,NA,4,"practice",1,NA,NA,"is purple",NA,NA,"is green","n",-1.5,NA
"343","1","us","adults","does that mean...?","cb1","R_3t3rKkLbC6Fq60t","2014-04-11 09:38:00",3,NA,NA,NA,NA,NA,NA,NA,NA,NA,NA,4,"practice",2,NA,NA,"is walking around",NA,NA,"has legs","y",1.5,NA
"344","1","us","adults","does that mean...?","cb1","R_3t3rKkLbC6Fq60t","2014-04-11 09:38:00",3,NA,NA,NA,NA,NA,NA,NA,NA,NA,NA,4,"practice",3,NA,NA,"is made out of paper",NA,NA,"might rip sometime","y",0.5,NA
"345","1","us","adults","does that mean...?","cb1","R_3t3rKkLbC6Fq60t","2014-04-11 09:38:00",3,NA,NA,NA,NA,NA,NA,NA,NA,NA,NA,4,"test",4,"aut","noise","is making noises all by itself","aff","positive","can be in a good mood sometimes","y",0.5,NA
"346","1","us","adults","does that mean...?","cb1","R_3t3rKkLbC6Fq60t","2014-04-11 09:38:00",3,NA,NA,NA,NA,NA,NA,NA,NA,NA,NA,4,"test",5,"phy","metal_plastic","is made out of metal","aut","movement","can move itself from one side of the box to the other","n",-0.5,NA
"347","1","us","adults","does that mean...?","cb1","R_3t3rKkLbC6Fq60t","2014-04-11 09:38:00",3,NA,NA,NA,NA,NA,NA,NA,NA,NA,NA,4,"test",6,"per","vision","can see what the box looks like","per","hearing","can hear what's going on around it","y",0.5,NA
"348","1","us","adults","does that mean...?","cb1","R_3t3rKkLbC6Fq60t","2014-04-11 09:38:00",3,NA,NA,NA,NA,NA,NA,NA,NA,NA,NA,4,"test",7,"aff","negative","is in a bad mood right now","phy","glass_clay","is made out of clay","n",-1.5,NA
"349","1","us","adults","does that mean...?","cb1","R_3t3rKkLbC6Fq60t","2014-04-11 09:38:00",3,NA,NA,NA,NA,NA,NA,NA,NA,NA,NA,4,"test",8,"aut","movement","is moving itself around the box","aut","noise","can make sounds on its own","n",-0.5,NA
"350","1","us","adults","does that mean...?","cb1","R_3t3rKkLbC6Fq60t","2014-04-11 09:38:00",3,NA,NA,NA,NA,NA,NA,NA,NA,NA,NA,4,"test",9,"phy","glass_clay","is made out of glass","aff","negative","can feel sad sometimes","n",-1.5,NA
"351","1","us","adults","does that mean...?","cb1","R_3t3rKkLbC6Fq60t","2014-04-11 09:38:00",3,NA,NA,NA,NA,NA,NA,NA,NA,NA,NA,4,"test",10,"per","hearing","can hear me","phy","metal_plastic","is made out of plastic","n",-1.5,NA
"352","1","us","adults","does that mean...?","cb1","R_3t3rKkLbC6Fq60t","2014-04-11 09:38:00",3,NA,NA,NA,NA,NA,NA,NA,NA,NA,NA,4,"test",11,"aff","positive","feels happy right now","per","vision","can see me","y",0.5,NA
"353","1","us","adults","does that mean...?","cb1","R_6Khb6KJvSg0KsG9","2014-04-11 11:17:00",4,NA,NA,NA,NA,NA,NA,NA,NA,NA,NA,4,"practice",1,NA,NA,"is purple",NA,NA,"is green","y",0.5,NA
"354","1","us","adults","does that mean...?","cb1","R_6Khb6KJvSg0KsG9","2014-04-11 11:17:00",4,NA,NA,NA,NA,NA,NA,NA,NA,NA,NA,4,"practice",2,NA,NA,"is walking around",NA,NA,"has legs","n",-0.5,NA
"355","1","us","adults","does that mean...?","cb1","R_6Khb6KJvSg0KsG9","2014-04-11 11:17:00",4,NA,NA,NA,NA,NA,NA,NA,NA,NA,NA,4,"practice",3,NA,NA,"is made out of paper",NA,NA,"might rip sometime","y",0.5,NA
"356","1","us","adults","does that mean...?","cb1","R_6Khb6KJvSg0KsG9","2014-04-11 11:17:00",4,NA,NA,NA,NA,NA,NA,NA,NA,NA,NA,4,"test",4,"aut","noise","is making noises all by itself","aff","positive","can be in a good mood sometimes","n",-0.5,NA
"357","1","us","adults","does that mean...?","cb1","R_6Khb6KJvSg0KsG9","2014-04-11 11:17:00",4,NA,NA,NA,NA,NA,NA,NA,NA,NA,NA,4,"test",5,"phy","metal_plastic","is made out of metal","aut","movement","can move itself from one side of the box to the other","y",0.5,NA
"358","1","us","adults","does that mean...?","cb1","R_6Khb6KJvSg0KsG9","2014-04-11 11:17:00",4,NA,NA,NA,NA,NA,NA,NA,NA,NA,NA,4,"test",6,"per","vision","can see what the box looks like","per","hearing","can hear what's going on around it","n",-0.5,NA
"359","1","us","adults","does that mean...?","cb1","R_6Khb6KJvSg0KsG9","2014-04-11 11:17:00",4,NA,NA,NA,NA,NA,NA,NA,NA,NA,NA,4,"test",7,"aff","negative","is in a bad mood right now","phy","glass_clay","is made out of clay","y",0.5,NA
"360","1","us","adults","does that mean...?","cb1","R_6Khb6KJvSg0KsG9","2014-04-11 11:17:00",4,NA,NA,NA,NA,NA,NA,NA,NA,NA,NA,4,"test",8,"aut","movement","is moving itself around the box","aut","noise","can make sounds on its own","n",-0.5,NA
"361","1","us","adults","does that mean...?","cb1","R_6Khb6KJvSg0KsG9","2014-04-11 11:17:00",4,NA,NA,NA,NA,NA,NA,NA,NA,NA,NA,4,"test",9,"phy","glass_clay","is made out of glass","aff","negative","can feel sad sometimes","y",0.5,NA
"362","1","us","adults","does that mean...?","cb1","R_6Khb6KJvSg0KsG9","2014-04-11 11:17:00",4,NA,NA,NA,NA,NA,NA,NA,NA,NA,NA,4,"test",10,"per","hearing","can hear me","phy","metal_plastic","is made out of plastic","n",-0.5,NA
"363","1","us","adults","does that mean...?","cb1","R_6Khb6KJvSg0KsG9","2014-04-11 11:17:00",4,NA,NA,NA,NA,NA,NA,NA,NA,NA,NA,4,"test",11,"aff","positive","feels happy right now","per","vision","can see me","n",-0.5,NA
"364","1","us","adults","does that mean...?","cb1","R_6QFvCE6Rc9RQAaF","2014-05-05 22:57:00",3,NA,NA,NA,NA,NA,NA,NA,NA,"The survey ran smoothly.",NA,4,"practice",1,NA,NA,"is purple",NA,NA,"is green","n",-1.5,NA
"365","1","us","adults","does that mean...?","cb1","R_6QFvCE6Rc9RQAaF","2014-05-05 22:57:00",3,NA,NA,NA,NA,NA,NA,NA,NA,"The survey ran smoothly.",NA,4,"practice",2,NA,NA,"is walking around",NA,NA,"has legs","y",1.5,NA
"366","1","us","adults","does that mean...?","cb1","R_6QFvCE6Rc9RQAaF","2014-05-05 22:57:00",3,NA,NA,NA,NA,NA,NA,NA,NA,"The survey ran smoothly.",NA,4,"practice",3,NA,NA,"is made out of paper",NA,NA,"might rip sometime","y",0.5,NA
"367","1","us","adults","does that mean...?","cb1","R_6QFvCE6Rc9RQAaF","2014-05-05 22:57:00",3,NA,NA,NA,NA,NA,NA,NA,NA,"The survey ran smoothly.",NA,4,"test",4,"aut","noise","is making noises all by itself","aff","positive","can be in a good mood sometimes","n",-0.5,NA
"368","1","us","adults","does that mean...?","cb1","R_6QFvCE6Rc9RQAaF","2014-05-05 22:57:00",3,NA,NA,NA,NA,NA,NA,NA,NA,"The survey ran smoothly.",NA,4,"test",5,"phy","metal_plastic","is made out of metal","aut","movement","can move itself from one side of the box to the other","n",-1.5,NA
"369","1","us","adults","does that mean...?","cb1","R_6QFvCE6Rc9RQAaF","2014-05-05 22:57:00",3,NA,NA,NA,NA,NA,NA,NA,NA,"The survey ran smoothly.",NA,4,"test",6,"per","vision","can see what the box looks like","per","hearing","can hear what's going on around it","n",-0.5,NA
"370","1","us","adults","does that mean...?","cb1","R_6QFvCE6Rc9RQAaF","2014-05-05 22:57:00",3,NA,NA,NA,NA,NA,NA,NA,NA,"The survey ran smoothly.",NA,4,"test",7,"aff","negative","is in a bad mood right now","phy","glass_clay","is made out of clay","n",-1.5,NA
"371","1","us","adults","does that mean...?","cb1","R_6QFvCE6Rc9RQAaF","2014-05-05 22:57:00",3,NA,NA,NA,NA,NA,NA,NA,NA,"The survey ran smoothly.",NA,4,"test",8,"aut","movement","is moving itself around the box","aut","noise","can make sounds on its own","n",-0.5,NA
"372","1","us","adults","does that mean...?","cb1","R_6QFvCE6Rc9RQAaF","2014-05-05 22:57:00",3,NA,NA,NA,NA,NA,NA,NA,NA,"The survey ran smoothly.",NA,4,"test",9,"phy","glass_clay","is made out of glass","aff","negative","can feel sad sometimes","n",-1.5,NA
"373","1","us","adults","does that mean...?","cb1","R_6QFvCE6Rc9RQAaF","2014-05-05 22:57:00",3,NA,NA,NA,NA,NA,NA,NA,NA,"The survey ran smoothly.",NA,4,"test",10,"per","hearing","can hear me","phy","metal_plastic","is made out of plastic","n",-1.5,NA
"374","1","us","adults","does that mean...?","cb1","R_6QFvCE6Rc9RQAaF","2014-05-05 22:57:00",3,NA,NA,NA,NA,NA,NA,NA,NA,"The survey ran smoothly.",NA,4,"test",11,"aff","positive","feels happy right now","per","vision","can see me","y",0.5,NA
"375","1","us","adults","does that mean...?","cb1","R_8e0Y50u8YOHLbFz","2014-04-11 12:44:00",4,NA,NA,NA,NA,NA,NA,NA,NA,NA,NA,4,"practice",1,NA,NA,"is purple",NA,NA,"is green","n",-1.5,NA
"376","1","us","adults","does that mean...?","cb1","R_8e0Y50u8YOHLbFz","2014-04-11 12:44:00",4,NA,NA,NA,NA,NA,NA,NA,NA,NA,NA,4,"practice",2,NA,NA,"is walking around",NA,NA,"has legs","y",1.5,NA
"377","1","us","adults","does that mean...?","cb1","R_8e0Y50u8YOHLbFz","2014-04-11 12:44:00",4,NA,NA,NA,NA,NA,NA,NA,NA,NA,NA,4,"practice",3,NA,NA,"is made out of paper",NA,NA,"might rip sometime","y",0.5,NA
"378","1","us","adults","does that mean...?","cb1","R_8e0Y50u8YOHLbFz","2014-04-11 12:44:00",4,NA,NA,NA,NA,NA,NA,NA,NA,NA,NA,4,"test",4,"aut","noise","is making noises all by itself","aff","positive","can be in a good mood sometimes","y",0.5,NA
"379","1","us","adults","does that mean...?","cb1","R_8e0Y50u8YOHLbFz","2014-04-11 12:44:00",4,NA,NA,NA,NA,NA,NA,NA,NA,NA,NA,4,"test",5,"phy","metal_plastic","is made out of metal","aut","movement","can move itself from one side of the box to the other","n",-1.5,NA
"380","1","us","adults","does that mean...?","cb1","R_8e0Y50u8YOHLbFz","2014-04-11 12:44:00",4,NA,NA,NA,NA,NA,NA,NA,NA,NA,NA,4,"test",6,"per","vision","can see what the box looks like","per","hearing","can hear what's going on around it","y",0.5,NA
"381","1","us","adults","does that mean...?","cb1","R_8e0Y50u8YOHLbFz","2014-04-11 12:44:00",4,NA,NA,NA,NA,NA,NA,NA,NA,NA,NA,4,"test",7,"aff","negative","is in a bad mood right now","phy","glass_clay","is made out of clay","n",-1.5,NA
"382","1","us","adults","does that mean...?","cb1","R_8e0Y50u8YOHLbFz","2014-04-11 12:44:00",4,NA,NA,NA,NA,NA,NA,NA,NA,NA,NA,4,"test",8,"aut","movement","is moving itself around the box","aut","noise","can make sounds on its own","y",0.5,NA
"383","1","us","adults","does that mean...?","cb1","R_8e0Y50u8YOHLbFz","2014-04-11 12:44:00",4,NA,NA,NA,NA,NA,NA,NA,NA,NA,NA,4,"test",9,"phy","glass_clay","is made out of glass","aff","negative","can feel sad sometimes","n",-1.5,NA
"384","1","us","adults","does that mean...?","cb1","R_8e0Y50u8YOHLbFz","2014-04-11 12:44:00",4,NA,NA,NA,NA,NA,NA,NA,NA,NA,NA,4,"test",10,"per","hearing","can hear me","phy","metal_plastic","is made out of plastic","n",-1.5,NA
"385","1","us","adults","does that mean...?","cb1","R_8e0Y50u8YOHLbFz","2014-04-11 12:44:00",4,NA,NA,NA,NA,NA,NA,NA,NA,NA,NA,4,"test",11,"aff","positive","feels happy right now","per","vision","can see me","y",0.5,NA
"386","1","us","adults","does that mean...?","cb1","R_a44cAHYYGKHppd3","2014-04-11 08:16:00",2,NA,NA,NA,NA,NA,NA,NA,NA,NA,NA,4,"practice",1,NA,NA,"is purple",NA,NA,"is green","y",0.5,NA
"387","1","us","adults","does that mean...?","cb1","R_a44cAHYYGKHppd3","2014-04-11 08:16:00",2,NA,NA,NA,NA,NA,NA,NA,NA,NA,NA,4,"practice",2,NA,NA,"is walking around",NA,NA,"has legs","y",0.5,NA
"388","1","us","adults","does that mean...?","cb1","R_a44cAHYYGKHppd3","2014-04-11 08:16:00",2,NA,NA,NA,NA,NA,NA,NA,NA,NA,NA,4,"practice",3,NA,NA,"is made out of paper",NA,NA,"might rip sometime","y",0.5,NA
"389","1","us","adults","does that mean...?","cb1","R_a44cAHYYGKHppd3","2014-04-11 08:16:00",2,NA,NA,NA,NA,NA,NA,NA,NA,NA,NA,4,"test",4,"aut","noise","is making noises all by itself","aff","positive","can be in a good mood sometimes","y",0.5,NA
"390","1","us","adults","does that mean...?","cb1","R_a44cAHYYGKHppd3","2014-04-11 08:16:00",2,NA,NA,NA,NA,NA,NA,NA,NA,NA,NA,4,"test",5,"phy","metal_plastic","is made out of metal","aut","movement","can move itself from one side of the box to the other","y",0.5,NA
"391","1","us","adults","does that mean...?","cb1","R_a44cAHYYGKHppd3","2014-04-11 08:16:00",2,NA,NA,NA,NA,NA,NA,NA,NA,NA,NA,4,"test",6,"per","vision","can see what the box looks like","per","hearing","can hear what's going on around it","y",0.5,NA
"392","1","us","adults","does that mean...?","cb1","R_a44cAHYYGKHppd3","2014-04-11 08:16:00",2,NA,NA,NA,NA,NA,NA,NA,NA,NA,NA,4,"test",7,"aff","negative","is in a bad mood right now","phy","glass_clay","is made out of clay","y",0.5,NA
"393","1","us","adults","does that mean...?","cb1","R_a44cAHYYGKHppd3","2014-04-11 08:16:00",2,NA,NA,NA,NA,NA,NA,NA,NA,NA,NA,4,"test",8,"aut","movement","is moving itself around the box","aut","noise","can make sounds on its own","y",0.5,NA
"394","1","us","adults","does that mean...?","cb1","R_a44cAHYYGKHppd3","2014-04-11 08:16:00",2,NA,NA,NA,NA,NA,NA,NA,NA,NA,NA,4,"test",9,"phy","glass_clay","is made out of glass","aff","negative","can feel sad sometimes","n",-1.5,NA
"395","1","us","adults","does that mean...?","cb1","R_a44cAHYYGKHppd3","2014-04-11 08:16:00",2,NA,NA,NA,NA,NA,NA,NA,NA,NA,NA,4,"test",10,"per","hearing","can hear me","phy","metal_plastic","is made out of plastic","n",-1.5,NA
"396","1","us","adults","does that mean...?","cb1","R_a44cAHYYGKHppd3","2014-04-11 08:16:00",2,NA,NA,NA,NA,NA,NA,NA,NA,NA,NA,4,"test",11,"aff","positive","feels happy right now","per","vision","can see me","y",0.5,NA
"397","1","us","adults","does that mean...?","cb1","R_bErDdyqW2lqLRhX","2014-04-11 13:22:00",3,NA,NA,NA,NA,NA,NA,NA,NA,"Bonus please. Thank you!",NA,4,"practice",1,NA,NA,"is purple",NA,NA,"is green","n",-1.5,NA
"398","1","us","adults","does that mean...?","cb1","R_bErDdyqW2lqLRhX","2014-04-11 13:22:00",3,NA,NA,NA,NA,NA,NA,NA,NA,"Bonus please. Thank you!",NA,4,"practice",2,NA,NA,"is walking around",NA,NA,"has legs","y",1.5,NA
"399","1","us","adults","does that mean...?","cb1","R_bErDdyqW2lqLRhX","2014-04-11 13:22:00",3,NA,NA,NA,NA,NA,NA,NA,NA,"Bonus please. Thank you!",NA,4,"practice",3,NA,NA,"is made out of paper",NA,NA,"might rip sometime","y",0.5,NA
"400","1","us","adults","does that mean...?","cb1","R_bErDdyqW2lqLRhX","2014-04-11 13:22:00",3,NA,NA,NA,NA,NA,NA,NA,NA,"Bonus please. Thank you!",NA,4,"test",4,"aut","noise","is making noises all by itself","aff","positive","can be in a good mood sometimes","y",0.5,NA
"401","1","us","adults","does that mean...?","cb1","R_bErDdyqW2lqLRhX","2014-04-11 13:22:00",3,NA,NA,NA,NA,NA,NA,NA,NA,"Bonus please. Thank you!",NA,4,"test",5,"phy","metal_plastic","is made out of metal","aut","movement","can move itself from one side of the box to the other","n",-0.5,NA
"402","1","us","adults","does that mean...?","cb1","R_bErDdyqW2lqLRhX","2014-04-11 13:22:00",3,NA,NA,NA,NA,NA,NA,NA,NA,"Bonus please. Thank you!",NA,4,"test",6,"per","vision","can see what the box looks like","per","hearing","can hear what's going on around it","y",0.5,NA
"403","1","us","adults","does that mean...?","cb1","R_bErDdyqW2lqLRhX","2014-04-11 13:22:00",3,NA,NA,NA,NA,NA,NA,NA,NA,"Bonus please. Thank you!",NA,4,"test",7,"aff","negative","is in a bad mood right now","phy","glass_clay","is made out of clay","n",-1.5,NA
"404","1","us","adults","does that mean...?","cb1","R_bErDdyqW2lqLRhX","2014-04-11 13:22:00",3,NA,NA,NA,NA,NA,NA,NA,NA,"Bonus please. Thank you!",NA,4,"test",8,"aut","movement","is moving itself around the box","aut","noise","can make sounds on its own","n",-0.5,NA
"405","1","us","adults","does that mean...?","cb1","R_bErDdyqW2lqLRhX","2014-04-11 13:22:00",3,NA,NA,NA,NA,NA,NA,NA,NA,"Bonus please. Thank you!",NA,4,"test",9,"phy","glass_clay","is made out of glass","aff","negative","can feel sad sometimes","n",-1.5,NA
"406","1","us","adults","does that mean...?","cb1","R_bErDdyqW2lqLRhX","2014-04-11 13:22:00",3,NA,NA,NA,NA,NA,NA,NA,NA,"Bonus please. Thank you!",NA,4,"test",10,"per","hearing","can hear me","phy","metal_plastic","is made out of plastic","n",-1.5,NA
"407","1","us","adults","does that mean...?","cb1","R_bErDdyqW2lqLRhX","2014-04-11 13:22:00",3,NA,NA,NA,NA,NA,NA,NA,NA,"Bonus please. Thank you!",NA,4,"test",11,"aff","positive","feels happy right now","per","vision","can see me","y",0.5,NA
"408","1","us","adults","does that mean...?","cb1","R_dbwJD3rLYRoehNz","2014-04-11 08:50:00",3,NA,NA,NA,NA,NA,NA,NA,NA,NA,NA,4,"practice",1,NA,NA,"is purple",NA,NA,"is green","n",-1.5,NA
"409","1","us","adults","does that mean...?","cb1","R_dbwJD3rLYRoehNz","2014-04-11 08:50:00",3,NA,NA,NA,NA,NA,NA,NA,NA,NA,NA,4,"practice",2,NA,NA,"is walking around",NA,NA,"has legs","y",1.5,NA
"410","1","us","adults","does that mean...?","cb1","R_dbwJD3rLYRoehNz","2014-04-11 08:50:00",3,NA,NA,NA,NA,NA,NA,NA,NA,NA,NA,4,"practice",3,NA,NA,"is made out of paper",NA,NA,"might rip sometime","y",0.5,NA
"411","1","us","adults","does that mean...?","cb1","R_dbwJD3rLYRoehNz","2014-04-11 08:50:00",3,NA,NA,NA,NA,NA,NA,NA,NA,NA,NA,4,"test",4,"aut","noise","is making noises all by itself","aff","positive","can be in a good mood sometimes","y",0.5,NA
"412","1","us","adults","does that mean...?","cb1","R_dbwJD3rLYRoehNz","2014-04-11 08:50:00",3,NA,NA,NA,NA,NA,NA,NA,NA,NA,NA,4,"test",5,"phy","metal_plastic","is made out of metal","aut","movement","can move itself from one side of the box to the other","n",-0.5,NA
"413","1","us","adults","does that mean...?","cb1","R_dbwJD3rLYRoehNz","2014-04-11 08:50:00",3,NA,NA,NA,NA,NA,NA,NA,NA,NA,NA,4,"test",6,"per","vision","can see what the box looks like","per","hearing","can hear what's going on around it","y",0.5,NA
"414","1","us","adults","does that mean...?","cb1","R_dbwJD3rLYRoehNz","2014-04-11 08:50:00",3,NA,NA,NA,NA,NA,NA,NA,NA,NA,NA,4,"test",7,"aff","negative","is in a bad mood right now","phy","glass_clay","is made out of clay","n",-1.5,NA
"415","1","us","adults","does that mean...?","cb1","R_dbwJD3rLYRoehNz","2014-04-11 08:50:00",3,NA,NA,NA,NA,NA,NA,NA,NA,NA,NA,4,"test",8,"aut","movement","is moving itself around the box","aut","noise","can make sounds on its own","y",0.5,NA
"416","1","us","adults","does that mean...?","cb1","R_dbwJD3rLYRoehNz","2014-04-11 08:50:00",3,NA,NA,NA,NA,NA,NA,NA,NA,NA,NA,4,"test",9,"phy","glass_clay","is made out of glass","aff","negative","can feel sad sometimes","n",-1.5,NA
"417","1","us","adults","does that mean...?","cb1","R_dbwJD3rLYRoehNz","2014-04-11 08:50:00",3,NA,NA,NA,NA,NA,NA,NA,NA,NA,NA,4,"test",10,"per","hearing","can hear me","phy","metal_plastic","is made out of plastic","n",-1.5,NA
"418","1","us","adults","does that mean...?","cb1","R_dbwJD3rLYRoehNz","2014-04-11 08:50:00",3,NA,NA,NA,NA,NA,NA,NA,NA,NA,NA,4,"test",11,"aff","positive","feels happy right now","per","vision","can see me","y",0.5,NA
"419","1","us","adults","does that mean...?","cb1","R_ebKOr59GF3HQSyN","2014-04-11 07:39:00",2,NA,NA,NA,NA,NA,NA,NA,NA,NA,NA,4,"practice",1,NA,NA,"is purple",NA,NA,"is green","n",-1.5,NA
"420","1","us","adults","does that mean...?","cb1","R_ebKOr59GF3HQSyN","2014-04-11 07:39:00",2,NA,NA,NA,NA,NA,NA,NA,NA,NA,NA,4,"practice",2,NA,NA,"is walking around",NA,NA,"has legs","y",1.5,NA
"421","1","us","adults","does that mean...?","cb1","R_ebKOr59GF3HQSyN","2014-04-11 07:39:00",2,NA,NA,NA,NA,NA,NA,NA,NA,NA,NA,4,"practice",3,NA,NA,"is made out of paper",NA,NA,"might rip sometime","y",1.5,NA
"422","1","us","adults","does that mean...?","cb1","R_ebKOr59GF3HQSyN","2014-04-11 07:39:00",2,NA,NA,NA,NA,NA,NA,NA,NA,NA,NA,4,"test",4,"aut","noise","is making noises all by itself","aff","positive","can be in a good mood sometimes","y",0.5,NA
"423","1","us","adults","does that mean...?","cb1","R_ebKOr59GF3HQSyN","2014-04-11 07:39:00",2,NA,NA,NA,NA,NA,NA,NA,NA,NA,NA,4,"test",5,"phy","metal_plastic","is made out of metal","aut","movement","can move itself from one side of the box to the other","n",-1.5,NA
"424","1","us","adults","does that mean...?","cb1","R_ebKOr59GF3HQSyN","2014-04-11 07:39:00",2,NA,NA,NA,NA,NA,NA,NA,NA,NA,NA,4,"test",6,"per","vision","can see what the box looks like","per","hearing","can hear what's going on around it","y",0.5,NA
"425","1","us","adults","does that mean...?","cb1","R_ebKOr59GF3HQSyN","2014-04-11 07:39:00",2,NA,NA,NA,NA,NA,NA,NA,NA,NA,NA,4,"test",7,"aff","negative","is in a bad mood right now","phy","glass_clay","is made out of clay","n",-1.5,NA
"426","1","us","adults","does that mean...?","cb1","R_ebKOr59GF3HQSyN","2014-04-11 07:39:00",2,NA,NA,NA,NA,NA,NA,NA,NA,NA,NA,4,"test",8,"aut","movement","is moving itself around the box","aut","noise","can make sounds on its own","y",0.5,NA
"427","1","us","adults","does that mean...?","cb1","R_ebKOr59GF3HQSyN","2014-04-11 07:39:00",2,NA,NA,NA,NA,NA,NA,NA,NA,NA,NA,4,"test",9,"phy","glass_clay","is made out of glass","aff","negative","can feel sad sometimes","n",-1.5,NA
"428","1","us","adults","does that mean...?","cb1","R_ebKOr59GF3HQSyN","2014-04-11 07:39:00",2,NA,NA,NA,NA,NA,NA,NA,NA,NA,NA,4,"test",10,"per","hearing","can hear me","phy","metal_plastic","is made out of plastic","n",-1.5,NA
"429","1","us","adults","does that mean...?","cb1","R_ebKOr59GF3HQSyN","2014-04-11 07:39:00",2,NA,NA,NA,NA,NA,NA,NA,NA,NA,NA,4,"test",11,"aff","positive","feels happy right now","per","vision","can see me","y",0.5,NA
"430","1","us","adults","does that mean...?","cb1","R_ebyVrjRRGF7Cesl","2014-04-11 07:30:00",3,NA,NA,NA,NA,NA,NA,NA,NA,NA,NA,4,"practice",1,NA,NA,"is purple",NA,NA,"is green","n",-1.5,NA
"431","1","us","adults","does that mean...?","cb1","R_ebyVrjRRGF7Cesl","2014-04-11 07:30:00",3,NA,NA,NA,NA,NA,NA,NA,NA,NA,NA,4,"practice",2,NA,NA,"is walking around",NA,NA,"has legs","n",-1.5,NA
"432","1","us","adults","does that mean...?","cb1","R_ebyVrjRRGF7Cesl","2014-04-11 07:30:00",3,NA,NA,NA,NA,NA,NA,NA,NA,NA,NA,4,"practice",3,NA,NA,"is made out of paper",NA,NA,"might rip sometime","n",-0.5,NA
"433","1","us","adults","does that mean...?","cb1","R_ebyVrjRRGF7Cesl","2014-04-11 07:30:00",3,NA,NA,NA,NA,NA,NA,NA,NA,NA,NA,4,"test",4,"aut","noise","is making noises all by itself","aff","positive","can be in a good mood sometimes","n",-0.5,NA
"434","1","us","adults","does that mean...?","cb1","R_ebyVrjRRGF7Cesl","2014-04-11 07:30:00",3,NA,NA,NA,NA,NA,NA,NA,NA,NA,NA,4,"test",5,"phy","metal_plastic","is made out of metal","aut","movement","can move itself from one side of the box to the other","y",1.5,NA
"435","1","us","adults","does that mean...?","cb1","R_ebyVrjRRGF7Cesl","2014-04-11 07:30:00",3,NA,NA,NA,NA,NA,NA,NA,NA,NA,NA,4,"test",6,"per","vision","can see what the box looks like","per","hearing","can hear what's going on around it","y",0.5,NA
"436","1","us","adults","does that mean...?","cb1","R_ebyVrjRRGF7Cesl","2014-04-11 07:30:00",3,NA,NA,NA,NA,NA,NA,NA,NA,NA,NA,4,"test",7,"aff","negative","is in a bad mood right now","phy","glass_clay","is made out of clay","n",-1.5,NA
"437","1","us","adults","does that mean...?","cb1","R_ebyVrjRRGF7Cesl","2014-04-11 07:30:00",3,NA,NA,NA,NA,NA,NA,NA,NA,NA,NA,4,"test",8,"aut","movement","is moving itself around the box","aut","noise","can make sounds on its own","n",-0.5,NA
"438","1","us","adults","does that mean...?","cb1","R_ebyVrjRRGF7Cesl","2014-04-11 07:30:00",3,NA,NA,NA,NA,NA,NA,NA,NA,NA,NA,4,"test",9,"phy","glass_clay","is made out of glass","aff","negative","can feel sad sometimes","y",0.5,NA
"439","1","us","adults","does that mean...?","cb1","R_ebyVrjRRGF7Cesl","2014-04-11 07:30:00",3,NA,NA,NA,NA,NA,NA,NA,NA,NA,NA,4,"test",10,"per","hearing","can hear me","phy","metal_plastic","is made out of plastic","y",0.5,NA
"440","1","us","adults","does that mean...?","cb1","R_ebyVrjRRGF7Cesl","2014-04-11 07:30:00",3,NA,NA,NA,NA,NA,NA,NA,NA,NA,NA,4,"test",11,"aff","positive","feels happy right now","per","vision","can see me","y",0.5,NA
"441","1","us","adults","does that mean...?","cb1","R_01XYhQZBIwvxdDD","2014-05-05 22:55:00",2,NA,NA,NA,NA,NA,NA,NA,NA,NA,NA,5,"practice",1,NA,NA,"is purple",NA,NA,"is green","n",-1.5,NA
"442","1","us","adults","does that mean...?","cb1","R_01XYhQZBIwvxdDD","2014-05-05 22:55:00",2,NA,NA,NA,NA,NA,NA,NA,NA,NA,NA,5,"practice",2,NA,NA,"is walking around",NA,NA,"has legs","y",0.5,NA
"443","1","us","adults","does that mean...?","cb1","R_01XYhQZBIwvxdDD","2014-05-05 22:55:00",2,NA,NA,NA,NA,NA,NA,NA,NA,NA,NA,5,"practice",3,NA,NA,"is made out of paper",NA,NA,"might rip sometime","y",1.5,NA
"444","1","us","adults","does that mean...?","cb1","R_01XYhQZBIwvxdDD","2014-05-05 22:55:00",2,NA,NA,NA,NA,NA,NA,NA,NA,NA,NA,5,"test",4,"phy","glass_clay","is made out of clay","per","vision","can see what the box looks like","n",-0.5,NA
"445","1","us","adults","does that mean...?","cb1","R_01XYhQZBIwvxdDD","2014-05-05 22:55:00",2,NA,NA,NA,NA,NA,NA,NA,NA,NA,NA,5,"test",5,"aff","negative","feels sad right now","aut","movement","can move itself from one side of the box to the other","y",0.5,NA
"446","1","us","adults","does that mean...?","cb1","R_01XYhQZBIwvxdDD","2014-05-05 22:55:00",2,NA,NA,NA,NA,NA,NA,NA,NA,NA,NA,5,"test",6,"per","hearing","can hear me","aff","positive","can be in a good mood sometimes","y",0.5,NA
"447","1","us","adults","does that mean...?","cb1","R_01XYhQZBIwvxdDD","2014-05-05 22:55:00",2,NA,NA,NA,NA,NA,NA,NA,NA,NA,NA,5,"test",7,"aut","noise","is making noises all by itself","phy","metal_plastic","is made out of metal","y",0.5,NA
"448","1","us","adults","does that mean...?","cb1","R_01XYhQZBIwvxdDD","2014-05-05 22:55:00",2,NA,NA,NA,NA,NA,NA,NA,NA,NA,NA,5,"test",8,"aff","positive","feels happy right now","aff","negative","can be in a bad mood sometimes","y",0.5,NA
"449","1","us","adults","does that mean...?","cb1","R_01XYhQZBIwvxdDD","2014-05-05 22:55:00",2,NA,NA,NA,NA,NA,NA,NA,NA,NA,NA,5,"test",9,"aut","movement","is moving itself around the box","per","hearing","can hear what's going on around it","y",0.5,NA
"450","1","us","adults","does that mean...?","cb1","R_01XYhQZBIwvxdDD","2014-05-05 22:55:00",2,NA,NA,NA,NA,NA,NA,NA,NA,NA,NA,5,"test",10,"phy","metal_plastic","is made out of plastic","phy","glass_clay","is made out of glass","n",-1.5,NA
"451","1","us","adults","does that mean...?","cb1","R_01XYhQZBIwvxdDD","2014-05-05 22:55:00",2,NA,NA,NA,NA,NA,NA,NA,NA,NA,NA,5,"test",11,"per","vision","can see me","aut","noise","can make sounds on its own","y",0.5,NA
"452","1","us","adults","does that mean...?","cb1","R_1GMkS9BVvMekNwN","2014-04-11 09:10:00",3,NA,NA,NA,NA,NA,NA,NA,NA,NA,NA,5,"practice",1,NA,NA,"is purple",NA,NA,"is green","n",-1.5,NA
"453","1","us","adults","does that mean...?","cb1","R_1GMkS9BVvMekNwN","2014-04-11 09:10:00",3,NA,NA,NA,NA,NA,NA,NA,NA,NA,NA,5,"practice",2,NA,NA,"is walking around",NA,NA,"has legs","y",1.5,NA
"454","1","us","adults","does that mean...?","cb1","R_1GMkS9BVvMekNwN","2014-04-11 09:10:00",3,NA,NA,NA,NA,NA,NA,NA,NA,NA,NA,5,"practice",3,NA,NA,"is made out of paper",NA,NA,"might rip sometime","y",0.5,NA
"455","1","us","adults","does that mean...?","cb1","R_1GMkS9BVvMekNwN","2014-04-11 09:10:00",3,NA,NA,NA,NA,NA,NA,NA,NA,NA,NA,5,"test",4,"phy","glass_clay","is made out of clay","per","vision","can see what the box looks like","n",-1.5,NA
"456","1","us","adults","does that mean...?","cb1","R_1GMkS9BVvMekNwN","2014-04-11 09:10:00",3,NA,NA,NA,NA,NA,NA,NA,NA,NA,NA,5,"test",5,"aff","negative","feels sad right now","aut","movement","can move itself from one side of the box to the other","n",-1.5,NA
"457","1","us","adults","does that mean...?","cb1","R_1GMkS9BVvMekNwN","2014-04-11 09:10:00",3,NA,NA,NA,NA,NA,NA,NA,NA,NA,NA,5,"test",6,"per","hearing","can hear me","aff","positive","can be in a good mood sometimes","n",-1.5,NA
"458","1","us","adults","does that mean...?","cb1","R_1GMkS9BVvMekNwN","2014-04-11 09:10:00",3,NA,NA,NA,NA,NA,NA,NA,NA,NA,NA,5,"test",7,"aut","noise","is making noises all by itself","phy","metal_plastic","is made out of metal","n",-1.5,NA
"459","1","us","adults","does that mean...?","cb1","R_1GMkS9BVvMekNwN","2014-04-11 09:10:00",3,NA,NA,NA,NA,NA,NA,NA,NA,NA,NA,5,"test",8,"aff","positive","feels happy right now","aff","negative","can be in a bad mood sometimes","y",0.5,NA
"460","1","us","adults","does that mean...?","cb1","R_1GMkS9BVvMekNwN","2014-04-11 09:10:00",3,NA,NA,NA,NA,NA,NA,NA,NA,NA,NA,5,"test",9,"aut","movement","is moving itself around the box","per","hearing","can hear what's going on around it","n",-1.5,NA
"461","1","us","adults","does that mean...?","cb1","R_1GMkS9BVvMekNwN","2014-04-11 09:10:00",3,NA,NA,NA,NA,NA,NA,NA,NA,NA,NA,5,"test",10,"phy","metal_plastic","is made out of plastic","phy","glass_clay","is made out of glass","n",-1.5,NA
"462","1","us","adults","does that mean...?","cb1","R_1GMkS9BVvMekNwN","2014-04-11 09:10:00",3,NA,NA,NA,NA,NA,NA,NA,NA,NA,NA,5,"test",11,"per","vision","can see me","aut","noise","can make sounds on its own","n",-1.5,NA
"463","1","us","adults","does that mean...?","cb1","R_4SIKmQSDRFIzZsN","2014-04-11 12:32:00",4,NA,NA,NA,NA,NA,NA,NA,NA,NA,NA,5,"practice",1,NA,NA,"is purple",NA,NA,"is green","n",-1.5,NA
"464","1","us","adults","does that mean...?","cb1","R_4SIKmQSDRFIzZsN","2014-04-11 12:32:00",4,NA,NA,NA,NA,NA,NA,NA,NA,NA,NA,5,"practice",2,NA,NA,"is walking around",NA,NA,"has legs","y",1.5,NA
"465","1","us","adults","does that mean...?","cb1","R_4SIKmQSDRFIzZsN","2014-04-11 12:32:00",4,NA,NA,NA,NA,NA,NA,NA,NA,NA,NA,5,"practice",3,NA,NA,"is made out of paper",NA,NA,"might rip sometime","y",1.5,NA
"466","1","us","adults","does that mean...?","cb1","R_4SIKmQSDRFIzZsN","2014-04-11 12:32:00",4,NA,NA,NA,NA,NA,NA,NA,NA,NA,NA,5,"test",4,"phy","glass_clay","is made out of clay","per","vision","can see what the box looks like","n",-1.5,NA
"467","1","us","adults","does that mean...?","cb1","R_4SIKmQSDRFIzZsN","2014-04-11 12:32:00",4,NA,NA,NA,NA,NA,NA,NA,NA,NA,NA,5,"test",5,"aff","negative","feels sad right now","aut","movement","can move itself from one side of the box to the other","y",0.5,NA
"468","1","us","adults","does that mean...?","cb1","R_4SIKmQSDRFIzZsN","2014-04-11 12:32:00",4,NA,NA,NA,NA,NA,NA,NA,NA,NA,NA,5,"test",6,"per","hearing","can hear me","aff","positive","can be in a good mood sometimes","y",0.5,NA
"469","1","us","adults","does that mean...?","cb1","R_4SIKmQSDRFIzZsN","2014-04-11 12:32:00",4,NA,NA,NA,NA,NA,NA,NA,NA,NA,NA,5,"test",7,"aut","noise","is making noises all by itself","phy","metal_plastic","is made out of metal","n",-0.5,NA
"470","1","us","adults","does that mean...?","cb1","R_4SIKmQSDRFIzZsN","2014-04-11 12:32:00",4,NA,NA,NA,NA,NA,NA,NA,NA,NA,NA,5,"test",8,"aff","positive","feels happy right now","aff","negative","can be in a bad mood sometimes","y",0.5,NA
"471","1","us","adults","does that mean...?","cb1","R_4SIKmQSDRFIzZsN","2014-04-11 12:32:00",4,NA,NA,NA,NA,NA,NA,NA,NA,NA,NA,5,"test",9,"aut","movement","is moving itself around the box","per","hearing","can hear what's going on around it","y",0.5,NA
"472","1","us","adults","does that mean...?","cb1","R_4SIKmQSDRFIzZsN","2014-04-11 12:32:00",4,NA,NA,NA,NA,NA,NA,NA,NA,NA,NA,5,"test",10,"phy","metal_plastic","is made out of plastic","phy","glass_clay","is made out of glass","n",-0.5,NA
"473","1","us","adults","does that mean...?","cb1","R_4SIKmQSDRFIzZsN","2014-04-11 12:32:00",4,NA,NA,NA,NA,NA,NA,NA,NA,NA,NA,5,"test",11,"per","vision","can see me","aut","noise","can make sounds on its own","y",0.5,NA
"474","1","us","adults","does that mean...?","cb1","R_55popjO0lVetVdj","2014-04-11 09:15:00",3,NA,NA,NA,NA,NA,NA,NA,NA,"no thank you",NA,5,"practice",1,NA,NA,"is purple",NA,NA,"is green","n",-1.5,NA
"475","1","us","adults","does that mean...?","cb1","R_55popjO0lVetVdj","2014-04-11 09:15:00",3,NA,NA,NA,NA,NA,NA,NA,NA,"no thank you",NA,5,"practice",2,NA,NA,"is walking around",NA,NA,"has legs","y",1.5,NA
"476","1","us","adults","does that mean...?","cb1","R_55popjO0lVetVdj","2014-04-11 09:15:00",3,NA,NA,NA,NA,NA,NA,NA,NA,"no thank you",NA,5,"practice",3,NA,NA,"is made out of paper",NA,NA,"might rip sometime","y",0.5,NA
"477","1","us","adults","does that mean...?","cb1","R_55popjO0lVetVdj","2014-04-11 09:15:00",3,NA,NA,NA,NA,NA,NA,NA,NA,"no thank you",NA,5,"test",4,"phy","glass_clay","is made out of clay","per","vision","can see what the box looks like","n",-0.5,NA
"478","1","us","adults","does that mean...?","cb1","R_55popjO0lVetVdj","2014-04-11 09:15:00",3,NA,NA,NA,NA,NA,NA,NA,NA,"no thank you",NA,5,"test",5,"aff","negative","feels sad right now","aut","movement","can move itself from one side of the box to the other","n",-0.5,NA
"479","1","us","adults","does that mean...?","cb1","R_55popjO0lVetVdj","2014-04-11 09:15:00",3,NA,NA,NA,NA,NA,NA,NA,NA,"no thank you",NA,5,"test",6,"per","hearing","can hear me","aff","positive","can be in a good mood sometimes","y",0.5,NA
"480","1","us","adults","does that mean...?","cb1","R_55popjO0lVetVdj","2014-04-11 09:15:00",3,NA,NA,NA,NA,NA,NA,NA,NA,"no thank you",NA,5,"test",7,"aut","noise","is making noises all by itself","phy","metal_plastic","is made out of metal","n",-0.5,NA
"481","1","us","adults","does that mean...?","cb1","R_55popjO0lVetVdj","2014-04-11 09:15:00",3,NA,NA,NA,NA,NA,NA,NA,NA,"no thank you",NA,5,"test",8,"aff","positive","feels happy right now","aff","negative","can be in a bad mood sometimes","y",1.5,NA
"482","1","us","adults","does that mean...?","cb1","R_55popjO0lVetVdj","2014-04-11 09:15:00",3,NA,NA,NA,NA,NA,NA,NA,NA,"no thank you",NA,5,"test",9,"aut","movement","is moving itself around the box","per","hearing","can hear what's going on around it","y",0.5,NA
"483","1","us","adults","does that mean...?","cb1","R_55popjO0lVetVdj","2014-04-11 09:15:00",3,NA,NA,NA,NA,NA,NA,NA,NA,"no thank you",NA,5,"test",10,"phy","metal_plastic","is made out of plastic","phy","glass_clay","is made out of glass","n",-1.5,NA
"484","1","us","adults","does that mean...?","cb1","R_55popjO0lVetVdj","2014-04-11 09:15:00",3,NA,NA,NA,NA,NA,NA,NA,NA,"no thank you",NA,5,"test",11,"per","vision","can see me","aut","noise","can make sounds on its own","y",0.5,NA
"485","1","us","adults","does that mean...?","cb1","R_5yHXgyHqSEY87l3","2014-04-11 07:51:00",3,NA,NA,NA,NA,NA,NA,NA,NA,NA,NA,5,"practice",1,NA,NA,"is purple",NA,NA,"is green","n",-1.5,NA
"486","1","us","adults","does that mean...?","cb1","R_5yHXgyHqSEY87l3","2014-04-11 07:51:00",3,NA,NA,NA,NA,NA,NA,NA,NA,NA,NA,5,"practice",2,NA,NA,"is walking around",NA,NA,"has legs","y",1.5,NA
"487","1","us","adults","does that mean...?","cb1","R_5yHXgyHqSEY87l3","2014-04-11 07:51:00",3,NA,NA,NA,NA,NA,NA,NA,NA,NA,NA,5,"practice",3,NA,NA,"is made out of paper",NA,NA,"might rip sometime","y",0.5,NA
"488","1","us","adults","does that mean...?","cb1","R_5yHXgyHqSEY87l3","2014-04-11 07:51:00",3,NA,NA,NA,NA,NA,NA,NA,NA,NA,NA,5,"test",4,"phy","glass_clay","is made out of clay","per","vision","can see what the box looks like","n",-1.5,NA
"489","1","us","adults","does that mean...?","cb1","R_5yHXgyHqSEY87l3","2014-04-11 07:51:00",3,NA,NA,NA,NA,NA,NA,NA,NA,NA,NA,5,"test",5,"aff","negative","feels sad right now","aut","movement","can move itself from one side of the box to the other","y",0.5,NA
"490","1","us","adults","does that mean...?","cb1","R_5yHXgyHqSEY87l3","2014-04-11 07:51:00",3,NA,NA,NA,NA,NA,NA,NA,NA,NA,NA,5,"test",6,"per","hearing","can hear me","aff","positive","can be in a good mood sometimes","y",1.5,NA
"491","1","us","adults","does that mean...?","cb1","R_5yHXgyHqSEY87l3","2014-04-11 07:51:00",3,NA,NA,NA,NA,NA,NA,NA,NA,NA,NA,5,"test",7,"aut","noise","is making noises all by itself","phy","metal_plastic","is made out of metal","y",0.5,NA
"492","1","us","adults","does that mean...?","cb1","R_5yHXgyHqSEY87l3","2014-04-11 07:51:00",3,NA,NA,NA,NA,NA,NA,NA,NA,NA,NA,5,"test",8,"aff","positive","feels happy right now","aff","negative","can be in a bad mood sometimes","y",1.5,NA
"493","1","us","adults","does that mean...?","cb1","R_5yHXgyHqSEY87l3","2014-04-11 07:51:00",3,NA,NA,NA,NA,NA,NA,NA,NA,NA,NA,5,"test",9,"aut","movement","is moving itself around the box","per","hearing","can hear what's going on around it","y",0.5,NA
"494","1","us","adults","does that mean...?","cb1","R_5yHXgyHqSEY87l3","2014-04-11 07:51:00",3,NA,NA,NA,NA,NA,NA,NA,NA,NA,NA,5,"test",10,"phy","metal_plastic","is made out of plastic","phy","glass_clay","is made out of glass","n",-1.5,NA
"495","1","us","adults","does that mean...?","cb1","R_5yHXgyHqSEY87l3","2014-04-11 07:51:00",3,NA,NA,NA,NA,NA,NA,NA,NA,NA,NA,5,"test",11,"per","vision","can see me","aut","noise","can make sounds on its own","y",0.5,NA
"496","1","us","adults","does that mean...?","cb1","R_6FsX2AroVO3SNkp","2014-04-11 09:44:00",3,NA,NA,NA,NA,NA,NA,NA,NA,"Thanks, interesting. Good luck!",NA,5,"practice",1,NA,NA,"is purple",NA,NA,"is green","n",-1.5,NA
"497","1","us","adults","does that mean...?","cb1","R_6FsX2AroVO3SNkp","2014-04-11 09:44:00",3,NA,NA,NA,NA,NA,NA,NA,NA,"Thanks, interesting. Good luck!",NA,5,"practice",2,NA,NA,"is walking around",NA,NA,"has legs","y",1.5,NA
"498","1","us","adults","does that mean...?","cb1","R_6FsX2AroVO3SNkp","2014-04-11 09:44:00",3,NA,NA,NA,NA,NA,NA,NA,NA,"Thanks, interesting. Good luck!",NA,5,"practice",3,NA,NA,"is made out of paper",NA,NA,"might rip sometime","y",0.5,NA
"499","1","us","adults","does that mean...?","cb1","R_6FsX2AroVO3SNkp","2014-04-11 09:44:00",3,NA,NA,NA,NA,NA,NA,NA,NA,"Thanks, interesting. Good luck!",NA,5,"test",4,"phy","glass_clay","is made out of clay","per","vision","can see what the box looks like","n",-0.5,NA
"500","1","us","adults","does that mean...?","cb1","R_6FsX2AroVO3SNkp","2014-04-11 09:44:00",3,NA,NA,NA,NA,NA,NA,NA,NA,"Thanks, interesting. Good luck!",NA,5,"test",5,"aff","negative","feels sad right now","aut","movement","can move itself from one side of the box to the other","n",-0.5,NA
"501","1","us","adults","does that mean...?","cb1","R_6FsX2AroVO3SNkp","2014-04-11 09:44:00",3,NA,NA,NA,NA,NA,NA,NA,NA,"Thanks, interesting. Good luck!",NA,5,"test",6,"per","hearing","can hear me","aff","positive","can be in a good mood sometimes","n",-0.5,NA
"502","1","us","adults","does that mean...?","cb1","R_6FsX2AroVO3SNkp","2014-04-11 09:44:00",3,NA,NA,NA,NA,NA,NA,NA,NA,"Thanks, interesting. Good luck!",NA,5,"test",7,"aut","noise","is making noises all by itself","phy","metal_plastic","is made out of metal","n",-0.5,NA
"503","1","us","adults","does that mean...?","cb1","R_6FsX2AroVO3SNkp","2014-04-11 09:44:00",3,NA,NA,NA,NA,NA,NA,NA,NA,"Thanks, interesting. Good luck!",NA,5,"test",8,"aff","positive","feels happy right now","aff","negative","can be in a bad mood sometimes","y",0.5,NA
"504","1","us","adults","does that mean...?","cb1","R_6FsX2AroVO3SNkp","2014-04-11 09:44:00",3,NA,NA,NA,NA,NA,NA,NA,NA,"Thanks, interesting. Good luck!",NA,5,"test",9,"aut","movement","is moving itself around the box","per","hearing","can hear what's going on around it","n",-0.5,NA
"505","1","us","adults","does that mean...?","cb1","R_6FsX2AroVO3SNkp","2014-04-11 09:44:00",3,NA,NA,NA,NA,NA,NA,NA,NA,"Thanks, interesting. Good luck!",NA,5,"test",10,"phy","metal_plastic","is made out of plastic","phy","glass_clay","is made out of glass","n",-1.5,NA
"506","1","us","adults","does that mean...?","cb1","R_6FsX2AroVO3SNkp","2014-04-11 09:44:00",3,NA,NA,NA,NA,NA,NA,NA,NA,"Thanks, interesting. Good luck!",NA,5,"test",11,"per","vision","can see me","aut","noise","can make sounds on its own","n",-0.5,NA
"507","1","us","adults","does that mean...?","cb1","R_aauPmaaKuI62C9v","2014-04-11 16:37:00",8,NA,NA,NA,NA,NA,NA,NA,NA,NA,NA,5,"practice",1,NA,NA,"is purple",NA,NA,"is green","n",-1.5,NA
"508","1","us","adults","does that mean...?","cb1","R_aauPmaaKuI62C9v","2014-04-11 16:37:00",8,NA,NA,NA,NA,NA,NA,NA,NA,NA,NA,5,"practice",2,NA,NA,"is walking around",NA,NA,"has legs","y",1.5,NA
"509","1","us","adults","does that mean...?","cb1","R_aauPmaaKuI62C9v","2014-04-11 16:37:00",8,NA,NA,NA,NA,NA,NA,NA,NA,NA,NA,5,"practice",3,NA,NA,"is made out of paper",NA,NA,"might rip sometime","y",1.5,NA
"510","1","us","adults","does that mean...?","cb1","R_aauPmaaKuI62C9v","2014-04-11 16:37:00",8,NA,NA,NA,NA,NA,NA,NA,NA,NA,NA,5,"test",4,"phy","glass_clay","is made out of clay","per","vision","can see what the box looks like","n",-1.5,NA
"511","1","us","adults","does that mean...?","cb1","R_aauPmaaKuI62C9v","2014-04-11 16:37:00",8,NA,NA,NA,NA,NA,NA,NA,NA,NA,NA,5,"test",5,"aff","negative","feels sad right now","aut","movement","can move itself from one side of the box to the other","y",0.5,NA
"512","1","us","adults","does that mean...?","cb1","R_aauPmaaKuI62C9v","2014-04-11 16:37:00",8,NA,NA,NA,NA,NA,NA,NA,NA,NA,NA,5,"test",6,"per","hearing","can hear me","aff","positive","can be in a good mood sometimes","y",0.5,NA
"513","1","us","adults","does that mean...?","cb1","R_aauPmaaKuI62C9v","2014-04-11 16:37:00",8,NA,NA,NA,NA,NA,NA,NA,NA,NA,NA,5,"test",7,"aut","noise","is making noises all by itself","phy","metal_plastic","is made out of metal","y",0.5,NA
"514","1","us","adults","does that mean...?","cb1","R_aauPmaaKuI62C9v","2014-04-11 16:37:00",8,NA,NA,NA,NA,NA,NA,NA,NA,NA,NA,5,"test",8,"aff","positive","feels happy right now","aff","negative","can be in a bad mood sometimes","y",0.5,NA
"515","1","us","adults","does that mean...?","cb1","R_aauPmaaKuI62C9v","2014-04-11 16:37:00",8,NA,NA,NA,NA,NA,NA,NA,NA,NA,NA,5,"test",9,"aut","movement","is moving itself around the box","per","hearing","can hear what's going on around it","y",1.5,NA
"516","1","us","adults","does that mean...?","cb1","R_aauPmaaKuI62C9v","2014-04-11 16:37:00",8,NA,NA,NA,NA,NA,NA,NA,NA,NA,NA,5,"test",10,"phy","metal_plastic","is made out of plastic","phy","glass_clay","is made out of glass","n",-1.5,NA
"517","1","us","adults","does that mean...?","cb1","R_aauPmaaKuI62C9v","2014-04-11 16:37:00",8,NA,NA,NA,NA,NA,NA,NA,NA,NA,NA,5,"test",11,"per","vision","can see me","aut","noise","can make sounds on its own","y",1.5,NA
"518","1","us","adults","does that mean...?","cb1","R_bK4FIFYCbI1T56l","2014-04-11 13:24:00",1,NA,NA,NA,NA,NA,NA,NA,NA,NA,NA,5,"practice",1,NA,NA,"is purple",NA,NA,"is green","y",0.5,NA
"519","1","us","adults","does that mean...?","cb1","R_bK4FIFYCbI1T56l","2014-04-11 13:24:00",1,NA,NA,NA,NA,NA,NA,NA,NA,NA,NA,5,"practice",2,NA,NA,"is walking around",NA,NA,"has legs","n",-0.5,NA
"520","1","us","adults","does that mean...?","cb1","R_bK4FIFYCbI1T56l","2014-04-11 13:24:00",1,NA,NA,NA,NA,NA,NA,NA,NA,NA,NA,5,"practice",3,NA,NA,"is made out of paper",NA,NA,"might rip sometime","n",-0.5,NA
"521","1","us","adults","does that mean...?","cb1","R_bK4FIFYCbI1T56l","2014-04-11 13:24:00",1,NA,NA,NA,NA,NA,NA,NA,NA,NA,NA,5,"test",4,"phy","glass_clay","is made out of clay","per","vision","can see what the box looks like","y",0.5,NA
"522","1","us","adults","does that mean...?","cb1","R_bK4FIFYCbI1T56l","2014-04-11 13:24:00",1,NA,NA,NA,NA,NA,NA,NA,NA,NA,NA,5,"test",5,"aff","negative","feels sad right now","aut","movement","can move itself from one side of the box to the other","n",-0.5,NA
"523","1","us","adults","does that mean...?","cb1","R_bK4FIFYCbI1T56l","2014-04-11 13:24:00",1,NA,NA,NA,NA,NA,NA,NA,NA,NA,NA,5,"test",6,"per","hearing","can hear me","aff","positive","can be in a good mood sometimes","y",0.5,NA
"524","1","us","adults","does that mean...?","cb1","R_bK4FIFYCbI1T56l","2014-04-11 13:24:00",1,NA,NA,NA,NA,NA,NA,NA,NA,NA,NA,5,"test",7,"aut","noise","is making noises all by itself","phy","metal_plastic","is made out of metal","n",-0.5,NA
"525","1","us","adults","does that mean...?","cb1","R_bK4FIFYCbI1T56l","2014-04-11 13:24:00",1,NA,NA,NA,NA,NA,NA,NA,NA,NA,NA,5,"test",8,"aff","positive","feels happy right now","aff","negative","can be in a bad mood sometimes","y",0.5,NA
"526","1","us","adults","does that mean...?","cb1","R_bK4FIFYCbI1T56l","2014-04-11 13:24:00",1,NA,NA,NA,NA,NA,NA,NA,NA,NA,NA,5,"test",9,"aut","movement","is moving itself around the box","per","hearing","can hear what's going on around it","n",-0.5,NA
"527","1","us","adults","does that mean...?","cb1","R_bK4FIFYCbI1T56l","2014-04-11 13:24:00",1,NA,NA,NA,NA,NA,NA,NA,NA,NA,NA,5,"test",10,"phy","metal_plastic","is made out of plastic","phy","glass_clay","is made out of glass","n",-0.5,NA
"528","1","us","adults","does that mean...?","cb1","R_bK4FIFYCbI1T56l","2014-04-11 13:24:00",1,NA,NA,NA,NA,NA,NA,NA,NA,NA,NA,5,"test",11,"per","vision","can see me","aut","noise","can make sounds on its own","y",0.5,NA
"529","1","us","adults","does that mean...?","cb1","R_doFZQui3F8R04tf","2014-04-11 07:32:00",2,NA,NA,NA,NA,NA,NA,NA,NA,NA,NA,5,"practice",1,NA,NA,"is purple",NA,NA,"is green","n",-1.5,NA
"530","1","us","adults","does that mean...?","cb1","R_doFZQui3F8R04tf","2014-04-11 07:32:00",2,NA,NA,NA,NA,NA,NA,NA,NA,NA,NA,5,"practice",2,NA,NA,"is walking around",NA,NA,"has legs","y",0.5,NA
"531","1","us","adults","does that mean...?","cb1","R_doFZQui3F8R04tf","2014-04-11 07:32:00",2,NA,NA,NA,NA,NA,NA,NA,NA,NA,NA,5,"practice",3,NA,NA,"is made out of paper",NA,NA,"might rip sometime","y",1.5,NA
"532","1","us","adults","does that mean...?","cb1","R_doFZQui3F8R04tf","2014-04-11 07:32:00",2,NA,NA,NA,NA,NA,NA,NA,NA,NA,NA,5,"test",4,"phy","glass_clay","is made out of clay","per","vision","can see what the box looks like","n",-1.5,NA
"533","1","us","adults","does that mean...?","cb1","R_doFZQui3F8R04tf","2014-04-11 07:32:00",2,NA,NA,NA,NA,NA,NA,NA,NA,NA,NA,5,"test",5,"aff","negative","feels sad right now","aut","movement","can move itself from one side of the box to the other","y",0.5,NA
"534","1","us","adults","does that mean...?","cb1","R_doFZQui3F8R04tf","2014-04-11 07:32:00",2,NA,NA,NA,NA,NA,NA,NA,NA,NA,NA,5,"test",6,"per","hearing","can hear me","aff","positive","can be in a good mood sometimes","y",0.5,NA
"535","1","us","adults","does that mean...?","cb1","R_doFZQui3F8R04tf","2014-04-11 07:32:00",2,NA,NA,NA,NA,NA,NA,NA,NA,NA,NA,5,"test",7,"aut","noise","is making noises all by itself","phy","metal_plastic","is made out of metal","n",-0.5,NA
"536","1","us","adults","does that mean...?","cb1","R_doFZQui3F8R04tf","2014-04-11 07:32:00",2,NA,NA,NA,NA,NA,NA,NA,NA,NA,NA,5,"test",8,"aff","positive","feels happy right now","aff","negative","can be in a bad mood sometimes","y",0.5,NA
"537","1","us","adults","does that mean...?","cb1","R_doFZQui3F8R04tf","2014-04-11 07:32:00",2,NA,NA,NA,NA,NA,NA,NA,NA,NA,NA,5,"test",9,"aut","movement","is moving itself around the box","per","hearing","can hear what's going on around it","y",0.5,NA
"538","1","us","adults","does that mean...?","cb1","R_doFZQui3F8R04tf","2014-04-11 07:32:00",2,NA,NA,NA,NA,NA,NA,NA,NA,NA,NA,5,"test",10,"phy","metal_plastic","is made out of plastic","phy","glass_clay","is made out of glass","n",-1.5,NA
"539","1","us","adults","does that mean...?","cb1","R_doFZQui3F8R04tf","2014-04-11 07:32:00",2,NA,NA,NA,NA,NA,NA,NA,NA,NA,NA,5,"test",11,"per","vision","can see me","aut","noise","can make sounds on its own","y",0.5,NA
"540","1","us","adults","does that mean...?","cb1","R_eqYlh4wUN4U5LXn","2014-05-05 23:26:00",6,NA,NA,NA,NA,NA,NA,NA,NA,NA,NA,5,"practice",1,NA,NA,"is purple",NA,NA,"is green","n",-1.5,NA
"541","1","us","adults","does that mean...?","cb1","R_eqYlh4wUN4U5LXn","2014-05-05 23:26:00",6,NA,NA,NA,NA,NA,NA,NA,NA,NA,NA,5,"practice",2,NA,NA,"is walking around",NA,NA,"has legs","y",1.5,NA
"542","1","us","adults","does that mean...?","cb1","R_eqYlh4wUN4U5LXn","2014-05-05 23:26:00",6,NA,NA,NA,NA,NA,NA,NA,NA,NA,NA,5,"practice",3,NA,NA,"is made out of paper",NA,NA,"might rip sometime","y",1.5,NA
"543","1","us","adults","does that mean...?","cb1","R_eqYlh4wUN4U5LXn","2014-05-05 23:26:00",6,NA,NA,NA,NA,NA,NA,NA,NA,NA,NA,5,"test",4,"phy","glass_clay","is made out of clay","per","vision","can see what the box looks like","n",-1.5,NA
"544","1","us","adults","does that mean...?","cb1","R_eqYlh4wUN4U5LXn","2014-05-05 23:26:00",6,NA,NA,NA,NA,NA,NA,NA,NA,NA,NA,5,"test",5,"aff","negative","feels sad right now","aut","movement","can move itself from one side of the box to the other","y",0.5,NA
"545","1","us","adults","does that mean...?","cb1","R_eqYlh4wUN4U5LXn","2014-05-05 23:26:00",6,NA,NA,NA,NA,NA,NA,NA,NA,NA,NA,5,"test",6,"per","hearing","can hear me","aff","positive","can be in a good mood sometimes","y",0.5,NA
"546","1","us","adults","does that mean...?","cb1","R_eqYlh4wUN4U5LXn","2014-05-05 23:26:00",6,NA,NA,NA,NA,NA,NA,NA,NA,NA,NA,5,"test",7,"aut","noise","is making noises all by itself","phy","metal_plastic","is made out of metal","y",0.5,NA
"547","1","us","adults","does that mean...?","cb1","R_eqYlh4wUN4U5LXn","2014-05-05 23:26:00",6,NA,NA,NA,NA,NA,NA,NA,NA,NA,NA,5,"test",8,"aff","positive","feels happy right now","aff","negative","can be in a bad mood sometimes","y",1.5,NA
"548","1","us","adults","does that mean...?","cb1","R_eqYlh4wUN4U5LXn","2014-05-05 23:26:00",6,NA,NA,NA,NA,NA,NA,NA,NA,NA,NA,5,"test",9,"aut","movement","is moving itself around the box","per","hearing","can hear what's going on around it","y",0.5,NA
"549","1","us","adults","does that mean...?","cb1","R_eqYlh4wUN4U5LXn","2014-05-05 23:26:00",6,NA,NA,NA,NA,NA,NA,NA,NA,NA,NA,5,"test",10,"phy","metal_plastic","is made out of plastic","phy","glass_clay","is made out of glass","n",-1.5,NA
"550","1","us","adults","does that mean...?","cb1","R_eqYlh4wUN4U5LXn","2014-05-05 23:26:00",6,NA,NA,NA,NA,NA,NA,NA,NA,NA,NA,5,"test",11,"per","vision","can see me","aut","noise","can make sounds on its own","y",0.5,NA
"551","1","us","adults","does that mean...?","cb1","R_0GGPKojhvEdWUBv","2014-04-11 07:33:00",1,NA,NA,NA,NA,NA,NA,NA,NA,NA,NA,6,"practice",1,NA,NA,"is purple",NA,NA,"is green","n",-1.5,NA
"552","1","us","adults","does that mean...?","cb1","R_0GGPKojhvEdWUBv","2014-04-11 07:33:00",1,NA,NA,NA,NA,NA,NA,NA,NA,NA,NA,6,"practice",2,NA,NA,"is walking around",NA,NA,"has legs","y",1.5,NA
"553","1","us","adults","does that mean...?","cb1","R_0GGPKojhvEdWUBv","2014-04-11 07:33:00",1,NA,NA,NA,NA,NA,NA,NA,NA,NA,NA,6,"practice",3,NA,NA,"is made out of paper",NA,NA,"might rip sometime","y",1.5,NA
"554","1","us","adults","does that mean...?","cb1","R_0GGPKojhvEdWUBv","2014-04-11 07:33:00",1,NA,NA,NA,NA,NA,NA,NA,NA,NA,NA,6,"test",4,"per","hearing","can hear what's going on around it","aut","movement","can move itself from one side of the box to the other","y",0.5,NA
"555","1","us","adults","does that mean...?","cb1","R_0GGPKojhvEdWUBv","2014-04-11 07:33:00",1,NA,NA,NA,NA,NA,NA,NA,NA,NA,NA,6,"test",5,"phy","metal_plastic","is made out of metal","phy","glass_clay","is made out of clay","n",-1.5,NA
"556","1","us","adults","does that mean...?","cb1","R_0GGPKojhvEdWUBv","2014-04-11 07:33:00",1,NA,NA,NA,NA,NA,NA,NA,NA,NA,NA,6,"test",6,"aut","noise","is making noises all by itself","per","vision","can see me","y",1.5,NA
"557","1","us","adults","does that mean...?","cb1","R_0GGPKojhvEdWUBv","2014-04-11 07:33:00",1,NA,NA,NA,NA,NA,NA,NA,NA,NA,NA,6,"test",7,"aff","positive","is in a good mood right now","aff","negative","can feel sad sometimes","y",1.5,NA
"558","1","us","adults","does that mean...?","cb1","R_0GGPKojhvEdWUBv","2014-04-11 07:33:00",1,NA,NA,NA,NA,NA,NA,NA,NA,NA,NA,6,"test",8,"aut","movement","is moving itself around the box","phy","metal_plastic","is made out of plastic","n",-1.5,NA
"559","1","us","adults","does that mean...?","cb1","R_0GGPKojhvEdWUBv","2014-04-11 07:33:00",1,NA,NA,NA,NA,NA,NA,NA,NA,NA,NA,6,"test",9,"per","vision","can see what the box looks like","aff","positive","can feel happy sometimes","n",-1.5,NA
"560","1","us","adults","does that mean...?","cb1","R_0GGPKojhvEdWUBv","2014-04-11 07:33:00",1,NA,NA,NA,NA,NA,NA,NA,NA,NA,NA,6,"test",10,"aff","negative","is in a bad mood right now","aut","noise","can make sounds on its own","y",1.5,NA
"561","1","us","adults","does that mean...?","cb1","R_0GGPKojhvEdWUBv","2014-04-11 07:33:00",1,NA,NA,NA,NA,NA,NA,NA,NA,NA,NA,6,"test",11,"phy","glass_clay","is made out of glass","per","hearing","can hear me","n",-1.5,NA
"562","1","us","adults","does that mean...?","cb1","R_0pL1LX58wFM0pox","2014-05-05 22:56:00",3,NA,NA,NA,NA,NA,NA,NA,NA,"thank you for the survey opportunity",NA,6,"practice",1,NA,NA,"is purple",NA,NA,"is green","n",-1.5,NA
"563","1","us","adults","does that mean...?","cb1","R_0pL1LX58wFM0pox","2014-05-05 22:56:00",3,NA,NA,NA,NA,NA,NA,NA,NA,"thank you for the survey opportunity",NA,6,"practice",2,NA,NA,"is walking around",NA,NA,"has legs","y",0.5,NA
"564","1","us","adults","does that mean...?","cb1","R_0pL1LX58wFM0pox","2014-05-05 22:56:00",3,NA,NA,NA,NA,NA,NA,NA,NA,"thank you for the survey opportunity",NA,6,"practice",3,NA,NA,"is made out of paper",NA,NA,"might rip sometime","y",0.5,NA
"565","1","us","adults","does that mean...?","cb1","R_0pL1LX58wFM0pox","2014-05-05 22:56:00",3,NA,NA,NA,NA,NA,NA,NA,NA,"thank you for the survey opportunity",NA,6,"test",4,"per","hearing","can hear what's going on around it","aut","movement","can move itself from one side of the box to the other","y",1.5,NA
"566","1","us","adults","does that mean...?","cb1","R_0pL1LX58wFM0pox","2014-05-05 22:56:00",3,NA,NA,NA,NA,NA,NA,NA,NA,"thank you for the survey opportunity",NA,6,"test",5,"phy","metal_plastic","is made out of metal","phy","glass_clay","is made out of clay","n",-1.5,NA
"567","1","us","adults","does that mean...?","cb1","R_0pL1LX58wFM0pox","2014-05-05 22:56:00",3,NA,NA,NA,NA,NA,NA,NA,NA,"thank you for the survey opportunity",NA,6,"test",6,"aut","noise","is making noises all by itself","per","vision","can see me","y",1.5,NA
"568","1","us","adults","does that mean...?","cb1","R_0pL1LX58wFM0pox","2014-05-05 22:56:00",3,NA,NA,NA,NA,NA,NA,NA,NA,"thank you for the survey opportunity",NA,6,"test",7,"aff","positive","is in a good mood right now","aff","negative","can feel sad sometimes","y",0.5,NA
"569","1","us","adults","does that mean...?","cb1","R_0pL1LX58wFM0pox","2014-05-05 22:56:00",3,NA,NA,NA,NA,NA,NA,NA,NA,"thank you for the survey opportunity",NA,6,"test",8,"aut","movement","is moving itself around the box","phy","metal_plastic","is made out of plastic","n",-1.5,NA
"570","1","us","adults","does that mean...?","cb1","R_0pL1LX58wFM0pox","2014-05-05 22:56:00",3,NA,NA,NA,NA,NA,NA,NA,NA,"thank you for the survey opportunity",NA,6,"test",9,"per","vision","can see what the box looks like","aff","positive","can feel happy sometimes","n",-0.5,NA
"571","1","us","adults","does that mean...?","cb1","R_0pL1LX58wFM0pox","2014-05-05 22:56:00",3,NA,NA,NA,NA,NA,NA,NA,NA,"thank you for the survey opportunity",NA,6,"test",10,"aff","negative","is in a bad mood right now","aut","noise","can make sounds on its own","y",1.5,NA
"572","1","us","adults","does that mean...?","cb1","R_0pL1LX58wFM0pox","2014-05-05 22:56:00",3,NA,NA,NA,NA,NA,NA,NA,NA,"thank you for the survey opportunity",NA,6,"test",11,"phy","glass_clay","is made out of glass","per","hearing","can hear me","n",-1.5,NA
"573","1","us","adults","does that mean...?","cb1","R_0r24cYdybYWmGCF","2014-04-11 07:46:00",2,NA,NA,NA,NA,NA,NA,NA,NA,"Very interesting!",NA,6,"practice",1,NA,NA,"is purple",NA,NA,"is green","n",-1.5,NA
"574","1","us","adults","does that mean...?","cb1","R_0r24cYdybYWmGCF","2014-04-11 07:46:00",2,NA,NA,NA,NA,NA,NA,NA,NA,"Very interesting!",NA,6,"practice",2,NA,NA,"is walking around",NA,NA,"has legs","y",1.5,NA
"575","1","us","adults","does that mean...?","cb1","R_0r24cYdybYWmGCF","2014-04-11 07:46:00",2,NA,NA,NA,NA,NA,NA,NA,NA,"Very interesting!",NA,6,"practice",3,NA,NA,"is made out of paper",NA,NA,"might rip sometime","y",0.5,NA
"576","1","us","adults","does that mean...?","cb1","R_0r24cYdybYWmGCF","2014-04-11 07:46:00",2,NA,NA,NA,NA,NA,NA,NA,NA,"Very interesting!",NA,6,"test",4,"per","hearing","can hear what's going on around it","aut","movement","can move itself from one side of the box to the other","n",-0.5,NA
"577","1","us","adults","does that mean...?","cb1","R_0r24cYdybYWmGCF","2014-04-11 07:46:00",2,NA,NA,NA,NA,NA,NA,NA,NA,"Very interesting!",NA,6,"test",5,"phy","metal_plastic","is made out of metal","phy","glass_clay","is made out of clay","n",-1.5,NA
"578","1","us","adults","does that mean...?","cb1","R_0r24cYdybYWmGCF","2014-04-11 07:46:00",2,NA,NA,NA,NA,NA,NA,NA,NA,"Very interesting!",NA,6,"test",6,"aut","noise","is making noises all by itself","per","vision","can see me","n",-0.5,NA
"579","1","us","adults","does that mean...?","cb1","R_0r24cYdybYWmGCF","2014-04-11 07:46:00",2,NA,NA,NA,NA,NA,NA,NA,NA,"Very interesting!",NA,6,"test",7,"aff","positive","is in a good mood right now","aff","negative","can feel sad sometimes","y",0.5,NA
"580","1","us","adults","does that mean...?","cb1","R_0r24cYdybYWmGCF","2014-04-11 07:46:00",2,NA,NA,NA,NA,NA,NA,NA,NA,"Very interesting!",NA,6,"test",8,"aut","movement","is moving itself around the box","phy","metal_plastic","is made out of plastic","y",0.5,NA
"581","1","us","adults","does that mean...?","cb1","R_0r24cYdybYWmGCF","2014-04-11 07:46:00",2,NA,NA,NA,NA,NA,NA,NA,NA,"Very interesting!",NA,6,"test",9,"per","vision","can see what the box looks like","aff","positive","can feel happy sometimes","n",-0.5,NA
"582","1","us","adults","does that mean...?","cb1","R_0r24cYdybYWmGCF","2014-04-11 07:46:00",2,NA,NA,NA,NA,NA,NA,NA,NA,"Very interesting!",NA,6,"test",10,"aff","negative","is in a bad mood right now","aut","noise","can make sounds on its own","y",0.5,NA
"583","1","us","adults","does that mean...?","cb1","R_0r24cYdybYWmGCF","2014-04-11 07:46:00",2,NA,NA,NA,NA,NA,NA,NA,NA,"Very interesting!",NA,6,"test",11,"phy","glass_clay","is made out of glass","per","hearing","can hear me","n",-0.5,NA
"584","1","us","adults","does that mean...?","cb1","R_2lVHAFdeOo4vaOF","2014-04-11 08:40:00",4,NA,NA,NA,NA,NA,NA,NA,NA,"Interesting study!",NA,6,"practice",1,NA,NA,"is purple",NA,NA,"is green","n",-1.5,NA
"585","1","us","adults","does that mean...?","cb1","R_2lVHAFdeOo4vaOF","2014-04-11 08:40:00",4,NA,NA,NA,NA,NA,NA,NA,NA,"Interesting study!",NA,6,"practice",2,NA,NA,"is walking around",NA,NA,"has legs","y",0.5,NA
"586","1","us","adults","does that mean...?","cb1","R_2lVHAFdeOo4vaOF","2014-04-11 08:40:00",4,NA,NA,NA,NA,NA,NA,NA,NA,"Interesting study!",NA,6,"practice",3,NA,NA,"is made out of paper",NA,NA,"might rip sometime","y",0.5,NA
"587","1","us","adults","does that mean...?","cb1","R_2lVHAFdeOo4vaOF","2014-04-11 08:40:00",4,NA,NA,NA,NA,NA,NA,NA,NA,"Interesting study!",NA,6,"test",4,"per","hearing","can hear what's going on around it","aut","movement","can move itself from one side of the box to the other","n",-0.5,NA
"588","1","us","adults","does that mean...?","cb1","R_2lVHAFdeOo4vaOF","2014-04-11 08:40:00",4,NA,NA,NA,NA,NA,NA,NA,NA,"Interesting study!",NA,6,"test",5,"phy","metal_plastic","is made out of metal","phy","glass_clay","is made out of clay","n",-0.5,NA
"589","1","us","adults","does that mean...?","cb1","R_2lVHAFdeOo4vaOF","2014-04-11 08:40:00",4,NA,NA,NA,NA,NA,NA,NA,NA,"Interesting study!",NA,6,"test",6,"aut","noise","is making noises all by itself","per","vision","can see me","n",-0.5,NA
"590","1","us","adults","does that mean...?","cb1","R_2lVHAFdeOo4vaOF","2014-04-11 08:40:00",4,NA,NA,NA,NA,NA,NA,NA,NA,"Interesting study!",NA,6,"test",7,"aff","positive","is in a good mood right now","aff","negative","can feel sad sometimes","y",0.5,NA
"591","1","us","adults","does that mean...?","cb1","R_2lVHAFdeOo4vaOF","2014-04-11 08:40:00",4,NA,NA,NA,NA,NA,NA,NA,NA,"Interesting study!",NA,6,"test",8,"aut","movement","is moving itself around the box","phy","metal_plastic","is made out of plastic","n",-0.5,NA
"592","1","us","adults","does that mean...?","cb1","R_2lVHAFdeOo4vaOF","2014-04-11 08:40:00",4,NA,NA,NA,NA,NA,NA,NA,NA,"Interesting study!",NA,6,"test",9,"per","vision","can see what the box looks like","aff","positive","can feel happy sometimes","y",0.5,NA
"593","1","us","adults","does that mean...?","cb1","R_2lVHAFdeOo4vaOF","2014-04-11 08:40:00",4,NA,NA,NA,NA,NA,NA,NA,NA,"Interesting study!",NA,6,"test",10,"aff","negative","is in a bad mood right now","aut","noise","can make sounds on its own","y",0.5,NA
"594","1","us","adults","does that mean...?","cb1","R_2lVHAFdeOo4vaOF","2014-04-11 08:40:00",4,NA,NA,NA,NA,NA,NA,NA,NA,"Interesting study!",NA,6,"test",11,"phy","glass_clay","is made out of glass","per","hearing","can hear me","n",-0.5,NA
"595","1","us","adults","does that mean...?","cb1","R_3CO4jzo4JRWW137","2014-04-11 10:22:00",3,NA,NA,NA,NA,NA,NA,NA,NA,NA,NA,6,"practice",1,NA,NA,"is purple",NA,NA,"is green","n",-1.5,NA
"596","1","us","adults","does that mean...?","cb1","R_3CO4jzo4JRWW137","2014-04-11 10:22:00",3,NA,NA,NA,NA,NA,NA,NA,NA,NA,NA,6,"practice",2,NA,NA,"is walking around",NA,NA,"has legs","y",0.5,NA
"597","1","us","adults","does that mean...?","cb1","R_3CO4jzo4JRWW137","2014-04-11 10:22:00",3,NA,NA,NA,NA,NA,NA,NA,NA,NA,NA,6,"practice",3,NA,NA,"is made out of paper",NA,NA,"might rip sometime","y",1.5,NA
"598","1","us","adults","does that mean...?","cb1","R_3CO4jzo4JRWW137","2014-04-11 10:22:00",3,NA,NA,NA,NA,NA,NA,NA,NA,NA,NA,6,"test",4,"per","hearing","can hear what's going on around it","aut","movement","can move itself from one side of the box to the other","n",-0.5,NA
"599","1","us","adults","does that mean...?","cb1","R_3CO4jzo4JRWW137","2014-04-11 10:22:00",3,NA,NA,NA,NA,NA,NA,NA,NA,NA,NA,6,"test",5,"phy","metal_plastic","is made out of metal","phy","glass_clay","is made out of clay","n",-1.5,NA
"600","1","us","adults","does that mean...?","cb1","R_3CO4jzo4JRWW137","2014-04-11 10:22:00",3,NA,NA,NA,NA,NA,NA,NA,NA,NA,NA,6,"test",6,"aut","noise","is making noises all by itself","per","vision","can see me","y",0.5,NA
"601","1","us","adults","does that mean...?","cb1","R_3CO4jzo4JRWW137","2014-04-11 10:22:00",3,NA,NA,NA,NA,NA,NA,NA,NA,NA,NA,6,"test",7,"aff","positive","is in a good mood right now","aff","negative","can feel sad sometimes","y",0.5,NA
"602","1","us","adults","does that mean...?","cb1","R_3CO4jzo4JRWW137","2014-04-11 10:22:00",3,NA,NA,NA,NA,NA,NA,NA,NA,NA,NA,6,"test",8,"aut","movement","is moving itself around the box","phy","metal_plastic","is made out of plastic","y",0.5,NA
"603","1","us","adults","does that mean...?","cb1","R_3CO4jzo4JRWW137","2014-04-11 10:22:00",3,NA,NA,NA,NA,NA,NA,NA,NA,NA,NA,6,"test",9,"per","vision","can see what the box looks like","aff","positive","can feel happy sometimes","y",0.5,NA
"604","1","us","adults","does that mean...?","cb1","R_3CO4jzo4JRWW137","2014-04-11 10:22:00",3,NA,NA,NA,NA,NA,NA,NA,NA,NA,NA,6,"test",10,"aff","negative","is in a bad mood right now","aut","noise","can make sounds on its own","y",0.5,NA
"605","1","us","adults","does that mean...?","cb1","R_3CO4jzo4JRWW137","2014-04-11 10:22:00",3,NA,NA,NA,NA,NA,NA,NA,NA,NA,NA,6,"test",11,"phy","glass_clay","is made out of glass","per","hearing","can hear me","n",-1.5,NA
"606","1","us","adults","does that mean...?","cb1","R_3KTMFDnz0f06S7X","2014-04-11 09:03:00",6,NA,NA,NA,NA,NA,NA,NA,NA,"Thanks for having me today!",NA,6,"practice",1,NA,NA,"is purple",NA,NA,"is green","n",-1.5,NA
"607","1","us","adults","does that mean...?","cb1","R_3KTMFDnz0f06S7X","2014-04-11 09:03:00",6,NA,NA,NA,NA,NA,NA,NA,NA,"Thanks for having me today!",NA,6,"practice",2,NA,NA,"is walking around",NA,NA,"has legs","y",1.5,NA
"608","1","us","adults","does that mean...?","cb1","R_3KTMFDnz0f06S7X","2014-04-11 09:03:00",6,NA,NA,NA,NA,NA,NA,NA,NA,"Thanks for having me today!",NA,6,"practice",3,NA,NA,"is made out of paper",NA,NA,"might rip sometime","y",0.5,NA
"609","1","us","adults","does that mean...?","cb1","R_3KTMFDnz0f06S7X","2014-04-11 09:03:00",6,NA,NA,NA,NA,NA,NA,NA,NA,"Thanks for having me today!",NA,6,"test",4,"per","hearing","can hear what's going on around it","aut","movement","can move itself from one side of the box to the other","y",0.5,NA
"610","1","us","adults","does that mean...?","cb1","R_3KTMFDnz0f06S7X","2014-04-11 09:03:00",6,NA,NA,NA,NA,NA,NA,NA,NA,"Thanks for having me today!",NA,6,"test",5,"phy","metal_plastic","is made out of metal","phy","glass_clay","is made out of clay","n",-1.5,NA
"611","1","us","adults","does that mean...?","cb1","R_3KTMFDnz0f06S7X","2014-04-11 09:03:00",6,NA,NA,NA,NA,NA,NA,NA,NA,"Thanks for having me today!",NA,6,"test",6,"aut","noise","is making noises all by itself","per","vision","can see me","y",0.5,NA
"612","1","us","adults","does that mean...?","cb1","R_3KTMFDnz0f06S7X","2014-04-11 09:03:00",6,NA,NA,NA,NA,NA,NA,NA,NA,"Thanks for having me today!",NA,6,"test",7,"aff","positive","is in a good mood right now","aff","negative","can feel sad sometimes","y",1.5,NA
"613","1","us","adults","does that mean...?","cb1","R_3KTMFDnz0f06S7X","2014-04-11 09:03:00",6,NA,NA,NA,NA,NA,NA,NA,NA,"Thanks for having me today!",NA,6,"test",8,"aut","movement","is moving itself around the box","phy","metal_plastic","is made out of plastic","n",-0.5,NA
"614","1","us","adults","does that mean...?","cb1","R_3KTMFDnz0f06S7X","2014-04-11 09:03:00",6,NA,NA,NA,NA,NA,NA,NA,NA,"Thanks for having me today!",NA,6,"test",9,"per","vision","can see what the box looks like","aff","positive","can feel happy sometimes","y",0.5,NA
"615","1","us","adults","does that mean...?","cb1","R_3KTMFDnz0f06S7X","2014-04-11 09:03:00",6,NA,NA,NA,NA,NA,NA,NA,NA,"Thanks for having me today!",NA,6,"test",10,"aff","negative","is in a bad mood right now","aut","noise","can make sounds on its own","y",0.5,NA
"616","1","us","adults","does that mean...?","cb1","R_3KTMFDnz0f06S7X","2014-04-11 09:03:00",6,NA,NA,NA,NA,NA,NA,NA,NA,"Thanks for having me today!",NA,6,"test",11,"phy","glass_clay","is made out of glass","per","hearing","can hear me","n",-1.5,NA
"617","1","us","adults","does that mean...?","cb1","R_9NYAxD2XqvQR75H","2014-04-11 09:23:00",3,NA,NA,NA,NA,NA,NA,NA,NA,"Cute, quick, nice interface",NA,6,"practice",1,NA,NA,"is purple",NA,NA,"is green","n",-1.5,NA
"618","1","us","adults","does that mean...?","cb1","R_9NYAxD2XqvQR75H","2014-04-11 09:23:00",3,NA,NA,NA,NA,NA,NA,NA,NA,"Cute, quick, nice interface",NA,6,"practice",2,NA,NA,"is walking around",NA,NA,"has legs","y",1.5,NA
"619","1","us","adults","does that mean...?","cb1","R_9NYAxD2XqvQR75H","2014-04-11 09:23:00",3,NA,NA,NA,NA,NA,NA,NA,NA,"Cute, quick, nice interface",NA,6,"practice",3,NA,NA,"is made out of paper",NA,NA,"might rip sometime","y",0.5,NA
"620","1","us","adults","does that mean...?","cb1","R_9NYAxD2XqvQR75H","2014-04-11 09:23:00",3,NA,NA,NA,NA,NA,NA,NA,NA,"Cute, quick, nice interface",NA,6,"test",4,"per","hearing","can hear what's going on around it","aut","movement","can move itself from one side of the box to the other","y",0.5,NA
"621","1","us","adults","does that mean...?","cb1","R_9NYAxD2XqvQR75H","2014-04-11 09:23:00",3,NA,NA,NA,NA,NA,NA,NA,NA,"Cute, quick, nice interface",NA,6,"test",5,"phy","metal_plastic","is made out of metal","phy","glass_clay","is made out of clay","n",-1.5,NA
"622","1","us","adults","does that mean...?","cb1","R_9NYAxD2XqvQR75H","2014-04-11 09:23:00",3,NA,NA,NA,NA,NA,NA,NA,NA,"Cute, quick, nice interface",NA,6,"test",6,"aut","noise","is making noises all by itself","per","vision","can see me","n",-0.5,NA
"623","1","us","adults","does that mean...?","cb1","R_9NYAxD2XqvQR75H","2014-04-11 09:23:00",3,NA,NA,NA,NA,NA,NA,NA,NA,"Cute, quick, nice interface",NA,6,"test",7,"aff","positive","is in a good mood right now","aff","negative","can feel sad sometimes","y",0.5,NA
"624","1","us","adults","does that mean...?","cb1","R_9NYAxD2XqvQR75H","2014-04-11 09:23:00",3,NA,NA,NA,NA,NA,NA,NA,NA,"Cute, quick, nice interface",NA,6,"test",8,"aut","movement","is moving itself around the box","phy","metal_plastic","is made out of plastic","n",-0.5,NA
"625","1","us","adults","does that mean...?","cb1","R_9NYAxD2XqvQR75H","2014-04-11 09:23:00",3,NA,NA,NA,NA,NA,NA,NA,NA,"Cute, quick, nice interface",NA,6,"test",9,"per","vision","can see what the box looks like","aff","positive","can feel happy sometimes","n",-0.5,NA
"626","1","us","adults","does that mean...?","cb1","R_9NYAxD2XqvQR75H","2014-04-11 09:23:00",3,NA,NA,NA,NA,NA,NA,NA,NA,"Cute, quick, nice interface",NA,6,"test",10,"aff","negative","is in a bad mood right now","aut","noise","can make sounds on its own","n",-0.5,NA
"627","1","us","adults","does that mean...?","cb1","R_9NYAxD2XqvQR75H","2014-04-11 09:23:00",3,NA,NA,NA,NA,NA,NA,NA,NA,"Cute, quick, nice interface",NA,6,"test",11,"phy","glass_clay","is made out of glass","per","hearing","can hear me","n",-1.5,NA
"628","1","us","adults","does that mean...?","cb1","R_afshrWOHQr0lGS1","2014-04-11 11:26:00",15,NA,NA,NA,NA,NA,NA,NA,NA,NA,NA,6,"practice",1,NA,NA,"is purple",NA,NA,"is green","n",-1.5,NA
"629","1","us","adults","does that mean...?","cb1","R_afshrWOHQr0lGS1","2014-04-11 11:26:00",15,NA,NA,NA,NA,NA,NA,NA,NA,NA,NA,6,"practice",2,NA,NA,"is walking around",NA,NA,"has legs","y",1.5,NA
"630","1","us","adults","does that mean...?","cb1","R_afshrWOHQr0lGS1","2014-04-11 11:26:00",15,NA,NA,NA,NA,NA,NA,NA,NA,NA,NA,6,"practice",3,NA,NA,"is made out of paper",NA,NA,"might rip sometime","y",1.5,NA
"631","1","us","adults","does that mean...?","cb1","R_afshrWOHQr0lGS1","2014-04-11 11:26:00",15,NA,NA,NA,NA,NA,NA,NA,NA,NA,NA,6,"test",4,"per","hearing","can hear what's going on around it","aut","movement","can move itself from one side of the box to the other","y",0.5,NA
"632","1","us","adults","does that mean...?","cb1","R_afshrWOHQr0lGS1","2014-04-11 11:26:00",15,NA,NA,NA,NA,NA,NA,NA,NA,NA,NA,6,"test",5,"phy","metal_plastic","is made out of metal","phy","glass_clay","is made out of clay","n",-1.5,NA
"633","1","us","adults","does that mean...?","cb1","R_afshrWOHQr0lGS1","2014-04-11 11:26:00",15,NA,NA,NA,NA,NA,NA,NA,NA,NA,NA,6,"test",6,"aut","noise","is making noises all by itself","per","vision","can see me","y",0.5,NA
"634","1","us","adults","does that mean...?","cb1","R_afshrWOHQr0lGS1","2014-04-11 11:26:00",15,NA,NA,NA,NA,NA,NA,NA,NA,NA,NA,6,"test",7,"aff","positive","is in a good mood right now","aff","negative","can feel sad sometimes","y",1.5,NA
"635","1","us","adults","does that mean...?","cb1","R_afshrWOHQr0lGS1","2014-04-11 11:26:00",15,NA,NA,NA,NA,NA,NA,NA,NA,NA,NA,6,"test",8,"aut","movement","is moving itself around the box","phy","metal_plastic","is made out of plastic","n",-0.5,NA
"636","1","us","adults","does that mean...?","cb1","R_afshrWOHQr0lGS1","2014-04-11 11:26:00",15,NA,NA,NA,NA,NA,NA,NA,NA,NA,NA,6,"test",9,"per","vision","can see what the box looks like","aff","positive","can feel happy sometimes","y",0.5,NA
"637","1","us","adults","does that mean...?","cb1","R_afshrWOHQr0lGS1","2014-04-11 11:26:00",15,NA,NA,NA,NA,NA,NA,NA,NA,NA,NA,6,"test",10,"aff","negative","is in a bad mood right now","aut","noise","can make sounds on its own","y",0.5,NA
"638","1","us","adults","does that mean...?","cb1","R_afshrWOHQr0lGS1","2014-04-11 11:26:00",15,NA,NA,NA,NA,NA,NA,NA,NA,NA,NA,6,"test",11,"phy","glass_clay","is made out of glass","per","hearing","can hear me","n",-1.5,NA
"639","1","us","adults","does that mean...?","cb1","R_aY6ZhUAUSRxHtxH","2014-04-11 07:34:00",4,NA,NA,NA,NA,NA,NA,NA,NA,"Interesting study, very easy to understand! Thank you so much!",NA,6,"practice",1,NA,NA,"is purple",NA,NA,"is green","n",-1.5,NA
"640","1","us","adults","does that mean...?","cb1","R_aY6ZhUAUSRxHtxH","2014-04-11 07:34:00",4,NA,NA,NA,NA,NA,NA,NA,NA,"Interesting study, very easy to understand! Thank you so much!",NA,6,"practice",2,NA,NA,"is walking around",NA,NA,"has legs","y",1.5,NA
"641","1","us","adults","does that mean...?","cb1","R_aY6ZhUAUSRxHtxH","2014-04-11 07:34:00",4,NA,NA,NA,NA,NA,NA,NA,NA,"Interesting study, very easy to understand! Thank you so much!",NA,6,"practice",3,NA,NA,"is made out of paper",NA,NA,"might rip sometime","y",0.5,NA
"642","1","us","adults","does that mean...?","cb1","R_aY6ZhUAUSRxHtxH","2014-04-11 07:34:00",4,NA,NA,NA,NA,NA,NA,NA,NA,"Interesting study, very easy to understand! Thank you so much!",NA,6,"test",4,"per","hearing","can hear what's going on around it","aut","movement","can move itself from one side of the box to the other","y",0.5,NA
"643","1","us","adults","does that mean...?","cb1","R_aY6ZhUAUSRxHtxH","2014-04-11 07:34:00",4,NA,NA,NA,NA,NA,NA,NA,NA,"Interesting study, very easy to understand! Thank you so much!",NA,6,"test",5,"phy","metal_plastic","is made out of metal","phy","glass_clay","is made out of clay","n",-1.5,NA
"644","1","us","adults","does that mean...?","cb1","R_aY6ZhUAUSRxHtxH","2014-04-11 07:34:00",4,NA,NA,NA,NA,NA,NA,NA,NA,"Interesting study, very easy to understand! Thank you so much!",NA,6,"test",6,"aut","noise","is making noises all by itself","per","vision","can see me","n",-0.5,NA
"645","1","us","adults","does that mean...?","cb1","R_aY6ZhUAUSRxHtxH","2014-04-11 07:34:00",4,NA,NA,NA,NA,NA,NA,NA,NA,"Interesting study, very easy to understand! Thank you so much!",NA,6,"test",7,"aff","positive","is in a good mood right now","aff","negative","can feel sad sometimes","y",0.5,NA
"646","1","us","adults","does that mean...?","cb1","R_aY6ZhUAUSRxHtxH","2014-04-11 07:34:00",4,NA,NA,NA,NA,NA,NA,NA,NA,"Interesting study, very easy to understand! Thank you so much!",NA,6,"test",8,"aut","movement","is moving itself around the box","phy","metal_plastic","is made out of plastic","n",-0.5,NA
"647","1","us","adults","does that mean...?","cb1","R_aY6ZhUAUSRxHtxH","2014-04-11 07:34:00",4,NA,NA,NA,NA,NA,NA,NA,NA,"Interesting study, very easy to understand! Thank you so much!",NA,6,"test",9,"per","vision","can see what the box looks like","aff","positive","can feel happy sometimes","n",-0.5,NA
"648","1","us","adults","does that mean...?","cb1","R_aY6ZhUAUSRxHtxH","2014-04-11 07:34:00",4,NA,NA,NA,NA,NA,NA,NA,NA,"Interesting study, very easy to understand! Thank you so much!",NA,6,"test",10,"aff","negative","is in a bad mood right now","aut","noise","can make sounds on its own","n",-0.5,NA
"649","1","us","adults","does that mean...?","cb1","R_aY6ZhUAUSRxHtxH","2014-04-11 07:34:00",4,NA,NA,NA,NA,NA,NA,NA,NA,"Interesting study, very easy to understand! Thank you so much!",NA,6,"test",11,"phy","glass_clay","is made out of glass","per","hearing","can hear me","n",-0.5,NA
"650","1","us","adults","does that mean...?","cb1","R_cRQGgIBIQYqbMjj","2014-04-11 14:05:00",4,NA,NA,NA,NA,NA,NA,NA,NA,"Thank you",NA,6,"practice",1,NA,NA,"is purple",NA,NA,"is green","n",-1.5,NA
"651","1","us","adults","does that mean...?","cb1","R_cRQGgIBIQYqbMjj","2014-04-11 14:05:00",4,NA,NA,NA,NA,NA,NA,NA,NA,"Thank you",NA,6,"practice",2,NA,NA,"is walking around",NA,NA,"has legs","y",1.5,NA
"652","1","us","adults","does that mean...?","cb1","R_cRQGgIBIQYqbMjj","2014-04-11 14:05:00",4,NA,NA,NA,NA,NA,NA,NA,NA,"Thank you",NA,6,"practice",3,NA,NA,"is made out of paper",NA,NA,"might rip sometime","y",1.5,NA
"653","1","us","adults","does that mean...?","cb1","R_cRQGgIBIQYqbMjj","2014-04-11 14:05:00",4,NA,NA,NA,NA,NA,NA,NA,NA,"Thank you",NA,6,"test",4,"per","hearing","can hear what's going on around it","aut","movement","can move itself from one side of the box to the other","y",0.5,NA
"654","1","us","adults","does that mean...?","cb1","R_cRQGgIBIQYqbMjj","2014-04-11 14:05:00",4,NA,NA,NA,NA,NA,NA,NA,NA,"Thank you",NA,6,"test",5,"phy","metal_plastic","is made out of metal","phy","glass_clay","is made out of clay","n",-1.5,NA
"655","1","us","adults","does that mean...?","cb1","R_cRQGgIBIQYqbMjj","2014-04-11 14:05:00",4,NA,NA,NA,NA,NA,NA,NA,NA,"Thank you",NA,6,"test",6,"aut","noise","is making noises all by itself","per","vision","can see me","y",0.5,NA
"656","1","us","adults","does that mean...?","cb1","R_cRQGgIBIQYqbMjj","2014-04-11 14:05:00",4,NA,NA,NA,NA,NA,NA,NA,NA,"Thank you",NA,6,"test",7,"aff","positive","is in a good mood right now","aff","negative","can feel sad sometimes","y",0.5,NA
"657","1","us","adults","does that mean...?","cb1","R_cRQGgIBIQYqbMjj","2014-04-11 14:05:00",4,NA,NA,NA,NA,NA,NA,NA,NA,"Thank you",NA,6,"test",8,"aut","movement","is moving itself around the box","phy","metal_plastic","is made out of plastic","n",-0.5,NA
"658","1","us","adults","does that mean...?","cb1","R_cRQGgIBIQYqbMjj","2014-04-11 14:05:00",4,NA,NA,NA,NA,NA,NA,NA,NA,"Thank you",NA,6,"test",9,"per","vision","can see what the box looks like","aff","positive","can feel happy sometimes","y",0.5,NA
"659","1","us","adults","does that mean...?","cb1","R_cRQGgIBIQYqbMjj","2014-04-11 14:05:00",4,NA,NA,NA,NA,NA,NA,NA,NA,"Thank you",NA,6,"test",10,"aff","negative","is in a bad mood right now","aut","noise","can make sounds on its own","y",0.5,NA
"660","1","us","adults","does that mean...?","cb1","R_cRQGgIBIQYqbMjj","2014-04-11 14:05:00",4,NA,NA,NA,NA,NA,NA,NA,NA,"Thank you",NA,6,"test",11,"phy","glass_clay","is made out of glass","per","hearing","can hear me","n",-0.5,NA
"661","1","us","adults","does that mean...?","cb1","R_0kC1q0S5kjySuSp","2014-04-11 14:38:00",1,NA,NA,NA,NA,NA,NA,NA,NA,NA,NA,7,"practice",1,NA,NA,"is purple",NA,NA,"is green","n",-1.5,NA
"662","1","us","adults","does that mean...?","cb1","R_0kC1q0S5kjySuSp","2014-04-11 14:38:00",1,NA,NA,NA,NA,NA,NA,NA,NA,NA,NA,7,"practice",2,NA,NA,"is walking around",NA,NA,"has legs","y",1.5,NA
"663","1","us","adults","does that mean...?","cb1","R_0kC1q0S5kjySuSp","2014-04-11 14:38:00",1,NA,NA,NA,NA,NA,NA,NA,NA,NA,NA,7,"practice",3,NA,NA,"is made out of paper",NA,NA,"might rip sometime","y",0.5,NA
"664","1","us","adults","does that mean...?","cb1","R_0kC1q0S5kjySuSp","2014-04-11 14:38:00",1,NA,NA,NA,NA,NA,NA,NA,NA,NA,NA,7,"test",4,"aff","positive","is in a good mood right now","per","hearing","can hear what's going on around it","y",0.5,NA
"665","1","us","adults","does that mean...?","cb1","R_0kC1q0S5kjySuSp","2014-04-11 14:38:00",1,NA,NA,NA,NA,NA,NA,NA,NA,NA,NA,7,"test",5,"per","vision","can see me","phy","metal_plastic","is made out of metal","n",-0.5,NA
"666","1","us","adults","does that mean...?","cb1","R_0kC1q0S5kjySuSp","2014-04-11 14:38:00",1,NA,NA,NA,NA,NA,NA,NA,NA,NA,NA,7,"test",6,"phy","glass_clay","is made out of clay","aff","positive","can feel happy sometimes","n",-1.5,NA
"667","1","us","adults","does that mean...?","cb1","R_0kC1q0S5kjySuSp","2014-04-11 14:38:00",1,NA,NA,NA,NA,NA,NA,NA,NA,NA,NA,7,"test",7,"aut","movement","is moving itself from one side of the box to the other","aut","noise","can make noises all by itself","y",0.5,NA
"668","1","us","adults","does that mean...?","cb1","R_0kC1q0S5kjySuSp","2014-04-11 14:38:00",1,NA,NA,NA,NA,NA,NA,NA,NA,NA,NA,7,"test",8,"aff","negative","feels sad right now","phy","glass_clay","is made out of glass","n",-1.5,NA
"669","1","us","adults","does that mean...?","cb1","R_0kC1q0S5kjySuSp","2014-04-11 14:38:00",1,NA,NA,NA,NA,NA,NA,NA,NA,NA,NA,7,"test",9,"per","hearing","can hear me","per","vision","can see what the box looks like","y",0.5,NA
"670","1","us","adults","does that mean...?","cb1","R_0kC1q0S5kjySuSp","2014-04-11 14:38:00",1,NA,NA,NA,NA,NA,NA,NA,NA,NA,NA,7,"test",10,"phy","metal_plastic","is made out of plastic","aut","movement","can move itself around the box","n",-1.5,NA
"671","1","us","adults","does that mean...?","cb1","R_0kC1q0S5kjySuSp","2014-04-11 14:38:00",1,NA,NA,NA,NA,NA,NA,NA,NA,NA,NA,7,"test",11,"aut","noise","is making sounds on its own","aff","negative","can be in a bad mood sometimes","y",0.5,NA
"672","1","us","adults","does that mean...?","cb1","R_2crksm4Y6bFKD5z","2014-04-11 08:10:00",3,NA,NA,NA,NA,NA,NA,NA,NA,NA,NA,7,"practice",1,NA,NA,"is purple",NA,NA,"is green","n",-1.5,NA
"673","1","us","adults","does that mean...?","cb1","R_2crksm4Y6bFKD5z","2014-04-11 08:10:00",3,NA,NA,NA,NA,NA,NA,NA,NA,NA,NA,7,"practice",2,NA,NA,"is walking around",NA,NA,"has legs","y",1.5,NA
"674","1","us","adults","does that mean...?","cb1","R_2crksm4Y6bFKD5z","2014-04-11 08:10:00",3,NA,NA,NA,NA,NA,NA,NA,NA,NA,NA,7,"practice",3,NA,NA,"is made out of paper",NA,NA,"might rip sometime","y",0.5,NA
"675","1","us","adults","does that mean...?","cb1","R_2crksm4Y6bFKD5z","2014-04-11 08:10:00",3,NA,NA,NA,NA,NA,NA,NA,NA,NA,NA,7,"test",4,"aff","positive","is in a good mood right now","per","hearing","can hear what's going on around it","n",-0.5,NA
"676","1","us","adults","does that mean...?","cb1","R_2crksm4Y6bFKD5z","2014-04-11 08:10:00",3,NA,NA,NA,NA,NA,NA,NA,NA,NA,NA,7,"test",5,"per","vision","can see me","phy","metal_plastic","is made out of metal","n",-1.5,NA
"677","1","us","adults","does that mean...?","cb1","R_2crksm4Y6bFKD5z","2014-04-11 08:10:00",3,NA,NA,NA,NA,NA,NA,NA,NA,NA,NA,7,"test",6,"phy","glass_clay","is made out of clay","aff","positive","can feel happy sometimes","n",-1.5,NA
"678","1","us","adults","does that mean...?","cb1","R_2crksm4Y6bFKD5z","2014-04-11 08:10:00",3,NA,NA,NA,NA,NA,NA,NA,NA,NA,NA,7,"test",7,"aut","movement","is moving itself from one side of the box to the other","aut","noise","can make noises all by itself","n",-0.5,NA
"679","1","us","adults","does that mean...?","cb1","R_2crksm4Y6bFKD5z","2014-04-11 08:10:00",3,NA,NA,NA,NA,NA,NA,NA,NA,NA,NA,7,"test",8,"aff","negative","feels sad right now","phy","glass_clay","is made out of glass","n",-0.5,NA
"680","1","us","adults","does that mean...?","cb1","R_2crksm4Y6bFKD5z","2014-04-11 08:10:00",3,NA,NA,NA,NA,NA,NA,NA,NA,NA,NA,7,"test",9,"per","hearing","can hear me","per","vision","can see what the box looks like","n",-0.5,NA
"681","1","us","adults","does that mean...?","cb1","R_2crksm4Y6bFKD5z","2014-04-11 08:10:00",3,NA,NA,NA,NA,NA,NA,NA,NA,NA,NA,7,"test",10,"phy","metal_plastic","is made out of plastic","aut","movement","can move itself around the box","n",-0.5,NA
"682","1","us","adults","does that mean...?","cb1","R_2crksm4Y6bFKD5z","2014-04-11 08:10:00",3,NA,NA,NA,NA,NA,NA,NA,NA,NA,NA,7,"test",11,"aut","noise","is making sounds on its own","aff","negative","can be in a bad mood sometimes","y",0.5,NA
"683","1","us","adults","does that mean...?","cb1","R_2skGuFQMyQDkU6h","2014-04-11 07:33:00",4,NA,NA,NA,NA,NA,NA,NA,NA,NA,NA,7,"practice",1,NA,NA,"is purple",NA,NA,"is green","n",-1.5,NA
"684","1","us","adults","does that mean...?","cb1","R_2skGuFQMyQDkU6h","2014-04-11 07:33:00",4,NA,NA,NA,NA,NA,NA,NA,NA,NA,NA,7,"practice",2,NA,NA,"is walking around",NA,NA,"has legs","y",1.5,NA
"685","1","us","adults","does that mean...?","cb1","R_2skGuFQMyQDkU6h","2014-04-11 07:33:00",4,NA,NA,NA,NA,NA,NA,NA,NA,NA,NA,7,"practice",3,NA,NA,"is made out of paper",NA,NA,"might rip sometime","y",0.5,NA
"686","1","us","adults","does that mean...?","cb1","R_2skGuFQMyQDkU6h","2014-04-11 07:33:00",4,NA,NA,NA,NA,NA,NA,NA,NA,NA,NA,7,"test",4,"aff","positive","is in a good mood right now","per","hearing","can hear what's going on around it","y",0.5,NA
"687","1","us","adults","does that mean...?","cb1","R_2skGuFQMyQDkU6h","2014-04-11 07:33:00",4,NA,NA,NA,NA,NA,NA,NA,NA,NA,NA,7,"test",5,"per","vision","can see me","phy","metal_plastic","is made out of metal","n",-1.5,NA
"688","1","us","adults","does that mean...?","cb1","R_2skGuFQMyQDkU6h","2014-04-11 07:33:00",4,NA,NA,NA,NA,NA,NA,NA,NA,NA,NA,7,"test",6,"phy","glass_clay","is made out of clay","aff","positive","can feel happy sometimes","n",-1.5,NA
"689","1","us","adults","does that mean...?","cb1","R_2skGuFQMyQDkU6h","2014-04-11 07:33:00",4,NA,NA,NA,NA,NA,NA,NA,NA,NA,NA,7,"test",7,"aut","movement","is moving itself from one side of the box to the other","aut","noise","can make noises all by itself","y",1.5,NA
"690","1","us","adults","does that mean...?","cb1","R_2skGuFQMyQDkU6h","2014-04-11 07:33:00",4,NA,NA,NA,NA,NA,NA,NA,NA,NA,NA,7,"test",8,"aff","negative","feels sad right now","phy","glass_clay","is made out of glass","n",-1.5,NA
"691","1","us","adults","does that mean...?","cb1","R_2skGuFQMyQDkU6h","2014-04-11 07:33:00",4,NA,NA,NA,NA,NA,NA,NA,NA,NA,NA,7,"test",9,"per","hearing","can hear me","per","vision","can see what the box looks like","y",0.5,NA
"692","1","us","adults","does that mean...?","cb1","R_2skGuFQMyQDkU6h","2014-04-11 07:33:00",4,NA,NA,NA,NA,NA,NA,NA,NA,NA,NA,7,"test",10,"phy","metal_plastic","is made out of plastic","aut","movement","can move itself around the box","n",-0.5,NA
"693","1","us","adults","does that mean...?","cb1","R_2skGuFQMyQDkU6h","2014-04-11 07:33:00",4,NA,NA,NA,NA,NA,NA,NA,NA,NA,NA,7,"test",11,"aut","noise","is making sounds on its own","aff","negative","can be in a bad mood sometimes","y",0.5,NA
"694","1","us","adults","does that mean...?","cb1","R_3gfJBMqWUSboXpb","2014-04-11 10:50:00",4,NA,NA,NA,NA,NA,NA,NA,NA,"The visual takes quite a bit of time to load and I know you said you were working on it but I don't think it adds that much to the study.",NA,7,"practice",1,NA,NA,"is purple",NA,NA,"is green","n",-1.5,NA
"695","1","us","adults","does that mean...?","cb1","R_3gfJBMqWUSboXpb","2014-04-11 10:50:00",4,NA,NA,NA,NA,NA,NA,NA,NA,"The visual takes quite a bit of time to load and I know you said you were working on it but I don't think it adds that much to the study.",NA,7,"practice",2,NA,NA,"is walking around",NA,NA,"has legs","y",1.5,NA
"696","1","us","adults","does that mean...?","cb1","R_3gfJBMqWUSboXpb","2014-04-11 10:50:00",4,NA,NA,NA,NA,NA,NA,NA,NA,"The visual takes quite a bit of time to load and I know you said you were working on it but I don't think it adds that much to the study.",NA,7,"practice",3,NA,NA,"is made out of paper",NA,NA,"might rip sometime","y",0.5,NA
"697","1","us","adults","does that mean...?","cb1","R_3gfJBMqWUSboXpb","2014-04-11 10:50:00",4,NA,NA,NA,NA,NA,NA,NA,NA,"The visual takes quite a bit of time to load and I know you said you were working on it but I don't think it adds that much to the study.",NA,7,"test",4,"aff","positive","is in a good mood right now","per","hearing","can hear what's going on around it","y",0.5,NA
"698","1","us","adults","does that mean...?","cb1","R_3gfJBMqWUSboXpb","2014-04-11 10:50:00",4,NA,NA,NA,NA,NA,NA,NA,NA,"The visual takes quite a bit of time to load and I know you said you were working on it but I don't think it adds that much to the study.",NA,7,"test",5,"per","vision","can see me","phy","metal_plastic","is made out of metal","n",-0.5,NA
"699","1","us","adults","does that mean...?","cb1","R_3gfJBMqWUSboXpb","2014-04-11 10:50:00",4,NA,NA,NA,NA,NA,NA,NA,NA,"The visual takes quite a bit of time to load and I know you said you were working on it but I don't think it adds that much to the study.",NA,7,"test",6,"phy","glass_clay","is made out of clay","aff","positive","can feel happy sometimes","n",-1.5,NA
"700","1","us","adults","does that mean...?","cb1","R_3gfJBMqWUSboXpb","2014-04-11 10:50:00",4,NA,NA,NA,NA,NA,NA,NA,NA,"The visual takes quite a bit of time to load and I know you said you were working on it but I don't think it adds that much to the study.",NA,7,"test",7,"aut","movement","is moving itself from one side of the box to the other","aut","noise","can make noises all by itself","y",0.5,NA
"701","1","us","adults","does that mean...?","cb1","R_3gfJBMqWUSboXpb","2014-04-11 10:50:00",4,NA,NA,NA,NA,NA,NA,NA,NA,"The visual takes quite a bit of time to load and I know you said you were working on it but I don't think it adds that much to the study.",NA,7,"test",8,"aff","negative","feels sad right now","phy","glass_clay","is made out of glass","n",-0.5,NA
"702","1","us","adults","does that mean...?","cb1","R_3gfJBMqWUSboXpb","2014-04-11 10:50:00",4,NA,NA,NA,NA,NA,NA,NA,NA,"The visual takes quite a bit of time to load and I know you said you were working on it but I don't think it adds that much to the study.",NA,7,"test",9,"per","hearing","can hear me","per","vision","can see what the box looks like","n",-0.5,NA
"703","1","us","adults","does that mean...?","cb1","R_3gfJBMqWUSboXpb","2014-04-11 10:50:00",4,NA,NA,NA,NA,NA,NA,NA,NA,"The visual takes quite a bit of time to load and I know you said you were working on it but I don't think it adds that much to the study.",NA,7,"test",10,"phy","metal_plastic","is made out of plastic","aut","movement","can move itself around the box","n",-0.5,NA
"704","1","us","adults","does that mean...?","cb1","R_3gfJBMqWUSboXpb","2014-04-11 10:50:00",4,NA,NA,NA,NA,NA,NA,NA,NA,"The visual takes quite a bit of time to load and I know you said you were working on it but I don't think it adds that much to the study.",NA,7,"test",11,"aut","noise","is making sounds on its own","aff","negative","can be in a bad mood sometimes","n",-0.5,NA
"705","1","us","adults","does that mean...?","cb1","R_3ksRxK7s0SRjiwR","2014-04-11 07:41:00",6,NA,NA,NA,NA,NA,NA,NA,NA,NA,NA,7,"practice",1,NA,NA,"is purple",NA,NA,"is green","n",-1.5,NA
"706","1","us","adults","does that mean...?","cb1","R_3ksRxK7s0SRjiwR","2014-04-11 07:41:00",6,NA,NA,NA,NA,NA,NA,NA,NA,NA,NA,7,"practice",2,NA,NA,"is walking around",NA,NA,"has legs","y",1.5,NA
"707","1","us","adults","does that mean...?","cb1","R_3ksRxK7s0SRjiwR","2014-04-11 07:41:00",6,NA,NA,NA,NA,NA,NA,NA,NA,NA,NA,7,"practice",3,NA,NA,"is made out of paper",NA,NA,"might rip sometime","n",-0.5,NA
"708","1","us","adults","does that mean...?","cb1","R_3ksRxK7s0SRjiwR","2014-04-11 07:41:00",6,NA,NA,NA,NA,NA,NA,NA,NA,NA,NA,7,"test",4,"aff","positive","is in a good mood right now","per","hearing","can hear what's going on around it","n",-1.5,NA
"709","1","us","adults","does that mean...?","cb1","R_3ksRxK7s0SRjiwR","2014-04-11 07:41:00",6,NA,NA,NA,NA,NA,NA,NA,NA,NA,NA,7,"test",5,"per","vision","can see me","phy","metal_plastic","is made out of metal","y",0.5,NA
"710","1","us","adults","does that mean...?","cb1","R_3ksRxK7s0SRjiwR","2014-04-11 07:41:00",6,NA,NA,NA,NA,NA,NA,NA,NA,NA,NA,7,"test",6,"phy","glass_clay","is made out of clay","aff","positive","can feel happy sometimes","n",-1.5,NA
"711","1","us","adults","does that mean...?","cb1","R_3ksRxK7s0SRjiwR","2014-04-11 07:41:00",6,NA,NA,NA,NA,NA,NA,NA,NA,NA,NA,7,"test",7,"aut","movement","is moving itself from one side of the box to the other","aut","noise","can make noises all by itself","y",1.5,NA
"712","1","us","adults","does that mean...?","cb1","R_3ksRxK7s0SRjiwR","2014-04-11 07:41:00",6,NA,NA,NA,NA,NA,NA,NA,NA,NA,NA,7,"test",8,"aff","negative","feels sad right now","phy","glass_clay","is made out of glass","n",-1.5,NA
"713","1","us","adults","does that mean...?","cb1","R_3ksRxK7s0SRjiwR","2014-04-11 07:41:00",6,NA,NA,NA,NA,NA,NA,NA,NA,NA,NA,7,"test",9,"per","hearing","can hear me","per","vision","can see what the box looks like","y",0.5,NA
"714","1","us","adults","does that mean...?","cb1","R_3ksRxK7s0SRjiwR","2014-04-11 07:41:00",6,NA,NA,NA,NA,NA,NA,NA,NA,NA,NA,7,"test",10,"phy","metal_plastic","is made out of plastic","aut","movement","can move itself around the box","n",-1.5,NA
"715","1","us","adults","does that mean...?","cb1","R_3ksRxK7s0SRjiwR","2014-04-11 07:41:00",6,NA,NA,NA,NA,NA,NA,NA,NA,NA,NA,7,"test",11,"aut","noise","is making sounds on its own","aff","negative","can be in a bad mood sometimes","y",0.5,NA
"716","1","us","adults","does that mean...?","cb1","R_6uq0RkutUs1RLtb","2014-04-11 09:37:00",2,NA,NA,NA,NA,NA,NA,NA,NA,NA,NA,7,"practice",1,NA,NA,"is purple",NA,NA,"is green","n",-1.5,NA
"717","1","us","adults","does that mean...?","cb1","R_6uq0RkutUs1RLtb","2014-04-11 09:37:00",2,NA,NA,NA,NA,NA,NA,NA,NA,NA,NA,7,"practice",2,NA,NA,"is walking around",NA,NA,"has legs","y",1.5,NA
"718","1","us","adults","does that mean...?","cb1","R_6uq0RkutUs1RLtb","2014-04-11 09:37:00",2,NA,NA,NA,NA,NA,NA,NA,NA,NA,NA,7,"practice",3,NA,NA,"is made out of paper",NA,NA,"might rip sometime","y",0.5,NA
"719","1","us","adults","does that mean...?","cb1","R_6uq0RkutUs1RLtb","2014-04-11 09:37:00",2,NA,NA,NA,NA,NA,NA,NA,NA,NA,NA,7,"test",4,"aff","positive","is in a good mood right now","per","hearing","can hear what's going on around it","y",0.5,NA
"720","1","us","adults","does that mean...?","cb1","R_6uq0RkutUs1RLtb","2014-04-11 09:37:00",2,NA,NA,NA,NA,NA,NA,NA,NA,NA,NA,7,"test",5,"per","vision","can see me","phy","metal_plastic","is made out of metal","n",-1.5,NA
"721","1","us","adults","does that mean...?","cb1","R_6uq0RkutUs1RLtb","2014-04-11 09:37:00",2,NA,NA,NA,NA,NA,NA,NA,NA,NA,NA,7,"test",6,"phy","glass_clay","is made out of clay","aff","positive","can feel happy sometimes","n",-1.5,NA
"722","1","us","adults","does that mean...?","cb1","R_6uq0RkutUs1RLtb","2014-04-11 09:37:00",2,NA,NA,NA,NA,NA,NA,NA,NA,NA,NA,7,"test",7,"aut","movement","is moving itself from one side of the box to the other","aut","noise","can make noises all by itself","y",0.5,NA
"723","1","us","adults","does that mean...?","cb1","R_6uq0RkutUs1RLtb","2014-04-11 09:37:00",2,NA,NA,NA,NA,NA,NA,NA,NA,NA,NA,7,"test",8,"aff","negative","feels sad right now","phy","glass_clay","is made out of glass","n",-1.5,NA
"724","1","us","adults","does that mean...?","cb1","R_6uq0RkutUs1RLtb","2014-04-11 09:37:00",2,NA,NA,NA,NA,NA,NA,NA,NA,NA,NA,7,"test",9,"per","hearing","can hear me","per","vision","can see what the box looks like","y",0.5,NA
"725","1","us","adults","does that mean...?","cb1","R_6uq0RkutUs1RLtb","2014-04-11 09:37:00",2,NA,NA,NA,NA,NA,NA,NA,NA,NA,NA,7,"test",10,"phy","metal_plastic","is made out of plastic","aut","movement","can move itself around the box","n",-1.5,NA
"726","1","us","adults","does that mean...?","cb1","R_6uq0RkutUs1RLtb","2014-04-11 09:37:00",2,NA,NA,NA,NA,NA,NA,NA,NA,NA,NA,7,"test",11,"aut","noise","is making sounds on its own","aff","negative","can be in a bad mood sometimes","y",0.5,NA
"727","1","us","adults","does that mean...?","cb1","R_7Up3AWRkDN7DjgN","2014-04-11 18:42:00",2,NA,NA,NA,NA,NA,NA,NA,NA,NA,NA,7,"practice",1,NA,NA,"is purple",NA,NA,"is green","n",-1.5,NA
"728","1","us","adults","does that mean...?","cb1","R_7Up3AWRkDN7DjgN","2014-04-11 18:42:00",2,NA,NA,NA,NA,NA,NA,NA,NA,NA,NA,7,"practice",2,NA,NA,"is walking around",NA,NA,"has legs","y",0.5,NA
"729","1","us","adults","does that mean...?","cb1","R_7Up3AWRkDN7DjgN","2014-04-11 18:42:00",2,NA,NA,NA,NA,NA,NA,NA,NA,NA,NA,7,"practice",3,NA,NA,"is made out of paper",NA,NA,"might rip sometime","y",0.5,NA
"730","1","us","adults","does that mean...?","cb1","R_7Up3AWRkDN7DjgN","2014-04-11 18:42:00",2,NA,NA,NA,NA,NA,NA,NA,NA,NA,NA,7,"test",4,"aff","positive","is in a good mood right now","per","hearing","can hear what's going on around it","y",0.5,NA
"731","1","us","adults","does that mean...?","cb1","R_7Up3AWRkDN7DjgN","2014-04-11 18:42:00",2,NA,NA,NA,NA,NA,NA,NA,NA,NA,NA,7,"test",5,"per","vision","can see me","phy","metal_plastic","is made out of metal","n",-1.5,NA
"732","1","us","adults","does that mean...?","cb1","R_7Up3AWRkDN7DjgN","2014-04-11 18:42:00",2,NA,NA,NA,NA,NA,NA,NA,NA,NA,NA,7,"test",6,"phy","glass_clay","is made out of clay","aff","positive","can feel happy sometimes","n",-1.5,NA
"733","1","us","adults","does that mean...?","cb1","R_7Up3AWRkDN7DjgN","2014-04-11 18:42:00",2,NA,NA,NA,NA,NA,NA,NA,NA,NA,NA,7,"test",7,"aut","movement","is moving itself from one side of the box to the other","aut","noise","can make noises all by itself","y",1.5,NA
"734","1","us","adults","does that mean...?","cb1","R_7Up3AWRkDN7DjgN","2014-04-11 18:42:00",2,NA,NA,NA,NA,NA,NA,NA,NA,NA,NA,7,"test",8,"aff","negative","feels sad right now","phy","glass_clay","is made out of glass","n",-1.5,NA
"735","1","us","adults","does that mean...?","cb1","R_7Up3AWRkDN7DjgN","2014-04-11 18:42:00",2,NA,NA,NA,NA,NA,NA,NA,NA,NA,NA,7,"test",9,"per","hearing","can hear me","per","vision","can see what the box looks like","y",1.5,NA
"736","1","us","adults","does that mean...?","cb1","R_7Up3AWRkDN7DjgN","2014-04-11 18:42:00",2,NA,NA,NA,NA,NA,NA,NA,NA,NA,NA,7,"test",10,"phy","metal_plastic","is made out of plastic","aut","movement","can move itself around the box","n",-1.5,NA
"737","1","us","adults","does that mean...?","cb1","R_7Up3AWRkDN7DjgN","2014-04-11 18:42:00",2,NA,NA,NA,NA,NA,NA,NA,NA,NA,NA,7,"test",11,"aut","noise","is making sounds on its own","aff","negative","can be in a bad mood sometimes","y",1.5,NA
"738","1","us","adults","does that mean...?","cb1","R_9NMghMapgwelaT3","2014-04-11 08:59:00",6,NA,NA,NA,NA,NA,NA,NA,NA,NA,NA,7,"practice",1,NA,NA,"is purple",NA,NA,"is green","n",-1.5,NA
"739","1","us","adults","does that mean...?","cb1","R_9NMghMapgwelaT3","2014-04-11 08:59:00",6,NA,NA,NA,NA,NA,NA,NA,NA,NA,NA,7,"practice",2,NA,NA,"is walking around",NA,NA,"has legs","y",1.5,NA
"740","1","us","adults","does that mean...?","cb1","R_9NMghMapgwelaT3","2014-04-11 08:59:00",6,NA,NA,NA,NA,NA,NA,NA,NA,NA,NA,7,"practice",3,NA,NA,"is made out of paper",NA,NA,"might rip sometime","y",0.5,NA
"741","1","us","adults","does that mean...?","cb1","R_9NMghMapgwelaT3","2014-04-11 08:59:00",6,NA,NA,NA,NA,NA,NA,NA,NA,NA,NA,7,"test",4,"aff","positive","is in a good mood right now","per","hearing","can hear what's going on around it","y",1.5,NA
"742","1","us","adults","does that mean...?","cb1","R_9NMghMapgwelaT3","2014-04-11 08:59:00",6,NA,NA,NA,NA,NA,NA,NA,NA,NA,NA,7,"test",5,"per","vision","can see me","phy","metal_plastic","is made out of metal","n",-1.5,NA
"743","1","us","adults","does that mean...?","cb1","R_9NMghMapgwelaT3","2014-04-11 08:59:00",6,NA,NA,NA,NA,NA,NA,NA,NA,NA,NA,7,"test",6,"phy","glass_clay","is made out of clay","aff","positive","can feel happy sometimes","n",-1.5,NA
"744","1","us","adults","does that mean...?","cb1","R_9NMghMapgwelaT3","2014-04-11 08:59:00",6,NA,NA,NA,NA,NA,NA,NA,NA,NA,NA,7,"test",7,"aut","movement","is moving itself from one side of the box to the other","aut","noise","can make noises all by itself","y",0.5,NA
"745","1","us","adults","does that mean...?","cb1","R_9NMghMapgwelaT3","2014-04-11 08:59:00",6,NA,NA,NA,NA,NA,NA,NA,NA,NA,NA,7,"test",8,"aff","negative","feels sad right now","phy","glass_clay","is made out of glass","n",-1.5,NA
"746","1","us","adults","does that mean...?","cb1","R_9NMghMapgwelaT3","2014-04-11 08:59:00",6,NA,NA,NA,NA,NA,NA,NA,NA,NA,NA,7,"test",9,"per","hearing","can hear me","per","vision","can see what the box looks like","y",0.5,NA
"747","1","us","adults","does that mean...?","cb1","R_9NMghMapgwelaT3","2014-04-11 08:59:00",6,NA,NA,NA,NA,NA,NA,NA,NA,NA,NA,7,"test",10,"phy","metal_plastic","is made out of plastic","aut","movement","can move itself around the box","n",-1.5,NA
"748","1","us","adults","does that mean...?","cb1","R_9NMghMapgwelaT3","2014-04-11 08:59:00",6,NA,NA,NA,NA,NA,NA,NA,NA,NA,NA,7,"test",11,"aut","noise","is making sounds on its own","aff","negative","can be in a bad mood sometimes","y",0.5,NA
"749","1","us","adults","does that mean...?","cb1","R_9vpV6ndeL6zd2GV","2014-04-11 14:26:00",2,NA,NA,NA,NA,NA,NA,NA,NA,NA,NA,7,"practice",1,NA,NA,"is purple",NA,NA,"is green","n",-1.5,NA
"750","1","us","adults","does that mean...?","cb1","R_9vpV6ndeL6zd2GV","2014-04-11 14:26:00",2,NA,NA,NA,NA,NA,NA,NA,NA,NA,NA,7,"practice",2,NA,NA,"is walking around",NA,NA,"has legs","y",0.5,NA
"751","1","us","adults","does that mean...?","cb1","R_9vpV6ndeL6zd2GV","2014-04-11 14:26:00",2,NA,NA,NA,NA,NA,NA,NA,NA,NA,NA,7,"practice",3,NA,NA,"is made out of paper",NA,NA,"might rip sometime","y",0.5,NA
"752","1","us","adults","does that mean...?","cb1","R_9vpV6ndeL6zd2GV","2014-04-11 14:26:00",2,NA,NA,NA,NA,NA,NA,NA,NA,NA,NA,7,"test",4,"aff","positive","is in a good mood right now","per","hearing","can hear what's going on around it","y",0.5,NA
"753","1","us","adults","does that mean...?","cb1","R_9vpV6ndeL6zd2GV","2014-04-11 14:26:00",2,NA,NA,NA,NA,NA,NA,NA,NA,NA,NA,7,"test",5,"per","vision","can see me","phy","metal_plastic","is made out of metal","n",-0.5,NA
"754","1","us","adults","does that mean...?","cb1","R_9vpV6ndeL6zd2GV","2014-04-11 14:26:00",2,NA,NA,NA,NA,NA,NA,NA,NA,NA,NA,7,"test",6,"phy","glass_clay","is made out of clay","aff","positive","can feel happy sometimes","n",-0.5,NA
"755","1","us","adults","does that mean...?","cb1","R_9vpV6ndeL6zd2GV","2014-04-11 14:26:00",2,NA,NA,NA,NA,NA,NA,NA,NA,NA,NA,7,"test",7,"aut","movement","is moving itself from one side of the box to the other","aut","noise","can make noises all by itself","y",0.5,NA
"756","1","us","adults","does that mean...?","cb1","R_9vpV6ndeL6zd2GV","2014-04-11 14:26:00",2,NA,NA,NA,NA,NA,NA,NA,NA,NA,NA,7,"test",8,"aff","negative","feels sad right now","phy","glass_clay","is made out of glass","n",-0.5,NA
"757","1","us","adults","does that mean...?","cb1","R_9vpV6ndeL6zd2GV","2014-04-11 14:26:00",2,NA,NA,NA,NA,NA,NA,NA,NA,NA,NA,7,"test",9,"per","hearing","can hear me","per","vision","can see what the box looks like","y",0.5,NA
"758","1","us","adults","does that mean...?","cb1","R_9vpV6ndeL6zd2GV","2014-04-11 14:26:00",2,NA,NA,NA,NA,NA,NA,NA,NA,NA,NA,7,"test",10,"phy","metal_plastic","is made out of plastic","aut","movement","can move itself around the box","n",-0.5,NA
"759","1","us","adults","does that mean...?","cb1","R_9vpV6ndeL6zd2GV","2014-04-11 14:26:00",2,NA,NA,NA,NA,NA,NA,NA,NA,NA,NA,7,"test",11,"aut","noise","is making sounds on its own","aff","negative","can be in a bad mood sometimes","y",0.5,NA
"760","1","us","adults","does that mean...?","cb1","R_agVWbT0RtmmPHnL","2014-04-11 07:34:00",3,NA,NA,NA,NA,NA,NA,NA,NA,NA,NA,7,"practice",1,NA,NA,"is purple",NA,NA,"is green","n",-1.5,NA
"761","1","us","adults","does that mean...?","cb1","R_agVWbT0RtmmPHnL","2014-04-11 07:34:00",3,NA,NA,NA,NA,NA,NA,NA,NA,NA,NA,7,"practice",2,NA,NA,"is walking around",NA,NA,"has legs","y",1.5,NA
"762","1","us","adults","does that mean...?","cb1","R_agVWbT0RtmmPHnL","2014-04-11 07:34:00",3,NA,NA,NA,NA,NA,NA,NA,NA,NA,NA,7,"practice",3,NA,NA,"is made out of paper",NA,NA,"might rip sometime","y",0.5,NA
"763","1","us","adults","does that mean...?","cb1","R_agVWbT0RtmmPHnL","2014-04-11 07:34:00",3,NA,NA,NA,NA,NA,NA,NA,NA,NA,NA,7,"test",4,"aff","positive","is in a good mood right now","per","hearing","can hear what's going on around it","n",-0.5,NA
"764","1","us","adults","does that mean...?","cb1","R_agVWbT0RtmmPHnL","2014-04-11 07:34:00",3,NA,NA,NA,NA,NA,NA,NA,NA,NA,NA,7,"test",5,"per","vision","can see me","phy","metal_plastic","is made out of metal","n",-0.5,NA
"765","1","us","adults","does that mean...?","cb1","R_agVWbT0RtmmPHnL","2014-04-11 07:34:00",3,NA,NA,NA,NA,NA,NA,NA,NA,NA,NA,7,"test",6,"phy","glass_clay","is made out of clay","aff","positive","can feel happy sometimes","n",-0.5,NA
"766","1","us","adults","does that mean...?","cb1","R_agVWbT0RtmmPHnL","2014-04-11 07:34:00",3,NA,NA,NA,NA,NA,NA,NA,NA,NA,NA,7,"test",7,"aut","movement","is moving itself from one side of the box to the other","aut","noise","can make noises all by itself","n",-0.5,NA
"767","1","us","adults","does that mean...?","cb1","R_agVWbT0RtmmPHnL","2014-04-11 07:34:00",3,NA,NA,NA,NA,NA,NA,NA,NA,NA,NA,7,"test",8,"aff","negative","feels sad right now","phy","glass_clay","is made out of glass","n",-0.5,NA
"768","1","us","adults","does that mean...?","cb1","R_agVWbT0RtmmPHnL","2014-04-11 07:34:00",3,NA,NA,NA,NA,NA,NA,NA,NA,NA,NA,7,"test",9,"per","hearing","can hear me","per","vision","can see what the box looks like","y",0.5,NA
"769","1","us","adults","does that mean...?","cb1","R_agVWbT0RtmmPHnL","2014-04-11 07:34:00",3,NA,NA,NA,NA,NA,NA,NA,NA,NA,NA,7,"test",10,"phy","metal_plastic","is made out of plastic","aut","movement","can move itself around the box","n",-0.5,NA
"770","1","us","adults","does that mean...?","cb1","R_agVWbT0RtmmPHnL","2014-04-11 07:34:00",3,NA,NA,NA,NA,NA,NA,NA,NA,NA,NA,7,"test",11,"aut","noise","is making sounds on its own","aff","negative","can be in a bad mood sometimes","n",-0.5,NA
"771","1","us","adults","does that mean...?","cb1","R_0362z9pndXwd40J","2014-04-11 07:32:00",1,NA,NA,NA,NA,NA,NA,NA,NA,NA,NA,8,"practice",1,NA,NA,"is purple",NA,NA,"is green","n",-1.5,NA
"772","1","us","adults","does that mean...?","cb1","R_0362z9pndXwd40J","2014-04-11 07:32:00",1,NA,NA,NA,NA,NA,NA,NA,NA,NA,NA,8,"practice",2,NA,NA,"is walking around",NA,NA,"has legs","y",1.5,NA
"773","1","us","adults","does that mean...?","cb1","R_0362z9pndXwd40J","2014-04-11 07:32:00",1,NA,NA,NA,NA,NA,NA,NA,NA,NA,NA,8,"practice",3,NA,NA,"is made out of paper",NA,NA,"might rip sometime","y",1.5,NA
"774","1","us","adults","does that mean...?","cb1","R_0362z9pndXwd40J","2014-04-11 07:32:00",1,NA,NA,NA,NA,NA,NA,NA,NA,NA,NA,8,"test",4,"aut","movement","is moving itself around the box","aff","negative","can feel sad sometimes","y",0.5,NA
"775","1","us","adults","does that mean...?","cb1","R_0362z9pndXwd40J","2014-04-11 07:32:00",1,NA,NA,NA,NA,NA,NA,NA,NA,NA,NA,8,"test",5,"phy","glass_clay","is made out of glass","aut","noise","can make noises all by itself","n",-1.5,NA
"776","1","us","adults","does that mean...?","cb1","R_0362z9pndXwd40J","2014-04-11 07:32:00",1,NA,NA,NA,NA,NA,NA,NA,NA,NA,NA,8,"test",6,"per","hearing","can hear what's going on around it","per","vision","can see me","y",0.5,NA
"777","1","us","adults","does that mean...?","cb1","R_0362z9pndXwd40J","2014-04-11 07:32:00",1,NA,NA,NA,NA,NA,NA,NA,NA,NA,NA,8,"test",7,"aff","positive","feels happy right now","phy","metal_plastic","is made out of plastic","n",-1.5,NA
"778","1","us","adults","does that mean...?","cb1","R_0362z9pndXwd40J","2014-04-11 07:32:00",1,NA,NA,NA,NA,NA,NA,NA,NA,NA,NA,8,"test",8,"aut","noise","is making sounds on its own","aut","movement","can move itself from one side of the box to the other","y",1.5,NA
"779","1","us","adults","does that mean...?","cb1","R_0362z9pndXwd40J","2014-04-11 07:32:00",1,NA,NA,NA,NA,NA,NA,NA,NA,NA,NA,8,"test",9,"phy","metal_plastic","is made out of metal","aff","positive","can be in a good mood sometimes","n",-1.5,NA
"780","1","us","adults","does that mean...?","cb1","R_0362z9pndXwd40J","2014-04-11 07:32:00",1,NA,NA,NA,NA,NA,NA,NA,NA,NA,NA,8,"test",10,"per","vision","can see what the box looks like","phy","glass_clay","is made out of clay","n",-1.5,NA
"781","1","us","adults","does that mean...?","cb1","R_0362z9pndXwd40J","2014-04-11 07:32:00",1,NA,NA,NA,NA,NA,NA,NA,NA,NA,NA,8,"test",11,"aff","negative","is in a bad mood right now","per","hearing","can hear me","y",0.5,NA
"782","1","us","adults","does that mean...?","cb1","R_0J656FzFSThdWXX","2014-04-11 13:46:00",26,NA,NA,NA,NA,NA,NA,NA,NA,"The children that took this study I know they did better than I did. I've nevery been really good at these sorts of puzzles. I'm glad I tried it though.",NA,8,"practice",1,NA,NA,"is purple",NA,NA,"is green","y",0.5,NA
"783","1","us","adults","does that mean...?","cb1","R_0J656FzFSThdWXX","2014-04-11 13:46:00",26,NA,NA,NA,NA,NA,NA,NA,NA,"The children that took this study I know they did better than I did. I've nevery been really good at these sorts of puzzles. I'm glad I tried it though.",NA,8,"practice",2,NA,NA,"is walking around",NA,NA,"has legs","n",-0.5,NA
"784","1","us","adults","does that mean...?","cb1","R_0J656FzFSThdWXX","2014-04-11 13:46:00",26,NA,NA,NA,NA,NA,NA,NA,NA,"The children that took this study I know they did better than I did. I've nevery been really good at these sorts of puzzles. I'm glad I tried it though.",NA,8,"practice",3,NA,NA,"is made out of paper",NA,NA,"might rip sometime","y",0.5,NA
"785","1","us","adults","does that mean...?","cb1","R_0J656FzFSThdWXX","2014-04-11 13:46:00",26,NA,NA,NA,NA,NA,NA,NA,NA,"The children that took this study I know they did better than I did. I've nevery been really good at these sorts of puzzles. I'm glad I tried it though.",NA,8,"test",4,"aut","movement","is moving itself around the box","aff","negative","can feel sad sometimes","n",-1.5,NA
"786","1","us","adults","does that mean...?","cb1","R_0J656FzFSThdWXX","2014-04-11 13:46:00",26,NA,NA,NA,NA,NA,NA,NA,NA,"The children that took this study I know they did better than I did. I've nevery been really good at these sorts of puzzles. I'm glad I tried it though.",NA,8,"test",5,"phy","glass_clay","is made out of glass","aut","noise","can make noises all by itself","y",1.5,NA
"787","1","us","adults","does that mean...?","cb1","R_0J656FzFSThdWXX","2014-04-11 13:46:00",26,NA,NA,NA,NA,NA,NA,NA,NA,"The children that took this study I know they did better than I did. I've nevery been really good at these sorts of puzzles. I'm glad I tried it though.",NA,8,"test",6,"per","hearing","can hear what's going on around it","per","vision","can see me","n",-0.5,NA
"788","1","us","adults","does that mean...?","cb1","R_0J656FzFSThdWXX","2014-04-11 13:46:00",26,NA,NA,NA,NA,NA,NA,NA,NA,"The children that took this study I know they did better than I did. I've nevery been really good at these sorts of puzzles. I'm glad I tried it though.",NA,8,"test",7,"aff","positive","feels happy right now","phy","metal_plastic","is made out of plastic","y",0.5,NA
"789","1","us","adults","does that mean...?","cb1","R_0J656FzFSThdWXX","2014-04-11 13:46:00",26,NA,NA,NA,NA,NA,NA,NA,NA,"The children that took this study I know they did better than I did. I've nevery been really good at these sorts of puzzles. I'm glad I tried it though.",NA,8,"test",8,"aut","noise","is making sounds on its own","aut","movement","can move itself from one side of the box to the other","y",0.5,NA
"790","1","us","adults","does that mean...?","cb1","R_0J656FzFSThdWXX","2014-04-11 13:46:00",26,NA,NA,NA,NA,NA,NA,NA,NA,"The children that took this study I know they did better than I did. I've nevery been really good at these sorts of puzzles. I'm glad I tried it though.",NA,8,"test",9,"phy","metal_plastic","is made out of metal","aff","positive","can be in a good mood sometimes","n",-1.5,NA
"791","1","us","adults","does that mean...?","cb1","R_0J656FzFSThdWXX","2014-04-11 13:46:00",26,NA,NA,NA,NA,NA,NA,NA,NA,"The children that took this study I know they did better than I did. I've nevery been really good at these sorts of puzzles. I'm glad I tried it though.",NA,8,"test",10,"per","vision","can see what the box looks like","phy","glass_clay","is made out of clay","n",-0.5,NA
"792","1","us","adults","does that mean...?","cb1","R_0J656FzFSThdWXX","2014-04-11 13:46:00",26,NA,NA,NA,NA,NA,NA,NA,NA,"The children that took this study I know they did better than I did. I've nevery been really good at these sorts of puzzles. I'm glad I tried it though.",NA,8,"test",11,"aff","negative","is in a bad mood right now","per","hearing","can hear me","y",0.5,NA
"793","1","us","adults","does that mean...?","cb1","R_1EVYXR49z1if5T7","2014-04-11 10:53:00",4,NA,NA,NA,NA,NA,NA,NA,NA,NA,NA,8,"practice",1,NA,NA,"is purple",NA,NA,"is green","n",-1.5,NA
"794","1","us","adults","does that mean...?","cb1","R_1EVYXR49z1if5T7","2014-04-11 10:53:00",4,NA,NA,NA,NA,NA,NA,NA,NA,NA,NA,8,"practice",2,NA,NA,"is walking around",NA,NA,"has legs","y",1.5,NA
"795","1","us","adults","does that mean...?","cb1","R_1EVYXR49z1if5T7","2014-04-11 10:53:00",4,NA,NA,NA,NA,NA,NA,NA,NA,NA,NA,8,"practice",3,NA,NA,"is made out of paper",NA,NA,"might rip sometime","y",1.5,NA
"796","1","us","adults","does that mean...?","cb1","R_1EVYXR49z1if5T7","2014-04-11 10:53:00",4,NA,NA,NA,NA,NA,NA,NA,NA,NA,NA,8,"test",4,"aut","movement","is moving itself around the box","aff","negative","can feel sad sometimes","y",0.5,NA
"797","1","us","adults","does that mean...?","cb1","R_1EVYXR49z1if5T7","2014-04-11 10:53:00",4,NA,NA,NA,NA,NA,NA,NA,NA,NA,NA,8,"test",5,"phy","glass_clay","is made out of glass","aut","noise","can make noises all by itself","n",-0.5,NA
"798","1","us","adults","does that mean...?","cb1","R_1EVYXR49z1if5T7","2014-04-11 10:53:00",4,NA,NA,NA,NA,NA,NA,NA,NA,NA,NA,8,"test",6,"per","hearing","can hear what's going on around it","per","vision","can see me","y",0.5,NA
"799","1","us","adults","does that mean...?","cb1","R_1EVYXR49z1if5T7","2014-04-11 10:53:00",4,NA,NA,NA,NA,NA,NA,NA,NA,NA,NA,8,"test",7,"aff","positive","feels happy right now","phy","metal_plastic","is made out of plastic","n",-1.5,NA
"800","1","us","adults","does that mean...?","cb1","R_1EVYXR49z1if5T7","2014-04-11 10:53:00",4,NA,NA,NA,NA,NA,NA,NA,NA,NA,NA,8,"test",8,"aut","noise","is making sounds on its own","aut","movement","can move itself from one side of the box to the other","y",0.5,NA
"801","1","us","adults","does that mean...?","cb1","R_1EVYXR49z1if5T7","2014-04-11 10:53:00",4,NA,NA,NA,NA,NA,NA,NA,NA,NA,NA,8,"test",9,"phy","metal_plastic","is made out of metal","aff","positive","can be in a good mood sometimes","n",-1.5,NA
"802","1","us","adults","does that mean...?","cb1","R_1EVYXR49z1if5T7","2014-04-11 10:53:00",4,NA,NA,NA,NA,NA,NA,NA,NA,NA,NA,8,"test",10,"per","vision","can see what the box looks like","phy","glass_clay","is made out of clay","n",-1.5,NA
"803","1","us","adults","does that mean...?","cb1","R_1EVYXR49z1if5T7","2014-04-11 10:53:00",4,NA,NA,NA,NA,NA,NA,NA,NA,NA,NA,8,"test",11,"aff","negative","is in a bad mood right now","per","hearing","can hear me","y",0.5,NA
"804","1","us","adults","does that mean...?","cb1","R_4M9Q6PWK8Yhy1vL","2014-04-11 13:04:00",2,NA,NA,NA,NA,NA,NA,NA,NA,NA,NA,8,"practice",1,NA,NA,"is purple",NA,NA,"is green","n",-1.5,NA
"805","1","us","adults","does that mean...?","cb1","R_4M9Q6PWK8Yhy1vL","2014-04-11 13:04:00",2,NA,NA,NA,NA,NA,NA,NA,NA,NA,NA,8,"practice",2,NA,NA,"is walking around",NA,NA,"has legs","y",0.5,NA
"806","1","us","adults","does that mean...?","cb1","R_4M9Q6PWK8Yhy1vL","2014-04-11 13:04:00",2,NA,NA,NA,NA,NA,NA,NA,NA,NA,NA,8,"practice",3,NA,NA,"is made out of paper",NA,NA,"might rip sometime","y",1.5,NA
"807","1","us","adults","does that mean...?","cb1","R_4M9Q6PWK8Yhy1vL","2014-04-11 13:04:00",2,NA,NA,NA,NA,NA,NA,NA,NA,NA,NA,8,"test",4,"aut","movement","is moving itself around the box","aff","negative","can feel sad sometimes","n",-0.5,NA
"808","1","us","adults","does that mean...?","cb1","R_4M9Q6PWK8Yhy1vL","2014-04-11 13:04:00",2,NA,NA,NA,NA,NA,NA,NA,NA,NA,NA,8,"test",5,"phy","glass_clay","is made out of glass","aut","noise","can make noises all by itself","n",-0.5,NA
"809","1","us","adults","does that mean...?","cb1","R_4M9Q6PWK8Yhy1vL","2014-04-11 13:04:00",2,NA,NA,NA,NA,NA,NA,NA,NA,NA,NA,8,"test",6,"per","hearing","can hear what's going on around it","per","vision","can see me","y",0.5,NA
"810","1","us","adults","does that mean...?","cb1","R_4M9Q6PWK8Yhy1vL","2014-04-11 13:04:00",2,NA,NA,NA,NA,NA,NA,NA,NA,NA,NA,8,"test",7,"aff","positive","feels happy right now","phy","metal_plastic","is made out of plastic","n",-1.5,NA
"811","1","us","adults","does that mean...?","cb1","R_4M9Q6PWK8Yhy1vL","2014-04-11 13:04:00",2,NA,NA,NA,NA,NA,NA,NA,NA,NA,NA,8,"test",8,"aut","noise","is making sounds on its own","aut","movement","can move itself from one side of the box to the other","y",0.5,NA
"812","1","us","adults","does that mean...?","cb1","R_4M9Q6PWK8Yhy1vL","2014-04-11 13:04:00",2,NA,NA,NA,NA,NA,NA,NA,NA,NA,NA,8,"test",9,"phy","metal_plastic","is made out of metal","aff","positive","can be in a good mood sometimes","n",-1.5,NA
"813","1","us","adults","does that mean...?","cb1","R_4M9Q6PWK8Yhy1vL","2014-04-11 13:04:00",2,NA,NA,NA,NA,NA,NA,NA,NA,NA,NA,8,"test",10,"per","vision","can see what the box looks like","phy","glass_clay","is made out of clay","n",-1.5,NA
"814","1","us","adults","does that mean...?","cb1","R_4M9Q6PWK8Yhy1vL","2014-04-11 13:04:00",2,NA,NA,NA,NA,NA,NA,NA,NA,NA,NA,8,"test",11,"aff","negative","is in a bad mood right now","per","hearing","can hear me","y",0.5,NA
"815","1","us","adults","does that mean...?","cb1","R_4ZUjBbfE7R7hrfv","2014-04-11 07:51:00",2,NA,NA,NA,NA,NA,NA,NA,NA,NA,NA,8,"practice",1,NA,NA,"is purple",NA,NA,"is green","n",-1.5,NA
"816","1","us","adults","does that mean...?","cb1","R_4ZUjBbfE7R7hrfv","2014-04-11 07:51:00",2,NA,NA,NA,NA,NA,NA,NA,NA,NA,NA,8,"practice",2,NA,NA,"is walking around",NA,NA,"has legs","y",1.5,NA
"817","1","us","adults","does that mean...?","cb1","R_4ZUjBbfE7R7hrfv","2014-04-11 07:51:00",2,NA,NA,NA,NA,NA,NA,NA,NA,NA,NA,8,"practice",3,NA,NA,"is made out of paper",NA,NA,"might rip sometime","y",1.5,NA
"818","1","us","adults","does that mean...?","cb1","R_4ZUjBbfE7R7hrfv","2014-04-11 07:51:00",2,NA,NA,NA,NA,NA,NA,NA,NA,NA,NA,8,"test",4,"aut","movement","is moving itself around the box","aff","negative","can feel sad sometimes","y",0.5,NA
"819","1","us","adults","does that mean...?","cb1","R_4ZUjBbfE7R7hrfv","2014-04-11 07:51:00",2,NA,NA,NA,NA,NA,NA,NA,NA,NA,NA,8,"test",5,"phy","glass_clay","is made out of glass","aut","noise","can make noises all by itself","y",0.5,NA
"820","1","us","adults","does that mean...?","cb1","R_4ZUjBbfE7R7hrfv","2014-04-11 07:51:00",2,NA,NA,NA,NA,NA,NA,NA,NA,NA,NA,8,"test",6,"per","hearing","can hear what's going on around it","per","vision","can see me","y",0.5,NA
"821","1","us","adults","does that mean...?","cb1","R_4ZUjBbfE7R7hrfv","2014-04-11 07:51:00",2,NA,NA,NA,NA,NA,NA,NA,NA,NA,NA,8,"test",7,"aff","positive","feels happy right now","phy","metal_plastic","is made out of plastic","n",-0.5,NA
"822","1","us","adults","does that mean...?","cb1","R_4ZUjBbfE7R7hrfv","2014-04-11 07:51:00",2,NA,NA,NA,NA,NA,NA,NA,NA,NA,NA,8,"test",8,"aut","noise","is making sounds on its own","aut","movement","can move itself from one side of the box to the other","y",0.5,NA
"823","1","us","adults","does that mean...?","cb1","R_4ZUjBbfE7R7hrfv","2014-04-11 07:51:00",2,NA,NA,NA,NA,NA,NA,NA,NA,NA,NA,8,"test",9,"phy","metal_plastic","is made out of metal","aff","positive","can be in a good mood sometimes","n",-0.5,NA
"824","1","us","adults","does that mean...?","cb1","R_4ZUjBbfE7R7hrfv","2014-04-11 07:51:00",2,NA,NA,NA,NA,NA,NA,NA,NA,NA,NA,8,"test",10,"per","vision","can see what the box looks like","phy","glass_clay","is made out of clay","n",-0.5,NA
"825","1","us","adults","does that mean...?","cb1","R_4ZUjBbfE7R7hrfv","2014-04-11 07:51:00",2,NA,NA,NA,NA,NA,NA,NA,NA,NA,NA,8,"test",11,"aff","negative","is in a bad mood right now","per","hearing","can hear me","y",0.5,NA
"826","1","us","adults","does that mean...?","cb1","R_5oN5RWrmOq2eCrz","2014-04-11 19:04:00",4,NA,NA,NA,NA,NA,NA,NA,NA,NA,NA,8,"practice",1,NA,NA,"is purple",NA,NA,"is green","n",-1.5,NA
"827","1","us","adults","does that mean...?","cb1","R_5oN5RWrmOq2eCrz","2014-04-11 19:04:00",4,NA,NA,NA,NA,NA,NA,NA,NA,NA,NA,8,"practice",2,NA,NA,"is walking around",NA,NA,"has legs","y",1.5,NA
"828","1","us","adults","does that mean...?","cb1","R_5oN5RWrmOq2eCrz","2014-04-11 19:04:00",4,NA,NA,NA,NA,NA,NA,NA,NA,NA,NA,8,"practice",3,NA,NA,"is made out of paper",NA,NA,"might rip sometime","y",0.5,NA
"829","1","us","adults","does that mean...?","cb1","R_5oN5RWrmOq2eCrz","2014-04-11 19:04:00",4,NA,NA,NA,NA,NA,NA,NA,NA,NA,NA,8,"test",4,"aut","movement","is moving itself around the box","aff","negative","can feel sad sometimes","y",0.5,NA
"830","1","us","adults","does that mean...?","cb1","R_5oN5RWrmOq2eCrz","2014-04-11 19:04:00",4,NA,NA,NA,NA,NA,NA,NA,NA,NA,NA,8,"test",5,"phy","glass_clay","is made out of glass","aut","noise","can make noises all by itself","n",-1.5,NA
"831","1","us","adults","does that mean...?","cb1","R_5oN5RWrmOq2eCrz","2014-04-11 19:04:00",4,NA,NA,NA,NA,NA,NA,NA,NA,NA,NA,8,"test",6,"per","hearing","can hear what's going on around it","per","vision","can see me","y",0.5,NA
"832","1","us","adults","does that mean...?","cb1","R_5oN5RWrmOq2eCrz","2014-04-11 19:04:00",4,NA,NA,NA,NA,NA,NA,NA,NA,NA,NA,8,"test",7,"aff","positive","feels happy right now","phy","metal_plastic","is made out of plastic","n",-1.5,NA
"833","1","us","adults","does that mean...?","cb1","R_5oN5RWrmOq2eCrz","2014-04-11 19:04:00",4,NA,NA,NA,NA,NA,NA,NA,NA,NA,NA,8,"test",8,"aut","noise","is making sounds on its own","aut","movement","can move itself from one side of the box to the other","y",0.5,NA
"834","1","us","adults","does that mean...?","cb1","R_5oN5RWrmOq2eCrz","2014-04-11 19:04:00",4,NA,NA,NA,NA,NA,NA,NA,NA,NA,NA,8,"test",9,"phy","metal_plastic","is made out of metal","aff","positive","can be in a good mood sometimes","n",-1.5,NA
"835","1","us","adults","does that mean...?","cb1","R_5oN5RWrmOq2eCrz","2014-04-11 19:04:00",4,NA,NA,NA,NA,NA,NA,NA,NA,NA,NA,8,"test",10,"per","vision","can see what the box looks like","phy","glass_clay","is made out of clay","n",-1.5,NA
"836","1","us","adults","does that mean...?","cb1","R_5oN5RWrmOq2eCrz","2014-04-11 19:04:00",4,NA,NA,NA,NA,NA,NA,NA,NA,NA,NA,8,"test",11,"aff","negative","is in a bad mood right now","per","hearing","can hear me","y",0.5,NA
"837","1","us","adults","does that mean...?","cb1","R_7O6bEwbHkOj3vP7","2014-04-11 09:38:00",6,NA,NA,NA,NA,NA,NA,NA,NA,NA,NA,8,"practice",1,NA,NA,"is purple",NA,NA,"is green","n",-1.5,NA
"838","1","us","adults","does that mean...?","cb1","R_7O6bEwbHkOj3vP7","2014-04-11 09:38:00",6,NA,NA,NA,NA,NA,NA,NA,NA,NA,NA,8,"practice",2,NA,NA,"is walking around",NA,NA,"has legs","y",1.5,NA
"839","1","us","adults","does that mean...?","cb1","R_7O6bEwbHkOj3vP7","2014-04-11 09:38:00",6,NA,NA,NA,NA,NA,NA,NA,NA,NA,NA,8,"practice",3,NA,NA,"is made out of paper",NA,NA,"might rip sometime","n",-0.5,NA
"840","1","us","adults","does that mean...?","cb1","R_7O6bEwbHkOj3vP7","2014-04-11 09:38:00",6,NA,NA,NA,NA,NA,NA,NA,NA,NA,NA,8,"test",4,"aut","movement","is moving itself around the box","aff","negative","can feel sad sometimes","y",0.5,NA
"841","1","us","adults","does that mean...?","cb1","R_7O6bEwbHkOj3vP7","2014-04-11 09:38:00",6,NA,NA,NA,NA,NA,NA,NA,NA,NA,NA,8,"test",5,"phy","glass_clay","is made out of glass","aut","noise","can make noises all by itself","n",-1.5,NA
"842","1","us","adults","does that mean...?","cb1","R_7O6bEwbHkOj3vP7","2014-04-11 09:38:00",6,NA,NA,NA,NA,NA,NA,NA,NA,NA,NA,8,"test",6,"per","hearing","can hear what's going on around it","per","vision","can see me","y",0.5,NA
"843","1","us","adults","does that mean...?","cb1","R_7O6bEwbHkOj3vP7","2014-04-11 09:38:00",6,NA,NA,NA,NA,NA,NA,NA,NA,NA,NA,8,"test",7,"aff","positive","feels happy right now","phy","metal_plastic","is made out of plastic","n",-0.5,NA
"844","1","us","adults","does that mean...?","cb1","R_7O6bEwbHkOj3vP7","2014-04-11 09:38:00",6,NA,NA,NA,NA,NA,NA,NA,NA,NA,NA,8,"test",8,"aut","noise","is making sounds on its own","aut","movement","can move itself from one side of the box to the other","y",0.5,NA
"845","1","us","adults","does that mean...?","cb1","R_7O6bEwbHkOj3vP7","2014-04-11 09:38:00",6,NA,NA,NA,NA,NA,NA,NA,NA,NA,NA,8,"test",9,"phy","metal_plastic","is made out of metal","aff","positive","can be in a good mood sometimes","n",-1.5,NA
"846","1","us","adults","does that mean...?","cb1","R_7O6bEwbHkOj3vP7","2014-04-11 09:38:00",6,NA,NA,NA,NA,NA,NA,NA,NA,NA,NA,8,"test",10,"per","vision","can see what the box looks like","phy","glass_clay","is made out of clay","n",-0.5,NA
"847","1","us","adults","does that mean...?","cb1","R_7O6bEwbHkOj3vP7","2014-04-11 09:38:00",6,NA,NA,NA,NA,NA,NA,NA,NA,NA,NA,8,"test",11,"aff","negative","is in a bad mood right now","per","hearing","can hear me","y",0.5,NA
"848","1","us","adults","does that mean...?","cb1","R_9yRNbRlBhEzdvpz","2014-04-11 07:34:00",2,NA,NA,NA,NA,NA,NA,NA,NA,NA,NA,8,"practice",1,NA,NA,"is purple",NA,NA,"is green","n",-1.5,NA
"849","1","us","adults","does that mean...?","cb1","R_9yRNbRlBhEzdvpz","2014-04-11 07:34:00",2,NA,NA,NA,NA,NA,NA,NA,NA,NA,NA,8,"practice",2,NA,NA,"is walking around",NA,NA,"has legs","y",1.5,NA
"850","1","us","adults","does that mean...?","cb1","R_9yRNbRlBhEzdvpz","2014-04-11 07:34:00",2,NA,NA,NA,NA,NA,NA,NA,NA,NA,NA,8,"practice",3,NA,NA,"is made out of paper",NA,NA,"might rip sometime","y",1.5,NA
"851","1","us","adults","does that mean...?","cb1","R_9yRNbRlBhEzdvpz","2014-04-11 07:34:00",2,NA,NA,NA,NA,NA,NA,NA,NA,NA,NA,8,"test",4,"aut","movement","is moving itself around the box","aff","negative","can feel sad sometimes","y",0.5,NA
"852","1","us","adults","does that mean...?","cb1","R_9yRNbRlBhEzdvpz","2014-04-11 07:34:00",2,NA,NA,NA,NA,NA,NA,NA,NA,NA,NA,8,"test",5,"phy","glass_clay","is made out of glass","aut","noise","can make noises all by itself","n",-1.5,NA
"853","1","us","adults","does that mean...?","cb1","R_9yRNbRlBhEzdvpz","2014-04-11 07:34:00",2,NA,NA,NA,NA,NA,NA,NA,NA,NA,NA,8,"test",6,"per","hearing","can hear what's going on around it","per","vision","can see me","y",1.5,NA
"854","1","us","adults","does that mean...?","cb1","R_9yRNbRlBhEzdvpz","2014-04-11 07:34:00",2,NA,NA,NA,NA,NA,NA,NA,NA,NA,NA,8,"test",7,"aff","positive","feels happy right now","phy","metal_plastic","is made out of plastic","n",-1.5,NA
"855","1","us","adults","does that mean...?","cb1","R_9yRNbRlBhEzdvpz","2014-04-11 07:34:00",2,NA,NA,NA,NA,NA,NA,NA,NA,NA,NA,8,"test",8,"aut","noise","is making sounds on its own","aut","movement","can move itself from one side of the box to the other","y",1.5,NA
"856","1","us","adults","does that mean...?","cb1","R_9yRNbRlBhEzdvpz","2014-04-11 07:34:00",2,NA,NA,NA,NA,NA,NA,NA,NA,NA,NA,8,"test",9,"phy","metal_plastic","is made out of metal","aff","positive","can be in a good mood sometimes","n",-1.5,NA
"857","1","us","adults","does that mean...?","cb1","R_9yRNbRlBhEzdvpz","2014-04-11 07:34:00",2,NA,NA,NA,NA,NA,NA,NA,NA,NA,NA,8,"test",10,"per","vision","can see what the box looks like","phy","glass_clay","is made out of clay","n",-1.5,NA
"858","1","us","adults","does that mean...?","cb1","R_9yRNbRlBhEzdvpz","2014-04-11 07:34:00",2,NA,NA,NA,NA,NA,NA,NA,NA,NA,NA,8,"test",11,"aff","negative","is in a bad mood right now","per","hearing","can hear me","y",1.5,NA
"859","1","us","adults","does that mean...?","cb1","R_bEj3P7uCbB3zh77","2014-04-11 09:07:00",4,NA,NA,NA,NA,NA,NA,NA,NA,"This was really cute. :)",NA,8,"practice",1,NA,NA,"is purple",NA,NA,"is green","n",-1.5,NA
"860","1","us","adults","does that mean...?","cb1","R_bEj3P7uCbB3zh77","2014-04-11 09:07:00",4,NA,NA,NA,NA,NA,NA,NA,NA,"This was really cute. :)",NA,8,"practice",2,NA,NA,"is walking around",NA,NA,"has legs","y",1.5,NA
"861","1","us","adults","does that mean...?","cb1","R_bEj3P7uCbB3zh77","2014-04-11 09:07:00",4,NA,NA,NA,NA,NA,NA,NA,NA,"This was really cute. :)",NA,8,"practice",3,NA,NA,"is made out of paper",NA,NA,"might rip sometime","y",0.5,NA
"862","1","us","adults","does that mean...?","cb1","R_bEj3P7uCbB3zh77","2014-04-11 09:07:00",4,NA,NA,NA,NA,NA,NA,NA,NA,"This was really cute. :)",NA,8,"test",4,"aut","movement","is moving itself around the box","aff","negative","can feel sad sometimes","y",0.5,NA
"863","1","us","adults","does that mean...?","cb1","R_bEj3P7uCbB3zh77","2014-04-11 09:07:00",4,NA,NA,NA,NA,NA,NA,NA,NA,"This was really cute. :)",NA,8,"test",5,"phy","glass_clay","is made out of glass","aut","noise","can make noises all by itself","n",-0.5,NA
"864","1","us","adults","does that mean...?","cb1","R_bEj3P7uCbB3zh77","2014-04-11 09:07:00",4,NA,NA,NA,NA,NA,NA,NA,NA,"This was really cute. :)",NA,8,"test",6,"per","hearing","can hear what's going on around it","per","vision","can see me","y",0.5,NA
"865","1","us","adults","does that mean...?","cb1","R_bEj3P7uCbB3zh77","2014-04-11 09:07:00",4,NA,NA,NA,NA,NA,NA,NA,NA,"This was really cute. :)",NA,8,"test",7,"aff","positive","feels happy right now","phy","metal_plastic","is made out of plastic","n",-1.5,NA
"866","1","us","adults","does that mean...?","cb1","R_bEj3P7uCbB3zh77","2014-04-11 09:07:00",4,NA,NA,NA,NA,NA,NA,NA,NA,"This was really cute. :)",NA,8,"test",8,"aut","noise","is making sounds on its own","aut","movement","can move itself from one side of the box to the other","y",0.5,NA
"867","1","us","adults","does that mean...?","cb1","R_bEj3P7uCbB3zh77","2014-04-11 09:07:00",4,NA,NA,NA,NA,NA,NA,NA,NA,"This was really cute. :)",NA,8,"test",9,"phy","metal_plastic","is made out of metal","aff","positive","can be in a good mood sometimes","n",-0.5,NA
"868","1","us","adults","does that mean...?","cb1","R_bEj3P7uCbB3zh77","2014-04-11 09:07:00",4,NA,NA,NA,NA,NA,NA,NA,NA,"This was really cute. :)",NA,8,"test",10,"per","vision","can see what the box looks like","phy","glass_clay","is made out of clay","n",-1.5,NA
"869","1","us","adults","does that mean...?","cb1","R_bEj3P7uCbB3zh77","2014-04-11 09:07:00",4,NA,NA,NA,NA,NA,NA,NA,NA,"This was really cute. :)",NA,8,"test",11,"aff","negative","is in a bad mood right now","per","hearing","can hear me","y",0.5,NA
"870","1","us","adults","does that mean...?","cb1","R_d6lMpi0UgZ2s9mt","2014-04-11 08:43:00",21,NA,NA,NA,NA,NA,NA,NA,NA,"Thanks!",NA,8,"practice",1,NA,NA,"is purple",NA,NA,"is green","y",0.5,NA
"871","1","us","adults","does that mean...?","cb1","R_d6lMpi0UgZ2s9mt","2014-04-11 08:43:00",21,NA,NA,NA,NA,NA,NA,NA,NA,"Thanks!",NA,8,"practice",2,NA,NA,"is walking around",NA,NA,"has legs","y",0.5,NA
"872","1","us","adults","does that mean...?","cb1","R_d6lMpi0UgZ2s9mt","2014-04-11 08:43:00",21,NA,NA,NA,NA,NA,NA,NA,NA,"Thanks!",NA,8,"practice",3,NA,NA,"is made out of paper",NA,NA,"might rip sometime","y",0.5,NA
"873","1","us","adults","does that mean...?","cb1","R_d6lMpi0UgZ2s9mt","2014-04-11 08:43:00",21,NA,NA,NA,NA,NA,NA,NA,NA,"Thanks!",NA,8,"test",4,"aut","movement","is moving itself around the box","aff","negative","can feel sad sometimes","n",-0.5,NA
"874","1","us","adults","does that mean...?","cb1","R_d6lMpi0UgZ2s9mt","2014-04-11 08:43:00",21,NA,NA,NA,NA,NA,NA,NA,NA,"Thanks!",NA,8,"test",5,"phy","glass_clay","is made out of glass","aut","noise","can make noises all by itself","y",0.5,NA
"875","1","us","adults","does that mean...?","cb1","R_d6lMpi0UgZ2s9mt","2014-04-11 08:43:00",21,NA,NA,NA,NA,NA,NA,NA,NA,"Thanks!",NA,8,"test",6,"per","hearing","can hear what's going on around it","per","vision","can see me","y",0.5,NA
"876","1","us","adults","does that mean...?","cb1","R_d6lMpi0UgZ2s9mt","2014-04-11 08:43:00",21,NA,NA,NA,NA,NA,NA,NA,NA,"Thanks!",NA,8,"test",7,"aff","positive","feels happy right now","phy","metal_plastic","is made out of plastic","y",0.5,NA
"877","1","us","adults","does that mean...?","cb1","R_d6lMpi0UgZ2s9mt","2014-04-11 08:43:00",21,NA,NA,NA,NA,NA,NA,NA,NA,"Thanks!",NA,8,"test",8,"aut","noise","is making sounds on its own","aut","movement","can move itself from one side of the box to the other","y",0.5,NA
"878","1","us","adults","does that mean...?","cb1","R_d6lMpi0UgZ2s9mt","2014-04-11 08:43:00",21,NA,NA,NA,NA,NA,NA,NA,NA,"Thanks!",NA,8,"test",9,"phy","metal_plastic","is made out of metal","aff","positive","can be in a good mood sometimes","n",-0.5,NA
"879","1","us","adults","does that mean...?","cb1","R_d6lMpi0UgZ2s9mt","2014-04-11 08:43:00",21,NA,NA,NA,NA,NA,NA,NA,NA,"Thanks!",NA,8,"test",10,"per","vision","can see what the box looks like","phy","glass_clay","is made out of clay","y",0.5,NA
"880","1","us","adults","does that mean...?","cb1","R_d6lMpi0UgZ2s9mt","2014-04-11 08:43:00",21,NA,NA,NA,NA,NA,NA,NA,NA,"Thanks!",NA,8,"test",11,"aff","negative","is in a bad mood right now","per","hearing","can hear me","y",0.5,NA
"881","1prime","us","adults","does that mean...?","cb2","R_0kQY7rxo4aOHkqh",NA,NA,NA,NA,NA,NA,NA,NA,NA,NA,"1",NA,1,"practice",1,NA,NA,"is purple",NA,NA,"is green","n",-1.5,NA
"882","1prime","us","adults","does that mean...?","cb2","R_0kQY7rxo4aOHkqh",NA,NA,NA,NA,NA,NA,NA,NA,NA,NA,"1",NA,1,"practice",2,NA,NA,"is walking around",NA,NA,"has legs","y",1.5,NA
"883","1prime","us","adults","does that mean...?","cb2","R_0kQY7rxo4aOHkqh",NA,NA,NA,NA,NA,NA,NA,NA,NA,NA,"1",NA,1,"practice",3,NA,NA,"is made out of paper",NA,NA,"might rip sometime","y",1.5,NA
"884","1prime","us","adults","does that mean...?","cb2","R_0kQY7rxo4aOHkqh",NA,NA,NA,NA,NA,NA,NA,NA,NA,NA,"1",NA,1,"test",4,"phy","metal_plastic","is made out of plastic","per","hearing","can hear what's going on around it","n",-1.5,NA
"885","1prime","us","adults","does that mean...?","cb2","R_0kQY7rxo4aOHkqh",NA,NA,NA,NA,NA,NA,NA,NA,NA,NA,"1",NA,1,"test",5,"aff","arousal","is feeling excited","aut","noise","can make noises all by itself","y",0.5,NA
"886","1prime","us","adults","does that mean...?","cb2","R_0kQY7rxo4aOHkqh",NA,NA,NA,NA,NA,NA,NA,NA,NA,NA,"1",NA,1,"test",6,"per","vision","can see me","aff","arousal","can feel calm ","y",1.5,NA
"887","1prime","us","adults","does that mean...?","cb2","R_0kQY7rxo4aOHkqh",NA,NA,NA,NA,NA,NA,NA,NA,NA,NA,"1",NA,1,"test",7,"aut","movement","is moving itself from one side of the box to the other","phy","glass_clay","is made out of clay","n",-1.5,NA
"888","1prime","us","adults","does that mean...?","cb2","R_0kQY7rxo4aOHkqh",NA,NA,NA,NA,NA,NA,NA,NA,NA,NA,"1",NA,1,"test",8,"aff","valence","feels sad ","aff","valence","can feel happy ","y",1.5,NA
"889","1prime","us","adults","does that mean...?","cb2","R_0kQY7rxo4aOHkqh",NA,NA,NA,NA,NA,NA,NA,NA,NA,NA,"1",NA,1,"test",9,"aut","noise","is making sounds on its own","per","vision","can see what the box looks like","y",0.5,NA
"890","1prime","us","adults","does that mean...?","cb2","R_0kQY7rxo4aOHkqh",NA,NA,NA,NA,NA,NA,NA,NA,NA,NA,"1",NA,1,"test",10,"phy","glass_clay","is made out of glass","phy","metal_plastic","is made out of metal","n",-1.5,NA
"891","1prime","us","adults","does that mean...?","cb2","R_0kQY7rxo4aOHkqh",NA,NA,NA,NA,NA,NA,NA,NA,NA,NA,"1",NA,1,"test",11,"per","hearing","can hear me","aut","movement","can move itself around the box","y",0.5,NA
"892","1prime","us","adults","does that mean...?","cb2","R_1TBoZzFxCTn8St7",NA,NA,NA,NA,NA,NA,NA,NA,NA,NA,"1",NA,1,"practice",1,NA,NA,"is purple",NA,NA,"is green","n",-1.5,NA
"893","1prime","us","adults","does that mean...?","cb2","R_1TBoZzFxCTn8St7",NA,NA,NA,NA,NA,NA,NA,NA,NA,NA,"1",NA,1,"practice",2,NA,NA,"is walking around",NA,NA,"has legs","y",1.5,NA
"894","1prime","us","adults","does that mean...?","cb2","R_1TBoZzFxCTn8St7",NA,NA,NA,NA,NA,NA,NA,NA,NA,NA,"1",NA,1,"practice",3,NA,NA,"is made out of paper",NA,NA,"might rip sometime","y",1.5,NA
"895","1prime","us","adults","does that mean...?","cb2","R_1TBoZzFxCTn8St7",NA,NA,NA,NA,NA,NA,NA,NA,NA,NA,"1",NA,1,"test",4,"phy","metal_plastic","is made out of plastic","per","hearing","can hear what's going on around it","n",-1.5,NA
"896","1prime","us","adults","does that mean...?","cb2","R_1TBoZzFxCTn8St7",NA,NA,NA,NA,NA,NA,NA,NA,NA,NA,"1",NA,1,"test",5,"aff","arousal","is feeling excited","aut","noise","can make noises all by itself","y",0.5,NA
"897","1prime","us","adults","does that mean...?","cb2","R_1TBoZzFxCTn8St7",NA,NA,NA,NA,NA,NA,NA,NA,NA,NA,"1",NA,1,"test",6,"per","vision","can see me","aff","arousal","can feel calm ","n",-0.5,NA
"898","1prime","us","adults","does that mean...?","cb2","R_1TBoZzFxCTn8St7",NA,NA,NA,NA,NA,NA,NA,NA,NA,NA,"1",NA,1,"test",7,"aut","movement","is moving itself from one side of the box to the other","phy","glass_clay","is made out of clay","n",-1.5,NA
"899","1prime","us","adults","does that mean...?","cb2","R_1TBoZzFxCTn8St7",NA,NA,NA,NA,NA,NA,NA,NA,NA,NA,"1",NA,1,"test",8,"aff","valence","feels sad ","aff","valence","can feel happy ","y",1.5,NA
"900","1prime","us","adults","does that mean...?","cb2","R_1TBoZzFxCTn8St7",NA,NA,NA,NA,NA,NA,NA,NA,NA,NA,"1",NA,1,"test",9,"aut","noise","is making sounds on its own","per","vision","can see what the box looks like","n",-1.5,NA
"901","1prime","us","adults","does that mean...?","cb2","R_1TBoZzFxCTn8St7",NA,NA,NA,NA,NA,NA,NA,NA,NA,NA,"1",NA,1,"test",10,"phy","glass_clay","is made out of glass","phy","metal_plastic","is made out of metal","n",-1.5,NA
"902","1prime","us","adults","does that mean...?","cb2","R_1TBoZzFxCTn8St7",NA,NA,NA,NA,NA,NA,NA,NA,NA,NA,"1",NA,1,"test",11,"per","hearing","can hear me","aut","movement","can move itself around the box","y",0.5,NA
"903","1prime","us","adults","does that mean...?","cb2","R_2b1M6oLq2HrIWfX",NA,NA,NA,NA,NA,NA,NA,NA,NA,NA,"1",NA,1,"practice",1,NA,NA,"is purple",NA,NA,"is green","n",-1.5,NA
"904","1prime","us","adults","does that mean...?","cb2","R_2b1M6oLq2HrIWfX",NA,NA,NA,NA,NA,NA,NA,NA,NA,NA,"1",NA,1,"practice",2,NA,NA,"is walking around",NA,NA,"has legs","y",0.5,NA
"905","1prime","us","adults","does that mean...?","cb2","R_2b1M6oLq2HrIWfX",NA,NA,NA,NA,NA,NA,NA,NA,NA,NA,"1",NA,1,"practice",3,NA,NA,"is made out of paper",NA,NA,"might rip sometime","y",1.5,NA
"906","1prime","us","adults","does that mean...?","cb2","R_2b1M6oLq2HrIWfX",NA,NA,NA,NA,NA,NA,NA,NA,NA,NA,"1",NA,1,"test",4,"phy","metal_plastic","is made out of plastic","per","hearing","can hear what's going on around it","n",-1.5,NA
"907","1prime","us","adults","does that mean...?","cb2","R_2b1M6oLq2HrIWfX",NA,NA,NA,NA,NA,NA,NA,NA,NA,NA,"1",NA,1,"test",5,"aff","arousal","is feeling excited","aut","noise","can make noises all by itself","n",-0.5,NA
"908","1prime","us","adults","does that mean...?","cb2","R_2b1M6oLq2HrIWfX",NA,NA,NA,NA,NA,NA,NA,NA,NA,NA,"1",NA,1,"test",6,"per","vision","can see me","aff","arousal","can feel calm ","y",0.5,NA
"909","1prime","us","adults","does that mean...?","cb2","R_2b1M6oLq2HrIWfX",NA,NA,NA,NA,NA,NA,NA,NA,NA,NA,"1",NA,1,"test",7,"aut","movement","is moving itself from one side of the box to the other","phy","glass_clay","is made out of clay","n",-1.5,NA
"910","1prime","us","adults","does that mean...?","cb2","R_2b1M6oLq2HrIWfX",NA,NA,NA,NA,NA,NA,NA,NA,NA,NA,"1",NA,1,"test",8,"aff","valence","feels sad ","aff","valence","can feel happy ","y",0.5,NA
"911","1prime","us","adults","does that mean...?","cb2","R_2b1M6oLq2HrIWfX",NA,NA,NA,NA,NA,NA,NA,NA,NA,NA,"1",NA,1,"test",9,"aut","noise","is making sounds on its own","per","vision","can see what the box looks like","y",0.5,NA
"912","1prime","us","adults","does that mean...?","cb2","R_2b1M6oLq2HrIWfX",NA,NA,NA,NA,NA,NA,NA,NA,NA,NA,"1",NA,1,"test",10,"phy","glass_clay","is made out of glass","phy","metal_plastic","is made out of metal","n",-1.5,NA
"913","1prime","us","adults","does that mean...?","cb2","R_2b1M6oLq2HrIWfX",NA,NA,NA,NA,NA,NA,NA,NA,NA,NA,"1",NA,1,"test",11,"per","hearing","can hear me","aut","movement","can move itself around the box","y",0.5,NA
"914","1prime","us","adults","does that mean...?","cb2","R_6xmbP1k3PqMQ3w9",NA,NA,NA,NA,NA,NA,NA,NA,NA,NA,"1",NA,1,"practice",1,NA,NA,"is purple",NA,NA,"is green","n",-1.5,NA
"915","1prime","us","adults","does that mean...?","cb2","R_6xmbP1k3PqMQ3w9",NA,NA,NA,NA,NA,NA,NA,NA,NA,NA,"1",NA,1,"practice",2,NA,NA,"is walking around",NA,NA,"has legs","y",1.5,NA
"916","1prime","us","adults","does that mean...?","cb2","R_6xmbP1k3PqMQ3w9",NA,NA,NA,NA,NA,NA,NA,NA,NA,NA,"1",NA,1,"practice",3,NA,NA,"is made out of paper",NA,NA,"might rip sometime","y",1.5,NA
"917","1prime","us","adults","does that mean...?","cb2","R_6xmbP1k3PqMQ3w9",NA,NA,NA,NA,NA,NA,NA,NA,NA,NA,"1",NA,1,"test",4,"phy","metal_plastic","is made out of plastic","per","hearing","can hear what's going on around it","n",-1.5,NA
"918","1prime","us","adults","does that mean...?","cb2","R_6xmbP1k3PqMQ3w9",NA,NA,NA,NA,NA,NA,NA,NA,NA,NA,"1",NA,1,"test",5,"aff","arousal","is feeling excited","aut","noise","can make noises all by itself","y",0.5,NA
"919","1prime","us","adults","does that mean...?","cb2","R_6xmbP1k3PqMQ3w9",NA,NA,NA,NA,NA,NA,NA,NA,NA,NA,"1",NA,1,"test",6,"per","vision","can see me","aff","arousal","can feel calm ","y",0.5,NA
"920","1prime","us","adults","does that mean...?","cb2","R_6xmbP1k3PqMQ3w9",NA,NA,NA,NA,NA,NA,NA,NA,NA,NA,"1",NA,1,"test",7,"aut","movement","is moving itself from one side of the box to the other","phy","glass_clay","is made out of clay","n",-1.5,NA
"921","1prime","us","adults","does that mean...?","cb2","R_6xmbP1k3PqMQ3w9",NA,NA,NA,NA,NA,NA,NA,NA,NA,NA,"1",NA,1,"test",8,"aff","valence","feels sad ","aff","valence","can feel happy ","y",1.5,NA
"922","1prime","us","adults","does that mean...?","cb2","R_6xmbP1k3PqMQ3w9",NA,NA,NA,NA,NA,NA,NA,NA,NA,NA,"1",NA,1,"test",9,"aut","noise","is making sounds on its own","per","vision","can see what the box looks like","n",-0.5,NA
"923","1prime","us","adults","does that mean...?","cb2","R_6xmbP1k3PqMQ3w9",NA,NA,NA,NA,NA,NA,NA,NA,NA,NA,"1",NA,1,"test",10,"phy","glass_clay","is made out of glass","phy","metal_plastic","is made out of metal","n",-1.5,NA
"924","1prime","us","adults","does that mean...?","cb2","R_6xmbP1k3PqMQ3w9",NA,NA,NA,NA,NA,NA,NA,NA,NA,NA,"1",NA,1,"test",11,"per","hearing","can hear me","aut","movement","can move itself around the box","y",0.5,NA
"925","1prime","us","adults","does that mean...?","cb2","R_b33opNbtbpXOPxH",NA,NA,NA,NA,NA,NA,NA,NA,NA,NA,"1",NA,1,"practice",1,NA,NA,"is purple",NA,NA,"is green","n",-1.5,NA
"926","1prime","us","adults","does that mean...?","cb2","R_b33opNbtbpXOPxH",NA,NA,NA,NA,NA,NA,NA,NA,NA,NA,"1",NA,1,"practice",2,NA,NA,"is walking around",NA,NA,"has legs","y",1.5,NA
"927","1prime","us","adults","does that mean...?","cb2","R_b33opNbtbpXOPxH",NA,NA,NA,NA,NA,NA,NA,NA,NA,NA,"1",NA,1,"practice",3,NA,NA,"is made out of paper",NA,NA,"might rip sometime","y",0.5,NA
"928","1prime","us","adults","does that mean...?","cb2","R_b33opNbtbpXOPxH",NA,NA,NA,NA,NA,NA,NA,NA,NA,NA,"1",NA,1,"test",4,"phy","metal_plastic","is made out of plastic","per","hearing","can hear what's going on around it","n",-0.5,NA
"929","1prime","us","adults","does that mean...?","cb2","R_b33opNbtbpXOPxH",NA,NA,NA,NA,NA,NA,NA,NA,NA,NA,"1",NA,1,"test",5,"aff","arousal","is feeling excited","aut","noise","can make noises all by itself","n",-0.5,NA
"930","1prime","us","adults","does that mean...?","cb2","R_b33opNbtbpXOPxH",NA,NA,NA,NA,NA,NA,NA,NA,NA,NA,"1",NA,1,"test",6,"per","vision","can see me","aff","arousal","can feel calm ","y",0.5,NA
"931","1prime","us","adults","does that mean...?","cb2","R_b33opNbtbpXOPxH",NA,NA,NA,NA,NA,NA,NA,NA,NA,NA,"1",NA,1,"test",7,"aut","movement","is moving itself from one side of the box to the other","phy","glass_clay","is made out of clay","n",-1.5,NA
"932","1prime","us","adults","does that mean...?","cb2","R_b33opNbtbpXOPxH",NA,NA,NA,NA,NA,NA,NA,NA,NA,NA,"1",NA,1,"test",8,"aff","valence","feels sad ","aff","valence","can feel happy ","y",1.5,NA
"933","1prime","us","adults","does that mean...?","cb2","R_b33opNbtbpXOPxH",NA,NA,NA,NA,NA,NA,NA,NA,NA,NA,"1",NA,1,"test",9,"aut","noise","is making sounds on its own","per","vision","can see what the box looks like","y",0.5,NA
"934","1prime","us","adults","does that mean...?","cb2","R_b33opNbtbpXOPxH",NA,NA,NA,NA,NA,NA,NA,NA,NA,NA,"1",NA,1,"test",10,"phy","glass_clay","is made out of glass","phy","metal_plastic","is made out of metal","n",-1.5,NA
"935","1prime","us","adults","does that mean...?","cb2","R_b33opNbtbpXOPxH",NA,NA,NA,NA,NA,NA,NA,NA,NA,NA,"1",NA,1,"test",11,"per","hearing","can hear me","aut","movement","can move itself around the box","y",0.5,NA
"936","1prime","us","adults","does that mean...?","cb2","R_eFLvi17JcxE2mgJ",NA,NA,NA,NA,NA,NA,NA,NA,NA,NA,"1",NA,1,"practice",1,NA,NA,"is purple",NA,NA,"is green","n",-1.5,NA
"937","1prime","us","adults","does that mean...?","cb2","R_eFLvi17JcxE2mgJ",NA,NA,NA,NA,NA,NA,NA,NA,NA,NA,"1",NA,1,"practice",2,NA,NA,"is walking around",NA,NA,"has legs","y",1.5,NA
"938","1prime","us","adults","does that mean...?","cb2","R_eFLvi17JcxE2mgJ",NA,NA,NA,NA,NA,NA,NA,NA,NA,NA,"1",NA,1,"practice",3,NA,NA,"is made out of paper",NA,NA,"might rip sometime","y",1.5,NA
"939","1prime","us","adults","does that mean...?","cb2","R_eFLvi17JcxE2mgJ",NA,NA,NA,NA,NA,NA,NA,NA,NA,NA,"1",NA,1,"test",4,"phy","metal_plastic","is made out of plastic","per","hearing","can hear what's going on around it","n",-1.5,NA
"940","1prime","us","adults","does that mean...?","cb2","R_eFLvi17JcxE2mgJ",NA,NA,NA,NA,NA,NA,NA,NA,NA,NA,"1",NA,1,"test",5,"aff","arousal","is feeling excited","aut","noise","can make noises all by itself","y",0.5,NA
"941","1prime","us","adults","does that mean...?","cb2","R_eFLvi17JcxE2mgJ",NA,NA,NA,NA,NA,NA,NA,NA,NA,NA,"1",NA,1,"test",6,"per","vision","can see me","aff","arousal","can feel calm ","y",0.5,NA
"942","1prime","us","adults","does that mean...?","cb2","R_eFLvi17JcxE2mgJ",NA,NA,NA,NA,NA,NA,NA,NA,NA,NA,"1",NA,1,"test",7,"aut","movement","is moving itself from one side of the box to the other","phy","glass_clay","is made out of clay","n",-1.5,NA
"943","1prime","us","adults","does that mean...?","cb2","R_eFLvi17JcxE2mgJ",NA,NA,NA,NA,NA,NA,NA,NA,NA,NA,"1",NA,1,"test",8,"aff","valence","feels sad ","aff","valence","can feel happy ","y",0.5,NA
"944","1prime","us","adults","does that mean...?","cb2","R_eFLvi17JcxE2mgJ",NA,NA,NA,NA,NA,NA,NA,NA,NA,NA,"1",NA,1,"test",9,"aut","noise","is making sounds on its own","per","vision","can see what the box looks like","n",-0.5,NA
"945","1prime","us","adults","does that mean...?","cb2","R_eFLvi17JcxE2mgJ",NA,NA,NA,NA,NA,NA,NA,NA,NA,NA,"1",NA,1,"test",10,"phy","glass_clay","is made out of glass","phy","metal_plastic","is made out of metal","n",-1.5,NA
"946","1prime","us","adults","does that mean...?","cb2","R_eFLvi17JcxE2mgJ",NA,NA,NA,NA,NA,NA,NA,NA,NA,NA,"1",NA,1,"test",11,"per","hearing","can hear me","aut","movement","can move itself around the box","n",-0.5,NA
"947","1prime","us","adults","does that mean...?","cb2","R_ehRzEQEJZlJca69",NA,NA,NA,NA,NA,NA,NA,NA,NA,NA,"1",NA,1,"practice",1,NA,NA,"is purple",NA,NA,"is green","n",-1.5,NA
"948","1prime","us","adults","does that mean...?","cb2","R_ehRzEQEJZlJca69",NA,NA,NA,NA,NA,NA,NA,NA,NA,NA,"1",NA,1,"practice",2,NA,NA,"is walking around",NA,NA,"has legs","y",1.5,NA
"949","1prime","us","adults","does that mean...?","cb2","R_ehRzEQEJZlJca69",NA,NA,NA,NA,NA,NA,NA,NA,NA,NA,"1",NA,1,"practice",3,NA,NA,"is made out of paper",NA,NA,"might rip sometime","y",1.5,NA
"950","1prime","us","adults","does that mean...?","cb2","R_ehRzEQEJZlJca69",NA,NA,NA,NA,NA,NA,NA,NA,NA,NA,"1",NA,1,"test",4,"phy","metal_plastic","is made out of plastic","per","hearing","can hear what's going on around it","n",-1.5,NA
"951","1prime","us","adults","does that mean...?","cb2","R_ehRzEQEJZlJca69",NA,NA,NA,NA,NA,NA,NA,NA,NA,NA,"1",NA,1,"test",5,"aff","arousal","is feeling excited","aut","noise","can make noises all by itself","y",0.5,NA
"952","1prime","us","adults","does that mean...?","cb2","R_ehRzEQEJZlJca69",NA,NA,NA,NA,NA,NA,NA,NA,NA,NA,"1",NA,1,"test",6,"per","vision","can see me","aff","arousal","can feel calm ","y",0.5,NA
"953","1prime","us","adults","does that mean...?","cb2","R_ehRzEQEJZlJca69",NA,NA,NA,NA,NA,NA,NA,NA,NA,NA,"1",NA,1,"test",7,"aut","movement","is moving itself from one side of the box to the other","phy","glass_clay","is made out of clay","y",0.5,NA
"954","1prime","us","adults","does that mean...?","cb2","R_ehRzEQEJZlJca69",NA,NA,NA,NA,NA,NA,NA,NA,NA,NA,"1",NA,1,"test",8,"aff","valence","feels sad ","aff","valence","can feel happy ","y",0.5,NA
"955","1prime","us","adults","does that mean...?","cb2","R_ehRzEQEJZlJca69",NA,NA,NA,NA,NA,NA,NA,NA,NA,NA,"1",NA,1,"test",9,"aut","noise","is making sounds on its own","per","vision","can see what the box looks like","y",0.5,NA
"956","1prime","us","adults","does that mean...?","cb2","R_ehRzEQEJZlJca69",NA,NA,NA,NA,NA,NA,NA,NA,NA,NA,"1",NA,1,"test",10,"phy","glass_clay","is made out of glass","phy","metal_plastic","is made out of metal","n",-1.5,NA
"957","1prime","us","adults","does that mean...?","cb2","R_ehRzEQEJZlJca69",NA,NA,NA,NA,NA,NA,NA,NA,NA,NA,"1",NA,1,"test",11,"per","hearing","can hear me","aut","movement","can move itself around the box","y",0.5,NA
"958","1prime","us","adults","does that mean...?","cb2","R_ewDUXA2HhdtA41n",NA,NA,NA,NA,NA,NA,NA,NA,NA,NA,"1",NA,1,"practice",1,NA,NA,"is purple",NA,NA,"is green","n",-1.5,NA
"959","1prime","us","adults","does that mean...?","cb2","R_ewDUXA2HhdtA41n",NA,NA,NA,NA,NA,NA,NA,NA,NA,NA,"1",NA,1,"practice",2,NA,NA,"is walking around",NA,NA,"has legs","y",1.5,NA
"960","1prime","us","adults","does that mean...?","cb2","R_ewDUXA2HhdtA41n",NA,NA,NA,NA,NA,NA,NA,NA,NA,NA,"1",NA,1,"practice",3,NA,NA,"is made out of paper",NA,NA,"might rip sometime","y",0.5,NA
"961","1prime","us","adults","does that mean...?","cb2","R_ewDUXA2HhdtA41n",NA,NA,NA,NA,NA,NA,NA,NA,NA,NA,"1",NA,1,"test",4,"phy","metal_plastic","is made out of plastic","per","hearing","can hear what's going on around it","n",-0.5,NA
"962","1prime","us","adults","does that mean...?","cb2","R_ewDUXA2HhdtA41n",NA,NA,NA,NA,NA,NA,NA,NA,NA,NA,"1",NA,1,"test",5,"aff","arousal","is feeling excited","aut","noise","can make noises all by itself","y",0.5,NA
"963","1prime","us","adults","does that mean...?","cb2","R_ewDUXA2HhdtA41n",NA,NA,NA,NA,NA,NA,NA,NA,NA,NA,"1",NA,1,"test",6,"per","vision","can see me","aff","arousal","can feel calm ","y",0.5,NA
"964","1prime","us","adults","does that mean...?","cb2","R_ewDUXA2HhdtA41n",NA,NA,NA,NA,NA,NA,NA,NA,NA,NA,"1",NA,1,"test",7,"aut","movement","is moving itself from one side of the box to the other","phy","glass_clay","is made out of clay","n",-0.5,NA
"965","1prime","us","adults","does that mean...?","cb2","R_ewDUXA2HhdtA41n",NA,NA,NA,NA,NA,NA,NA,NA,NA,NA,"1",NA,1,"test",8,"aff","valence","feels sad ","aff","valence","can feel happy ","y",0.5,NA
"966","1prime","us","adults","does that mean...?","cb2","R_ewDUXA2HhdtA41n",NA,NA,NA,NA,NA,NA,NA,NA,NA,NA,"1",NA,1,"test",9,"aut","noise","is making sounds on its own","per","vision","can see what the box looks like","y",0.5,NA
"967","1prime","us","adults","does that mean...?","cb2","R_ewDUXA2HhdtA41n",NA,NA,NA,NA,NA,NA,NA,NA,NA,NA,"1",NA,1,"test",10,"phy","glass_clay","is made out of glass","phy","metal_plastic","is made out of metal","n",-1.5,NA
"968","1prime","us","adults","does that mean...?","cb2","R_ewDUXA2HhdtA41n",NA,NA,NA,NA,NA,NA,NA,NA,NA,NA,"1",NA,1,"test",11,"per","hearing","can hear me","aut","movement","can move itself around the box","y",0.5,NA
"969","1prime","us","adults","does that mean...?","cb2","R_eY6CI04SJA3DzZH",NA,NA,NA,NA,NA,NA,NA,NA,NA,NA,"1",NA,1,"practice",1,NA,NA,"is purple",NA,NA,"is green","n",-1.5,NA
"970","1prime","us","adults","does that mean...?","cb2","R_eY6CI04SJA3DzZH",NA,NA,NA,NA,NA,NA,NA,NA,NA,NA,"1",NA,1,"practice",2,NA,NA,"is walking around",NA,NA,"has legs","y",0.5,NA
"971","1prime","us","adults","does that mean...?","cb2","R_eY6CI04SJA3DzZH",NA,NA,NA,NA,NA,NA,NA,NA,NA,NA,"1",NA,1,"practice",3,NA,NA,"is made out of paper",NA,NA,"might rip sometime","y",1.5,NA
"972","1prime","us","adults","does that mean...?","cb2","R_eY6CI04SJA3DzZH",NA,NA,NA,NA,NA,NA,NA,NA,NA,NA,"1",NA,1,"test",4,"phy","metal_plastic","is made out of plastic","per","hearing","can hear what's going on around it","n",-1.5,NA
"973","1prime","us","adults","does that mean...?","cb2","R_eY6CI04SJA3DzZH",NA,NA,NA,NA,NA,NA,NA,NA,NA,NA,"1",NA,1,"test",5,"aff","arousal","is feeling excited","aut","noise","can make noises all by itself","y",0.5,NA
"974","1prime","us","adults","does that mean...?","cb2","R_eY6CI04SJA3DzZH",NA,NA,NA,NA,NA,NA,NA,NA,NA,NA,"1",NA,1,"test",6,"per","vision","can see me","aff","arousal","can feel calm ","y",0.5,NA
"975","1prime","us","adults","does that mean...?","cb2","R_eY6CI04SJA3DzZH",NA,NA,NA,NA,NA,NA,NA,NA,NA,NA,"1",NA,1,"test",7,"aut","movement","is moving itself from one side of the box to the other","phy","glass_clay","is made out of clay","n",-0.5,NA
"976","1prime","us","adults","does that mean...?","cb2","R_eY6CI04SJA3DzZH",NA,NA,NA,NA,NA,NA,NA,NA,NA,NA,"1",NA,1,"test",8,"aff","valence","feels sad ","aff","valence","can feel happy ","y",0.5,NA
"977","1prime","us","adults","does that mean...?","cb2","R_eY6CI04SJA3DzZH",NA,NA,NA,NA,NA,NA,NA,NA,NA,NA,"1",NA,1,"test",9,"aut","noise","is making sounds on its own","per","vision","can see what the box looks like","y",0.5,NA
"978","1prime","us","adults","does that mean...?","cb2","R_eY6CI04SJA3DzZH",NA,NA,NA,NA,NA,NA,NA,NA,NA,NA,"1",NA,1,"test",10,"phy","glass_clay","is made out of glass","phy","metal_plastic","is made out of metal","n",-1.5,NA
"979","1prime","us","adults","does that mean...?","cb2","R_eY6CI04SJA3DzZH",NA,NA,NA,NA,NA,NA,NA,NA,NA,NA,"1",NA,1,"test",11,"per","hearing","can hear me","aut","movement","can move itself around the box","y",0.5,NA
"980","1prime","us","adults","does that mean...?","cb2","R_1XFkTLjImdbeNdH",NA,NA,NA,NA,NA,NA,NA,NA,NA,NA,"1",NA,2,"practice",1,NA,NA,"is purple",NA,NA,"is green","n",-1.5,NA
"981","1prime","us","adults","does that mean...?","cb2","R_1XFkTLjImdbeNdH",NA,NA,NA,NA,NA,NA,NA,NA,NA,NA,"1",NA,2,"practice",2,NA,NA,"is walking around",NA,NA,"has legs","y",1.5,NA
"982","1prime","us","adults","does that mean...?","cb2","R_1XFkTLjImdbeNdH",NA,NA,NA,NA,NA,NA,NA,NA,NA,NA,"1",NA,2,"practice",3,NA,NA,"is made out of paper",NA,NA,"might rip sometime","y",1.5,NA
"983","1prime","us","adults","does that mean...?","cb2","R_1XFkTLjImdbeNdH",NA,NA,NA,NA,NA,NA,NA,NA,NA,NA,"1",NA,2,"test",4,"per","vision","can see what the box looks like","aut","noise","can make noises all by itself","n",-0.5,NA
"984","1prime","us","adults","does that mean...?","cb2","R_1XFkTLjImdbeNdH",NA,NA,NA,NA,NA,NA,NA,NA,NA,NA,"1",NA,2,"test",5,"phy","glass_clay","is made out of clay","phy","metal_plastic","is made out of plastic","n",-1.5,NA
"985","1prime","us","adults","does that mean...?","cb2","R_1XFkTLjImdbeNdH",NA,NA,NA,NA,NA,NA,NA,NA,NA,NA,"1",NA,2,"test",6,"aut","movement","is moving itself from one side of the box to the other","per","hearing","can hear me","n",-0.5,NA
"986","1prime","us","adults","does that mean...?","cb2","R_1XFkTLjImdbeNdH",NA,NA,NA,NA,NA,NA,NA,NA,NA,NA,"1",NA,2,"test",7,"aff","arousal","is feeling calm ","aff","arousal","can feel excited ","y",1.5,NA
"987","1prime","us","adults","does that mean...?","cb2","R_1XFkTLjImdbeNdH",NA,NA,NA,NA,NA,NA,NA,NA,NA,NA,"1",NA,2,"test",8,"aut","noise","is making sounds on its own","phy","glass_clay","is made out of glass","n",-1.5,NA
"988","1prime","us","adults","does that mean...?","cb2","R_1XFkTLjImdbeNdH",NA,NA,NA,NA,NA,NA,NA,NA,NA,NA,"1",NA,2,"test",9,"per","hearing","can hear what's going on around it","aff","valence","can feel sad ","y",0.5,NA
"989","1prime","us","adults","does that mean...?","cb2","R_1XFkTLjImdbeNdH",NA,NA,NA,NA,NA,NA,NA,NA,NA,NA,"1",NA,2,"test",10,"aff","valence","feels happy ","aut","movement","can move itself around the box","y",0.5,NA
"990","1prime","us","adults","does that mean...?","cb2","R_1XFkTLjImdbeNdH",NA,NA,NA,NA,NA,NA,NA,NA,NA,NA,"1",NA,2,"test",11,"phy","metal_plastic","is made out of metal","per","vision","can see me","n",-1.5,NA
"991","1prime","us","adults","does that mean...?","cb2","R_3DeNBnxaSZOHdXf",NA,NA,NA,NA,NA,NA,NA,NA,NA,NA,"1",NA,2,"practice",1,NA,NA,"is purple",NA,NA,"is green","n",-1.5,NA
"992","1prime","us","adults","does that mean...?","cb2","R_3DeNBnxaSZOHdXf",NA,NA,NA,NA,NA,NA,NA,NA,NA,NA,"1",NA,2,"practice",2,NA,NA,"is walking around",NA,NA,"has legs","y",1.5,NA
"993","1prime","us","adults","does that mean...?","cb2","R_3DeNBnxaSZOHdXf",NA,NA,NA,NA,NA,NA,NA,NA,NA,NA,"1",NA,2,"practice",3,NA,NA,"is made out of paper",NA,NA,"might rip sometime","y",0.5,NA
"994","1prime","us","adults","does that mean...?","cb2","R_3DeNBnxaSZOHdXf",NA,NA,NA,NA,NA,NA,NA,NA,NA,NA,"1",NA,2,"test",4,"per","vision","can see what the box looks like","aut","noise","can make noises all by itself","y",0.5,NA
"995","1prime","us","adults","does that mean...?","cb2","R_3DeNBnxaSZOHdXf",NA,NA,NA,NA,NA,NA,NA,NA,NA,NA,"1",NA,2,"test",5,"phy","glass_clay","is made out of clay","phy","metal_plastic","is made out of plastic","n",-1.5,NA
"996","1prime","us","adults","does that mean...?","cb2","R_3DeNBnxaSZOHdXf",NA,NA,NA,NA,NA,NA,NA,NA,NA,NA,"1",NA,2,"test",6,"aut","movement","is moving itself from one side of the box to the other","per","hearing","can hear me","y",0.5,NA
"997","1prime","us","adults","does that mean...?","cb2","R_3DeNBnxaSZOHdXf",NA,NA,NA,NA,NA,NA,NA,NA,NA,NA,"1",NA,2,"test",7,"aff","arousal","is feeling calm ","aff","arousal","can feel excited ","y",1.5,NA
"998","1prime","us","adults","does that mean...?","cb2","R_3DeNBnxaSZOHdXf",NA,NA,NA,NA,NA,NA,NA,NA,NA,NA,"1",NA,2,"test",8,"aut","noise","is making sounds on its own","phy","glass_clay","is made out of glass","n",-0.5,NA
"999","1prime","us","adults","does that mean...?","cb2","R_3DeNBnxaSZOHdXf",NA,NA,NA,NA,NA,NA,NA,NA,NA,NA,"1",NA,2,"test",9,"per","hearing","can hear what's going on around it","aff","valence","can feel sad ","y",0.5,NA
"1000","1prime","us","adults","does that mean...?","cb2","R_3DeNBnxaSZOHdXf",NA,NA,NA,NA,NA,NA,NA,NA,NA,NA,"1",NA,2,"test",10,"aff","valence","feels happy ","aut","movement","can move itself around the box","y",0.5,NA
"1001","1prime","us","adults","does that mean...?","cb2","R_3DeNBnxaSZOHdXf",NA,NA,NA,NA,NA,NA,NA,NA,NA,NA,"1",NA,2,"test",11,"phy","metal_plastic","is made out of metal","per","vision","can see me","n",-1.5,NA
"1002","1prime","us","adults","does that mean...?","cb2","R_3QWWVqODmFucO4l",NA,NA,NA,NA,NA,NA,NA,NA,NA,NA,"1",NA,2,"practice",1,NA,NA,"is purple",NA,NA,"is green","n",-1.5,NA
"1003","1prime","us","adults","does that mean...?","cb2","R_3QWWVqODmFucO4l",NA,NA,NA,NA,NA,NA,NA,NA,NA,NA,"1",NA,2,"practice",2,NA,NA,"is walking around",NA,NA,"has legs","y",1.5,NA
"1004","1prime","us","adults","does that mean...?","cb2","R_3QWWVqODmFucO4l",NA,NA,NA,NA,NA,NA,NA,NA,NA,NA,"1",NA,2,"practice",3,NA,NA,"is made out of paper",NA,NA,"might rip sometime","y",0.5,NA
"1005","1prime","us","adults","does that mean...?","cb2","R_3QWWVqODmFucO4l",NA,NA,NA,NA,NA,NA,NA,NA,NA,NA,"1",NA,2,"test",4,"per","vision","can see what the box looks like","aut","noise","can make noises all by itself","y",0.5,NA
"1006","1prime","us","adults","does that mean...?","cb2","R_3QWWVqODmFucO4l",NA,NA,NA,NA,NA,NA,NA,NA,NA,NA,"1",NA,2,"test",5,"phy","glass_clay","is made out of clay","phy","metal_plastic","is made out of plastic","n",-1.5,NA
"1007","1prime","us","adults","does that mean...?","cb2","R_3QWWVqODmFucO4l",NA,NA,NA,NA,NA,NA,NA,NA,NA,NA,"1",NA,2,"test",6,"aut","movement","is moving itself from one side of the box to the other","per","hearing","can hear me","y",0.5,NA
"1008","1prime","us","adults","does that mean...?","cb2","R_3QWWVqODmFucO4l",NA,NA,NA,NA,NA,NA,NA,NA,NA,NA,"1",NA,2,"test",7,"aff","arousal","is feeling calm ","aff","arousal","can feel excited ","y",0.5,NA
"1009","1prime","us","adults","does that mean...?","cb2","R_3QWWVqODmFucO4l",NA,NA,NA,NA,NA,NA,NA,NA,NA,NA,"1",NA,2,"test",8,"aut","noise","is making sounds on its own","phy","glass_clay","is made out of glass","n",-1.5,NA
"1010","1prime","us","adults","does that mean...?","cb2","R_3QWWVqODmFucO4l",NA,NA,NA,NA,NA,NA,NA,NA,NA,NA,"1",NA,2,"test",9,"per","hearing","can hear what's going on around it","aff","valence","can feel sad ","y",0.5,NA
"1011","1prime","us","adults","does that mean...?","cb2","R_3QWWVqODmFucO4l",NA,NA,NA,NA,NA,NA,NA,NA,NA,NA,"1",NA,2,"test",10,"aff","valence","feels happy ","aut","movement","can move itself around the box","y",0.5,NA
"1012","1prime","us","adults","does that mean...?","cb2","R_3QWWVqODmFucO4l",NA,NA,NA,NA,NA,NA,NA,NA,NA,NA,"1",NA,2,"test",11,"phy","metal_plastic","is made out of metal","per","vision","can see me","n",-1.5,NA
"1013","1prime","us","adults","does that mean...?","cb2","R_6kWH19B3PdQhpXL",NA,NA,NA,NA,NA,NA,NA,NA,NA,NA,"1",NA,2,"practice",1,NA,NA,"is purple",NA,NA,"is green","n",-1.5,NA
"1014","1prime","us","adults","does that mean...?","cb2","R_6kWH19B3PdQhpXL",NA,NA,NA,NA,NA,NA,NA,NA,NA,NA,"1",NA,2,"practice",2,NA,NA,"is walking around",NA,NA,"has legs","y",0.5,NA
"1015","1prime","us","adults","does that mean...?","cb2","R_6kWH19B3PdQhpXL",NA,NA,NA,NA,NA,NA,NA,NA,NA,NA,"1",NA,2,"practice",3,NA,NA,"is made out of paper",NA,NA,"might rip sometime","y",0.5,NA
"1016","1prime","us","adults","does that mean...?","cb2","R_6kWH19B3PdQhpXL",NA,NA,NA,NA,NA,NA,NA,NA,NA,NA,"1",NA,2,"test",4,"per","vision","can see what the box looks like","aut","noise","can make noises all by itself","n",-0.5,NA
"1017","1prime","us","adults","does that mean...?","cb2","R_6kWH19B3PdQhpXL",NA,NA,NA,NA,NA,NA,NA,NA,NA,NA,"1",NA,2,"test",5,"phy","glass_clay","is made out of clay","phy","metal_plastic","is made out of plastic","n",-0.5,NA
"1018","1prime","us","adults","does that mean...?","cb2","R_6kWH19B3PdQhpXL",NA,NA,NA,NA,NA,NA,NA,NA,NA,NA,"1",NA,2,"test",6,"aut","movement","is moving itself from one side of the box to the other","per","hearing","can hear me","y",0.5,NA
"1019","1prime","us","adults","does that mean...?","cb2","R_6kWH19B3PdQhpXL",NA,NA,NA,NA,NA,NA,NA,NA,NA,NA,"1",NA,2,"test",7,"aff","arousal","is feeling calm ","aff","arousal","can feel excited ","y",0.5,NA
"1020","1prime","us","adults","does that mean...?","cb2","R_6kWH19B3PdQhpXL",NA,NA,NA,NA,NA,NA,NA,NA,NA,NA,"1",NA,2,"test",8,"aut","noise","is making sounds on its own","phy","glass_clay","is made out of glass","n",-0.5,NA
"1021","1prime","us","adults","does that mean...?","cb2","R_6kWH19B3PdQhpXL",NA,NA,NA,NA,NA,NA,NA,NA,NA,NA,"1",NA,2,"test",9,"per","hearing","can hear what's going on around it","aff","valence","can feel sad ","y",0.5,NA
"1022","1prime","us","adults","does that mean...?","cb2","R_6kWH19B3PdQhpXL",NA,NA,NA,NA,NA,NA,NA,NA,NA,NA,"1",NA,2,"test",10,"aff","valence","feels happy ","aut","movement","can move itself around the box","n",-0.5,NA
"1023","1prime","us","adults","does that mean...?","cb2","R_6kWH19B3PdQhpXL",NA,NA,NA,NA,NA,NA,NA,NA,NA,NA,"1",NA,2,"test",11,"phy","metal_plastic","is made out of metal","per","vision","can see me","n",-1.5,NA
"1024","1prime","us","adults","does that mean...?","cb2","R_6Mgg4qA416Yw27X",NA,NA,NA,NA,NA,NA,NA,NA,NA,NA,"1",NA,2,"practice",1,NA,NA,"is purple",NA,NA,"is green","n",-1.5,NA
"1025","1prime","us","adults","does that mean...?","cb2","R_6Mgg4qA416Yw27X",NA,NA,NA,NA,NA,NA,NA,NA,NA,NA,"1",NA,2,"practice",2,NA,NA,"is walking around",NA,NA,"has legs","y",1.5,NA
"1026","1prime","us","adults","does that mean...?","cb2","R_6Mgg4qA416Yw27X",NA,NA,NA,NA,NA,NA,NA,NA,NA,NA,"1",NA,2,"practice",3,NA,NA,"is made out of paper",NA,NA,"might rip sometime","y",1.5,NA
"1027","1prime","us","adults","does that mean...?","cb2","R_6Mgg4qA416Yw27X",NA,NA,NA,NA,NA,NA,NA,NA,NA,NA,"1",NA,2,"test",4,"per","vision","can see what the box looks like","aut","noise","can make noises all by itself","y",0.5,NA
"1028","1prime","us","adults","does that mean...?","cb2","R_6Mgg4qA416Yw27X",NA,NA,NA,NA,NA,NA,NA,NA,NA,NA,"1",NA,2,"test",5,"phy","glass_clay","is made out of clay","phy","metal_plastic","is made out of plastic","n",-1.5,NA
"1029","1prime","us","adults","does that mean...?","cb2","R_6Mgg4qA416Yw27X",NA,NA,NA,NA,NA,NA,NA,NA,NA,NA,"1",NA,2,"test",6,"aut","movement","is moving itself from one side of the box to the other","per","hearing","can hear me","y",0.5,NA
"1030","1prime","us","adults","does that mean...?","cb2","R_6Mgg4qA416Yw27X",NA,NA,NA,NA,NA,NA,NA,NA,NA,NA,"1",NA,2,"test",7,"aff","arousal","is feeling calm ","aff","arousal","can feel excited ","y",0.5,NA
"1031","1prime","us","adults","does that mean...?","cb2","R_6Mgg4qA416Yw27X",NA,NA,NA,NA,NA,NA,NA,NA,NA,NA,"1",NA,2,"test",8,"aut","noise","is making sounds on its own","phy","glass_clay","is made out of glass","n",-0.5,NA
"1032","1prime","us","adults","does that mean...?","cb2","R_6Mgg4qA416Yw27X",NA,NA,NA,NA,NA,NA,NA,NA,NA,NA,"1",NA,2,"test",9,"per","hearing","can hear what's going on around it","aff","valence","can feel sad ","y",0.5,NA
"1033","1prime","us","adults","does that mean...?","cb2","R_6Mgg4qA416Yw27X",NA,NA,NA,NA,NA,NA,NA,NA,NA,NA,"1",NA,2,"test",10,"aff","valence","feels happy ","aut","movement","can move itself around the box","y",0.5,NA
"1034","1prime","us","adults","does that mean...?","cb2","R_6Mgg4qA416Yw27X",NA,NA,NA,NA,NA,NA,NA,NA,NA,NA,"1",NA,2,"test",11,"phy","metal_plastic","is made out of metal","per","vision","can see me","n",-0.5,NA
"1035","1prime","us","adults","does that mean...?","cb2","R_7PRAUQ9y1fhgjwV",NA,NA,NA,NA,NA,NA,NA,NA,NA,NA,"1",NA,2,"practice",1,NA,NA,"is purple",NA,NA,"is green","n",-1.5,NA
"1036","1prime","us","adults","does that mean...?","cb2","R_7PRAUQ9y1fhgjwV",NA,NA,NA,NA,NA,NA,NA,NA,NA,NA,"1",NA,2,"practice",2,NA,NA,"is walking around",NA,NA,"has legs","y",1.5,NA
"1037","1prime","us","adults","does that mean...?","cb2","R_7PRAUQ9y1fhgjwV",NA,NA,NA,NA,NA,NA,NA,NA,NA,NA,"1",NA,2,"practice",3,NA,NA,"is made out of paper",NA,NA,"might rip sometime","y",0.5,NA
"1038","1prime","us","adults","does that mean...?","cb2","R_7PRAUQ9y1fhgjwV",NA,NA,NA,NA,NA,NA,NA,NA,NA,NA,"1",NA,2,"test",4,"per","vision","can see what the box looks like","aut","noise","can make noises all by itself","n",-0.5,NA
"1039","1prime","us","adults","does that mean...?","cb2","R_7PRAUQ9y1fhgjwV",NA,NA,NA,NA,NA,NA,NA,NA,NA,NA,"1",NA,2,"test",5,"phy","glass_clay","is made out of clay","phy","metal_plastic","is made out of plastic","n",-1.5,NA
"1040","1prime","us","adults","does that mean...?","cb2","R_7PRAUQ9y1fhgjwV",NA,NA,NA,NA,NA,NA,NA,NA,NA,NA,"1",NA,2,"test",6,"aut","movement","is moving itself from one side of the box to the other","per","hearing","can hear me","y",0.5,NA
"1041","1prime","us","adults","does that mean...?","cb2","R_7PRAUQ9y1fhgjwV",NA,NA,NA,NA,NA,NA,NA,NA,NA,NA,"1",NA,2,"test",7,"aff","arousal","is feeling calm ","aff","arousal","can feel excited ","y",0.5,NA
"1042","1prime","us","adults","does that mean...?","cb2","R_7PRAUQ9y1fhgjwV",NA,NA,NA,NA,NA,NA,NA,NA,NA,NA,"1",NA,2,"test",8,"aut","noise","is making sounds on its own","phy","glass_clay","is made out of glass","n",-0.5,NA
"1043","1prime","us","adults","does that mean...?","cb2","R_7PRAUQ9y1fhgjwV",NA,NA,NA,NA,NA,NA,NA,NA,NA,NA,"1",NA,2,"test",9,"per","hearing","can hear what's going on around it","aff","valence","can feel sad ","n",-0.5,NA
"1044","1prime","us","adults","does that mean...?","cb2","R_7PRAUQ9y1fhgjwV",NA,NA,NA,NA,NA,NA,NA,NA,NA,NA,"1",NA,2,"test",10,"aff","valence","feels happy ","aut","movement","can move itself around the box","n",-0.5,NA
"1045","1prime","us","adults","does that mean...?","cb2","R_7PRAUQ9y1fhgjwV",NA,NA,NA,NA,NA,NA,NA,NA,NA,NA,"1",NA,2,"test",11,"phy","metal_plastic","is made out of metal","per","vision","can see me","n",-1.5,NA
"1046","1prime","us","adults","does that mean...?","cb2","R_a9wXbA66b14G7PL",NA,NA,NA,NA,NA,NA,NA,NA,NA,NA,"1",NA,2,"practice",1,NA,NA,"is purple",NA,NA,"is green","n",-1.5,NA
"1047","1prime","us","adults","does that mean...?","cb2","R_a9wXbA66b14G7PL",NA,NA,NA,NA,NA,NA,NA,NA,NA,NA,"1",NA,2,"practice",2,NA,NA,"is walking around",NA,NA,"has legs","y",1.5,NA
"1048","1prime","us","adults","does that mean...?","cb2","R_a9wXbA66b14G7PL",NA,NA,NA,NA,NA,NA,NA,NA,NA,NA,"1",NA,2,"practice",3,NA,NA,"is made out of paper",NA,NA,"might rip sometime","y",1.5,NA
"1049","1prime","us","adults","does that mean...?","cb2","R_a9wXbA66b14G7PL",NA,NA,NA,NA,NA,NA,NA,NA,NA,NA,"1",NA,2,"test",4,"per","vision","can see what the box looks like","aut","noise","can make noises all by itself","y",0.5,NA
"1050","1prime","us","adults","does that mean...?","cb2","R_a9wXbA66b14G7PL",NA,NA,NA,NA,NA,NA,NA,NA,NA,NA,"1",NA,2,"test",5,"phy","glass_clay","is made out of clay","phy","metal_plastic","is made out of plastic","n",-1.5,NA
"1051","1prime","us","adults","does that mean...?","cb2","R_a9wXbA66b14G7PL",NA,NA,NA,NA,NA,NA,NA,NA,NA,NA,"1",NA,2,"test",6,"aut","movement","is moving itself from one side of the box to the other","per","hearing","can hear me","y",0.5,NA
"1052","1prime","us","adults","does that mean...?","cb2","R_a9wXbA66b14G7PL",NA,NA,NA,NA,NA,NA,NA,NA,NA,NA,"1",NA,2,"test",7,"aff","arousal","is feeling calm ","aff","arousal","can feel excited ","n",-1.5,NA
"1053","1prime","us","adults","does that mean...?","cb2","R_a9wXbA66b14G7PL",NA,NA,NA,NA,NA,NA,NA,NA,NA,NA,"1",NA,2,"test",8,"aut","noise","is making sounds on its own","phy","glass_clay","is made out of glass","y",0.5,NA
"1054","1prime","us","adults","does that mean...?","cb2","R_a9wXbA66b14G7PL",NA,NA,NA,NA,NA,NA,NA,NA,NA,NA,"1",NA,2,"test",9,"per","hearing","can hear what's going on around it","aff","valence","can feel sad ","y",0.5,NA
"1055","1prime","us","adults","does that mean...?","cb2","R_a9wXbA66b14G7PL",NA,NA,NA,NA,NA,NA,NA,NA,NA,NA,"1",NA,2,"test",10,"aff","valence","feels happy ","aut","movement","can move itself around the box","y",0.5,NA
"1056","1prime","us","adults","does that mean...?","cb2","R_a9wXbA66b14G7PL",NA,NA,NA,NA,NA,NA,NA,NA,NA,NA,"1",NA,2,"test",11,"phy","metal_plastic","is made out of metal","per","vision","can see me","y",0.5,NA
"1057","1prime","us","adults","does that mean...?","cb2","R_aVneLDxOkmXRUoZ",NA,NA,NA,NA,NA,NA,NA,NA,NA,NA,"1",NA,2,"practice",1,NA,NA,"is purple",NA,NA,"is green","n",-1.5,NA
"1058","1prime","us","adults","does that mean...?","cb2","R_aVneLDxOkmXRUoZ",NA,NA,NA,NA,NA,NA,NA,NA,NA,NA,"1",NA,2,"practice",2,NA,NA,"is walking around",NA,NA,"has legs","y",0.5,NA
"1059","1prime","us","adults","does that mean...?","cb2","R_aVneLDxOkmXRUoZ",NA,NA,NA,NA,NA,NA,NA,NA,NA,NA,"1",NA,2,"practice",3,NA,NA,"is made out of paper",NA,NA,"might rip sometime","y",1.5,NA
"1060","1prime","us","adults","does that mean...?","cb2","R_aVneLDxOkmXRUoZ",NA,NA,NA,NA,NA,NA,NA,NA,NA,NA,"1",NA,2,"test",4,"per","vision","can see what the box looks like","aut","noise","can make noises all by itself","y",0.5,NA
"1061","1prime","us","adults","does that mean...?","cb2","R_aVneLDxOkmXRUoZ",NA,NA,NA,NA,NA,NA,NA,NA,NA,NA,"1",NA,2,"test",5,"phy","glass_clay","is made out of clay","phy","metal_plastic","is made out of plastic","n",-1.5,NA
"1062","1prime","us","adults","does that mean...?","cb2","R_aVneLDxOkmXRUoZ",NA,NA,NA,NA,NA,NA,NA,NA,NA,NA,"1",NA,2,"test",6,"aut","movement","is moving itself from one side of the box to the other","per","hearing","can hear me","y",0.5,NA
"1063","1prime","us","adults","does that mean...?","cb2","R_aVneLDxOkmXRUoZ",NA,NA,NA,NA,NA,NA,NA,NA,NA,NA,"1",NA,2,"test",7,"aff","arousal","is feeling calm ","aff","arousal","can feel excited ","y",1.5,NA
"1064","1prime","us","adults","does that mean...?","cb2","R_aVneLDxOkmXRUoZ",NA,NA,NA,NA,NA,NA,NA,NA,NA,NA,"1",NA,2,"test",8,"aut","noise","is making sounds on its own","phy","glass_clay","is made out of glass","n",-1.5,NA
"1065","1prime","us","adults","does that mean...?","cb2","R_aVneLDxOkmXRUoZ",NA,NA,NA,NA,NA,NA,NA,NA,NA,NA,"1",NA,2,"test",9,"per","hearing","can hear what's going on around it","aff","valence","can feel sad ","y",1.5,NA
"1066","1prime","us","adults","does that mean...?","cb2","R_aVneLDxOkmXRUoZ",NA,NA,NA,NA,NA,NA,NA,NA,NA,NA,"1",NA,2,"test",10,"aff","valence","feels happy ","aut","movement","can move itself around the box","y",0.5,NA
"1067","1prime","us","adults","does that mean...?","cb2","R_aVneLDxOkmXRUoZ",NA,NA,NA,NA,NA,NA,NA,NA,NA,NA,"1",NA,2,"test",11,"phy","metal_plastic","is made out of metal","per","vision","can see me","n",-1.5,NA
"1068","1prime","us","adults","does that mean...?","cb2","R_bswEF7HEf6RNXTL",NA,NA,NA,NA,NA,NA,NA,NA,NA,NA,"1",NA,2,"practice",1,NA,NA,"is purple",NA,NA,"is green","n",-1.5,NA
"1069","1prime","us","adults","does that mean...?","cb2","R_bswEF7HEf6RNXTL",NA,NA,NA,NA,NA,NA,NA,NA,NA,NA,"1",NA,2,"practice",2,NA,NA,"is walking around",NA,NA,"has legs","y",1.5,NA
"1070","1prime","us","adults","does that mean...?","cb2","R_bswEF7HEf6RNXTL",NA,NA,NA,NA,NA,NA,NA,NA,NA,NA,"1",NA,2,"practice",3,NA,NA,"is made out of paper",NA,NA,"might rip sometime","y",0.5,NA
"1071","1prime","us","adults","does that mean...?","cb2","R_bswEF7HEf6RNXTL",NA,NA,NA,NA,NA,NA,NA,NA,NA,NA,"1",NA,2,"test",4,"per","vision","can see what the box looks like","aut","noise","can make noises all by itself","y",0.5,NA
"1072","1prime","us","adults","does that mean...?","cb2","R_bswEF7HEf6RNXTL",NA,NA,NA,NA,NA,NA,NA,NA,NA,NA,"1",NA,2,"test",5,"phy","glass_clay","is made out of clay","phy","metal_plastic","is made out of plastic","n",-1.5,NA
"1073","1prime","us","adults","does that mean...?","cb2","R_bswEF7HEf6RNXTL",NA,NA,NA,NA,NA,NA,NA,NA,NA,NA,"1",NA,2,"test",6,"aut","movement","is moving itself from one side of the box to the other","per","hearing","can hear me","y",0.5,NA
"1074","1prime","us","adults","does that mean...?","cb2","R_bswEF7HEf6RNXTL",NA,NA,NA,NA,NA,NA,NA,NA,NA,NA,"1",NA,2,"test",7,"aff","arousal","is feeling calm ","aff","arousal","can feel excited ","y",0.5,NA
"1075","1prime","us","adults","does that mean...?","cb2","R_bswEF7HEf6RNXTL",NA,NA,NA,NA,NA,NA,NA,NA,NA,NA,"1",NA,2,"test",8,"aut","noise","is making sounds on its own","phy","glass_clay","is made out of glass","n",-1.5,NA
"1076","1prime","us","adults","does that mean...?","cb2","R_bswEF7HEf6RNXTL",NA,NA,NA,NA,NA,NA,NA,NA,NA,NA,"1",NA,2,"test",9,"per","hearing","can hear what's going on around it","aff","valence","can feel sad ","y",0.5,NA
"1077","1prime","us","adults","does that mean...?","cb2","R_bswEF7HEf6RNXTL",NA,NA,NA,NA,NA,NA,NA,NA,NA,NA,"1",NA,2,"test",10,"aff","valence","feels happy ","aut","movement","can move itself around the box","y",0.5,NA
"1078","1prime","us","adults","does that mean...?","cb2","R_bswEF7HEf6RNXTL",NA,NA,NA,NA,NA,NA,NA,NA,NA,NA,"1",NA,2,"test",11,"phy","metal_plastic","is made out of metal","per","vision","can see me","n",-1.5,NA
"1079","1prime","us","adults","does that mean...?","cb2","R_0NXNc6UByfexcRT",NA,NA,NA,NA,NA,NA,NA,NA,NA,NA,"1",NA,3,"practice",1,NA,NA,"is purple",NA,NA,"is green","n",-1.5,NA
"1080","1prime","us","adults","does that mean...?","cb2","R_0NXNc6UByfexcRT",NA,NA,NA,NA,NA,NA,NA,NA,NA,NA,"1",NA,3,"practice",2,NA,NA,"is walking around",NA,NA,"has legs","y",1.5,NA
"1081","1prime","us","adults","does that mean...?","cb2","R_0NXNc6UByfexcRT",NA,NA,NA,NA,NA,NA,NA,NA,NA,NA,"1",NA,3,"practice",3,NA,NA,"is made out of paper",NA,NA,"might rip sometime","y",0.5,NA
"1082","1prime","us","adults","does that mean...?","cb2","R_0NXNc6UByfexcRT",NA,NA,NA,NA,NA,NA,NA,NA,NA,NA,"1",NA,3,"test",4,"aff","valence","feels sad ","per","vision","can see what the box looks like","y",0.5,NA
"1083","1prime","us","adults","does that mean...?","cb2","R_0NXNc6UByfexcRT",NA,NA,NA,NA,NA,NA,NA,NA,NA,NA,"1",NA,3,"test",5,"per","hearing","can hear what's going on around it","phy","glass_clay","is made out of glass","n",-1.5,NA
"1084","1prime","us","adults","does that mean...?","cb2","R_0NXNc6UByfexcRT",NA,NA,NA,NA,NA,NA,NA,NA,NA,NA,"1",NA,3,"test",6,"phy","metal_plastic","is made out of plastic","aff","arousal","can feel calm ","n",-1.5,NA
"1085","1prime","us","adults","does that mean...?","cb2","R_0NXNc6UByfexcRT",NA,NA,NA,NA,NA,NA,NA,NA,NA,NA,"1",NA,3,"test",7,"aut","noise","is making noises all by itself","aut","movement","can move itself around the box","n",-1.5,NA
"1086","1prime","us","adults","does that mean...?","cb2","R_0NXNc6UByfexcRT",NA,NA,NA,NA,NA,NA,NA,NA,NA,NA,"1",NA,3,"test",8,"aff","arousal","is feeling excited","phy","metal_plastic","is made out of metal","n",-1.5,NA
"1087","1prime","us","adults","does that mean...?","cb2","R_0NXNc6UByfexcRT",NA,NA,NA,NA,NA,NA,NA,NA,NA,NA,"1",NA,3,"test",9,"per","vision","can see me","per","hearing","can hear me","y",1.5,NA
"1088","1prime","us","adults","does that mean...?","cb2","R_0NXNc6UByfexcRT",NA,NA,NA,NA,NA,NA,NA,NA,NA,NA,"1",NA,3,"test",10,"phy","glass_clay","is made out of clay","aut","noise","can make sounds on its own","n",-1.5,NA
"1089","1prime","us","adults","does that mean...?","cb2","R_0NXNc6UByfexcRT",NA,NA,NA,NA,NA,NA,NA,NA,NA,NA,"1",NA,3,"test",11,"aut","movement","is moving itself from one side of the box to the other","aff","valence","can feel happy ","n",-0.5,NA
"1090","1prime","us","adults","does that mean...?","cb2","R_0uDWxv6sZ4Qgq9v",NA,NA,NA,NA,NA,NA,NA,NA,NA,NA,"1",NA,3,"practice",1,NA,NA,"is purple",NA,NA,"is green","n",-1.5,NA
"1091","1prime","us","adults","does that mean...?","cb2","R_0uDWxv6sZ4Qgq9v",NA,NA,NA,NA,NA,NA,NA,NA,NA,NA,"1",NA,3,"practice",2,NA,NA,"is walking around",NA,NA,"has legs","y",1.5,NA
"1092","1prime","us","adults","does that mean...?","cb2","R_0uDWxv6sZ4Qgq9v",NA,NA,NA,NA,NA,NA,NA,NA,NA,NA,"1",NA,3,"practice",3,NA,NA,"is made out of paper",NA,NA,"might rip sometime","y",1.5,NA
"1093","1prime","us","adults","does that mean...?","cb2","R_0uDWxv6sZ4Qgq9v",NA,NA,NA,NA,NA,NA,NA,NA,NA,NA,"1",NA,3,"test",4,"aff","valence","feels sad ","per","vision","can see what the box looks like","n",-0.5,NA
"1094","1prime","us","adults","does that mean...?","cb2","R_0uDWxv6sZ4Qgq9v",NA,NA,NA,NA,NA,NA,NA,NA,NA,NA,"1",NA,3,"test",5,"per","hearing","can hear what's going on around it","phy","glass_clay","is made out of glass","n",-1.5,NA
"1095","1prime","us","adults","does that mean...?","cb2","R_0uDWxv6sZ4Qgq9v",NA,NA,NA,NA,NA,NA,NA,NA,NA,NA,"1",NA,3,"test",6,"phy","metal_plastic","is made out of plastic","aff","arousal","can feel calm ","n",-1.5,NA
"1096","1prime","us","adults","does that mean...?","cb2","R_0uDWxv6sZ4Qgq9v",NA,NA,NA,NA,NA,NA,NA,NA,NA,NA,"1",NA,3,"test",7,"aut","noise","is making noises all by itself","aut","movement","can move itself around the box","y",0.5,NA
"1097","1prime","us","adults","does that mean...?","cb2","R_0uDWxv6sZ4Qgq9v",NA,NA,NA,NA,NA,NA,NA,NA,NA,NA,"1",NA,3,"test",8,"aff","arousal","is feeling excited","phy","metal_plastic","is made out of metal","n",-1.5,NA
"1098","1prime","us","adults","does that mean...?","cb2","R_0uDWxv6sZ4Qgq9v",NA,NA,NA,NA,NA,NA,NA,NA,NA,NA,"1",NA,3,"test",9,"per","vision","can see me","per","hearing","can hear me","n",-0.5,NA
"1099","1prime","us","adults","does that mean...?","cb2","R_0uDWxv6sZ4Qgq9v",NA,NA,NA,NA,NA,NA,NA,NA,NA,NA,"1",NA,3,"test",10,"phy","glass_clay","is made out of clay","aut","noise","can make sounds on its own","n",-0.5,NA
"1100","1prime","us","adults","does that mean...?","cb2","R_0uDWxv6sZ4Qgq9v",NA,NA,NA,NA,NA,NA,NA,NA,NA,NA,"1",NA,3,"test",11,"aut","movement","is moving itself from one side of the box to the other","aff","valence","can feel happy ","y",0.5,NA
"1101","1prime","us","adults","does that mean...?","cb2","R_37XmwaaibanKJNz",NA,NA,NA,NA,NA,NA,NA,NA,NA,NA,"1",NA,3,"practice",1,NA,NA,"is purple",NA,NA,"is green","n",-1.5,NA
"1102","1prime","us","adults","does that mean...?","cb2","R_37XmwaaibanKJNz",NA,NA,NA,NA,NA,NA,NA,NA,NA,NA,"1",NA,3,"practice",2,NA,NA,"is walking around",NA,NA,"has legs","y",1.5,NA
"1103","1prime","us","adults","does that mean...?","cb2","R_37XmwaaibanKJNz",NA,NA,NA,NA,NA,NA,NA,NA,NA,NA,"1",NA,3,"practice",3,NA,NA,"is made out of paper",NA,NA,"might rip sometime","y",1.5,NA
"1104","1prime","us","adults","does that mean...?","cb2","R_37XmwaaibanKJNz",NA,NA,NA,NA,NA,NA,NA,NA,NA,NA,"1",NA,3,"test",4,"aff","valence","feels sad ","per","vision","can see what the box looks like","y",0.5,NA
"1105","1prime","us","adults","does that mean...?","cb2","R_37XmwaaibanKJNz",NA,NA,NA,NA,NA,NA,NA,NA,NA,NA,"1",NA,3,"test",5,"per","hearing","can hear what's going on around it","phy","glass_clay","is made out of glass","n",-1.5,NA
"1106","1prime","us","adults","does that mean...?","cb2","R_37XmwaaibanKJNz",NA,NA,NA,NA,NA,NA,NA,NA,NA,NA,"1",NA,3,"test",6,"phy","metal_plastic","is made out of plastic","aff","arousal","can feel calm ","n",-1.5,NA
"1107","1prime","us","adults","does that mean...?","cb2","R_37XmwaaibanKJNz",NA,NA,NA,NA,NA,NA,NA,NA,NA,NA,"1",NA,3,"test",7,"aut","noise","is making noises all by itself","aut","movement","can move itself around the box","y",0.5,NA
"1108","1prime","us","adults","does that mean...?","cb2","R_37XmwaaibanKJNz",NA,NA,NA,NA,NA,NA,NA,NA,NA,NA,"1",NA,3,"test",8,"aff","arousal","is feeling excited","phy","metal_plastic","is made out of metal","n",-1.5,NA
"1109","1prime","us","adults","does that mean...?","cb2","R_37XmwaaibanKJNz",NA,NA,NA,NA,NA,NA,NA,NA,NA,NA,"1",NA,3,"test",9,"per","vision","can see me","per","hearing","can hear me","y",0.5,NA
"1110","1prime","us","adults","does that mean...?","cb2","R_37XmwaaibanKJNz",NA,NA,NA,NA,NA,NA,NA,NA,NA,NA,"1",NA,3,"test",10,"phy","glass_clay","is made out of clay","aut","noise","can make sounds on its own","n",-0.5,NA
"1111","1prime","us","adults","does that mean...?","cb2","R_37XmwaaibanKJNz",NA,NA,NA,NA,NA,NA,NA,NA,NA,NA,"1",NA,3,"test",11,"aut","movement","is moving itself from one side of the box to the other","aff","valence","can feel happy ","y",0.5,NA
"1112","1prime","us","adults","does that mean...?","cb2","R_507uNPeXAVYiC0d",NA,NA,NA,NA,NA,NA,NA,NA,NA,NA,"2",NA,3,"practice",1,NA,NA,"is purple",NA,NA,"is green","n",-1.5,NA
"1113","1prime","us","adults","does that mean...?","cb2","R_507uNPeXAVYiC0d",NA,NA,NA,NA,NA,NA,NA,NA,NA,NA,"2",NA,3,"practice",2,NA,NA,"is walking around",NA,NA,"has legs","y",0.5,NA
"1114","1prime","us","adults","does that mean...?","cb2","R_507uNPeXAVYiC0d",NA,NA,NA,NA,NA,NA,NA,NA,NA,NA,"2",NA,3,"practice",3,NA,NA,"is made out of paper",NA,NA,"might rip sometime","n",-0.5,NA
"1115","1prime","us","adults","does that mean...?","cb2","R_507uNPeXAVYiC0d",NA,NA,NA,NA,NA,NA,NA,NA,NA,NA,"2",NA,3,"test",4,"aff","valence","feels sad ","per","vision","can see what the box looks like","y",0.5,NA
"1116","1prime","us","adults","does that mean...?","cb2","R_507uNPeXAVYiC0d",NA,NA,NA,NA,NA,NA,NA,NA,NA,NA,"2",NA,3,"test",5,"per","hearing","can hear what's going on around it","phy","glass_clay","is made out of glass","n",-1.5,NA
"1117","1prime","us","adults","does that mean...?","cb2","R_507uNPeXAVYiC0d",NA,NA,NA,NA,NA,NA,NA,NA,NA,NA,"2",NA,3,"test",6,"phy","metal_plastic","is made out of plastic","aff","arousal","can feel calm ","n",-1.5,NA
"1118","1prime","us","adults","does that mean...?","cb2","R_507uNPeXAVYiC0d",NA,NA,NA,NA,NA,NA,NA,NA,NA,NA,"2",NA,3,"test",7,"aut","noise","is making noises all by itself","aut","movement","can move itself around the box","y",0.5,NA
"1119","1prime","us","adults","does that mean...?","cb2","R_507uNPeXAVYiC0d",NA,NA,NA,NA,NA,NA,NA,NA,NA,NA,"2",NA,3,"test",8,"aff","arousal","is feeling excited","phy","metal_plastic","is made out of metal","n",-1.5,NA
"1120","1prime","us","adults","does that mean...?","cb2","R_507uNPeXAVYiC0d",NA,NA,NA,NA,NA,NA,NA,NA,NA,NA,"2",NA,3,"test",9,"per","vision","can see me","per","hearing","can hear me","n",-1.5,NA
"1121","1prime","us","adults","does that mean...?","cb2","R_507uNPeXAVYiC0d",NA,NA,NA,NA,NA,NA,NA,NA,NA,NA,"2",NA,3,"test",10,"phy","glass_clay","is made out of clay","aut","noise","can make sounds on its own","n",-1.5,NA
"1122","1prime","us","adults","does that mean...?","cb2","R_507uNPeXAVYiC0d",NA,NA,NA,NA,NA,NA,NA,NA,NA,NA,"2",NA,3,"test",11,"aut","movement","is moving itself from one side of the box to the other","aff","valence","can feel happy ","n",-1.5,NA
"1123","1prime","us","adults","does that mean...?","cb2","R_898pwCLkvKa8EOp",NA,NA,NA,NA,NA,NA,NA,NA,NA,NA,"1",NA,3,"practice",1,NA,NA,"is purple",NA,NA,"is green","y",0.5,NA
"1124","1prime","us","adults","does that mean...?","cb2","R_898pwCLkvKa8EOp",NA,NA,NA,NA,NA,NA,NA,NA,NA,NA,"1",NA,3,"practice",2,NA,NA,"is walking around",NA,NA,"has legs","y",1.5,NA
"1125","1prime","us","adults","does that mean...?","cb2","R_898pwCLkvKa8EOp",NA,NA,NA,NA,NA,NA,NA,NA,NA,NA,"1",NA,3,"practice",3,NA,NA,"is made out of paper",NA,NA,"might rip sometime","y",0.5,NA
"1126","1prime","us","adults","does that mean...?","cb2","R_898pwCLkvKa8EOp",NA,NA,NA,NA,NA,NA,NA,NA,NA,NA,"1",NA,3,"test",4,"aff","valence","feels sad ","per","vision","can see what the box looks like","y",0.5,NA
"1127","1prime","us","adults","does that mean...?","cb2","R_898pwCLkvKa8EOp",NA,NA,NA,NA,NA,NA,NA,NA,NA,NA,"1",NA,3,"test",5,"per","hearing","can hear what's going on around it","phy","glass_clay","is made out of glass","n",-1.5,NA
"1128","1prime","us","adults","does that mean...?","cb2","R_898pwCLkvKa8EOp",NA,NA,NA,NA,NA,NA,NA,NA,NA,NA,"1",NA,3,"test",6,"phy","metal_plastic","is made out of plastic","aff","arousal","can feel calm ","n",-1.5,NA
"1129","1prime","us","adults","does that mean...?","cb2","R_898pwCLkvKa8EOp",NA,NA,NA,NA,NA,NA,NA,NA,NA,NA,"1",NA,3,"test",7,"aut","noise","is making noises all by itself","aut","movement","can move itself around the box","y",0.5,NA
"1130","1prime","us","adults","does that mean...?","cb2","R_898pwCLkvKa8EOp",NA,NA,NA,NA,NA,NA,NA,NA,NA,NA,"1",NA,3,"test",8,"aff","arousal","is feeling excited","phy","metal_plastic","is made out of metal","n",-1.5,NA
"1131","1prime","us","adults","does that mean...?","cb2","R_898pwCLkvKa8EOp",NA,NA,NA,NA,NA,NA,NA,NA,NA,NA,"1",NA,3,"test",9,"per","vision","can see me","per","hearing","can hear me","y",0.5,NA
"1132","1prime","us","adults","does that mean...?","cb2","R_898pwCLkvKa8EOp",NA,NA,NA,NA,NA,NA,NA,NA,NA,NA,"1",NA,3,"test",10,"phy","glass_clay","is made out of clay","aut","noise","can make sounds on its own","n",-1.5,NA
"1133","1prime","us","adults","does that mean...?","cb2","R_898pwCLkvKa8EOp",NA,NA,NA,NA,NA,NA,NA,NA,NA,NA,"1",NA,3,"test",11,"aut","movement","is moving itself from one side of the box to the other","aff","valence","can feel happy ","y",0.5,NA
"1134","1prime","us","adults","does that mean...?","cb2","R_a3JYuWJdhDBrUZT",NA,NA,NA,NA,NA,NA,NA,NA,NA,NA,"1",NA,3,"practice",1,NA,NA,"is purple",NA,NA,"is green","n",-1.5,NA
"1135","1prime","us","adults","does that mean...?","cb2","R_a3JYuWJdhDBrUZT",NA,NA,NA,NA,NA,NA,NA,NA,NA,NA,"1",NA,3,"practice",2,NA,NA,"is walking around",NA,NA,"has legs","y",1.5,NA
"1136","1prime","us","adults","does that mean...?","cb2","R_a3JYuWJdhDBrUZT",NA,NA,NA,NA,NA,NA,NA,NA,NA,NA,"1",NA,3,"practice",3,NA,NA,"is made out of paper",NA,NA,"might rip sometime","y",1.5,NA
"1137","1prime","us","adults","does that mean...?","cb2","R_a3JYuWJdhDBrUZT",NA,NA,NA,NA,NA,NA,NA,NA,NA,NA,"1",NA,3,"test",4,"aff","valence","feels sad ","per","vision","can see what the box looks like","y",0.5,NA
"1138","1prime","us","adults","does that mean...?","cb2","R_a3JYuWJdhDBrUZT",NA,NA,NA,NA,NA,NA,NA,NA,NA,NA,"1",NA,3,"test",5,"per","hearing","can hear what's going on around it","phy","glass_clay","is made out of glass","n",-0.5,NA
"1139","1prime","us","adults","does that mean...?","cb2","R_a3JYuWJdhDBrUZT",NA,NA,NA,NA,NA,NA,NA,NA,NA,NA,"1",NA,3,"test",6,"phy","metal_plastic","is made out of plastic","aff","arousal","can feel calm ","n",-0.5,NA
"1140","1prime","us","adults","does that mean...?","cb2","R_a3JYuWJdhDBrUZT",NA,NA,NA,NA,NA,NA,NA,NA,NA,NA,"1",NA,3,"test",7,"aut","noise","is making noises all by itself","aut","movement","can move itself around the box","y",0.5,NA
"1141","1prime","us","adults","does that mean...?","cb2","R_a3JYuWJdhDBrUZT",NA,NA,NA,NA,NA,NA,NA,NA,NA,NA,"1",NA,3,"test",8,"aff","arousal","is feeling excited","phy","metal_plastic","is made out of metal","n",-0.5,NA
"1142","1prime","us","adults","does that mean...?","cb2","R_a3JYuWJdhDBrUZT",NA,NA,NA,NA,NA,NA,NA,NA,NA,NA,"1",NA,3,"test",9,"per","vision","can see me","per","hearing","can hear me","y",0.5,NA
"1143","1prime","us","adults","does that mean...?","cb2","R_a3JYuWJdhDBrUZT",NA,NA,NA,NA,NA,NA,NA,NA,NA,NA,"1",NA,3,"test",10,"phy","glass_clay","is made out of clay","aut","noise","can make sounds on its own","n",-0.5,NA
"1144","1prime","us","adults","does that mean...?","cb2","R_a3JYuWJdhDBrUZT",NA,NA,NA,NA,NA,NA,NA,NA,NA,NA,"1",NA,3,"test",11,"aut","movement","is moving itself from one side of the box to the other","aff","valence","can feel happy ","y",0.5,NA
"1145","1prime","us","adults","does that mean...?","cb2","R_aXocal1VNKnKDLT",NA,NA,NA,NA,NA,NA,NA,NA,NA,NA,"1",NA,3,"practice",1,NA,NA,"is purple",NA,NA,"is green","n",-1.5,NA
"1146","1prime","us","adults","does that mean...?","cb2","R_aXocal1VNKnKDLT",NA,NA,NA,NA,NA,NA,NA,NA,NA,NA,"1",NA,3,"practice",2,NA,NA,"is walking around",NA,NA,"has legs","y",1.5,NA
"1147","1prime","us","adults","does that mean...?","cb2","R_aXocal1VNKnKDLT",NA,NA,NA,NA,NA,NA,NA,NA,NA,NA,"1",NA,3,"practice",3,NA,NA,"is made out of paper",NA,NA,"might rip sometime","y",0.5,NA
"1148","1prime","us","adults","does that mean...?","cb2","R_aXocal1VNKnKDLT",NA,NA,NA,NA,NA,NA,NA,NA,NA,NA,"1",NA,3,"test",4,"aff","valence","feels sad ","per","vision","can see what the box looks like","y",0.5,NA
"1149","1prime","us","adults","does that mean...?","cb2","R_aXocal1VNKnKDLT",NA,NA,NA,NA,NA,NA,NA,NA,NA,NA,"1",NA,3,"test",5,"per","hearing","can hear what's going on around it","phy","glass_clay","is made out of glass","n",-1.5,NA
"1150","1prime","us","adults","does that mean...?","cb2","R_aXocal1VNKnKDLT",NA,NA,NA,NA,NA,NA,NA,NA,NA,NA,"1",NA,3,"test",6,"phy","metal_plastic","is made out of plastic","aff","arousal","can feel calm ","n",-1.5,NA
"1151","1prime","us","adults","does that mean...?","cb2","R_aXocal1VNKnKDLT",NA,NA,NA,NA,NA,NA,NA,NA,NA,NA,"1",NA,3,"test",7,"aut","noise","is making noises all by itself","aut","movement","can move itself around the box","y",0.5,NA
"1152","1prime","us","adults","does that mean...?","cb2","R_aXocal1VNKnKDLT",NA,NA,NA,NA,NA,NA,NA,NA,NA,NA,"1",NA,3,"test",8,"aff","arousal","is feeling excited","phy","metal_plastic","is made out of metal","n",-1.5,NA
"1153","1prime","us","adults","does that mean...?","cb2","R_aXocal1VNKnKDLT",NA,NA,NA,NA,NA,NA,NA,NA,NA,NA,"1",NA,3,"test",9,"per","vision","can see me","per","hearing","can hear me","y",0.5,NA
"1154","1prime","us","adults","does that mean...?","cb2","R_aXocal1VNKnKDLT",NA,NA,NA,NA,NA,NA,NA,NA,NA,NA,"1",NA,3,"test",10,"phy","glass_clay","is made out of clay","aut","noise","can make sounds on its own","n",-0.5,NA
"1155","1prime","us","adults","does that mean...?","cb2","R_aXocal1VNKnKDLT",NA,NA,NA,NA,NA,NA,NA,NA,NA,NA,"1",NA,3,"test",11,"aut","movement","is moving itself from one side of the box to the other","aff","valence","can feel happy ","y",0.5,NA
"1156","1prime","us","adults","does that mean...?","cb2","R_d0cSEb005GfZEeF",NA,NA,NA,NA,NA,NA,NA,NA,NA,NA,"1",NA,3,"practice",1,NA,NA,"is purple",NA,NA,"is green","n",-0.5,NA
"1157","1prime","us","adults","does that mean...?","cb2","R_d0cSEb005GfZEeF",NA,NA,NA,NA,NA,NA,NA,NA,NA,NA,"1",NA,3,"practice",2,NA,NA,"is walking around",NA,NA,"has legs","y",0.5,NA
"1158","1prime","us","adults","does that mean...?","cb2","R_d0cSEb005GfZEeF",NA,NA,NA,NA,NA,NA,NA,NA,NA,NA,"1",NA,3,"practice",3,NA,NA,"is made out of paper",NA,NA,"might rip sometime","y",0.5,NA
"1159","1prime","us","adults","does that mean...?","cb2","R_d0cSEb005GfZEeF",NA,NA,NA,NA,NA,NA,NA,NA,NA,NA,"1",NA,3,"test",4,"aff","valence","feels sad ","per","vision","can see what the box looks like","y",0.5,NA
"1160","1prime","us","adults","does that mean...?","cb2","R_d0cSEb005GfZEeF",NA,NA,NA,NA,NA,NA,NA,NA,NA,NA,"1",NA,3,"test",5,"per","hearing","can hear what's going on around it","phy","glass_clay","is made out of glass","n",-0.5,NA
"1161","1prime","us","adults","does that mean...?","cb2","R_d0cSEb005GfZEeF",NA,NA,NA,NA,NA,NA,NA,NA,NA,NA,"1",NA,3,"test",6,"phy","metal_plastic","is made out of plastic","aff","arousal","can feel calm ","y",0.5,NA
"1162","1prime","us","adults","does that mean...?","cb2","R_d0cSEb005GfZEeF",NA,NA,NA,NA,NA,NA,NA,NA,NA,NA,"1",NA,3,"test",7,"aut","noise","is making noises all by itself","aut","movement","can move itself around the box","y",0.5,NA
"1163","1prime","us","adults","does that mean...?","cb2","R_d0cSEb005GfZEeF",NA,NA,NA,NA,NA,NA,NA,NA,NA,NA,"1",NA,3,"test",8,"aff","arousal","is feeling excited","phy","metal_plastic","is made out of metal","y",0.5,NA
"1164","1prime","us","adults","does that mean...?","cb2","R_d0cSEb005GfZEeF",NA,NA,NA,NA,NA,NA,NA,NA,NA,NA,"1",NA,3,"test",9,"per","vision","can see me","per","hearing","can hear me","n",-0.5,NA
"1165","1prime","us","adults","does that mean...?","cb2","R_d0cSEb005GfZEeF",NA,NA,NA,NA,NA,NA,NA,NA,NA,NA,"1",NA,3,"test",10,"phy","glass_clay","is made out of clay","aut","noise","can make sounds on its own","y",0.5,NA
"1166","1prime","us","adults","does that mean...?","cb2","R_d0cSEb005GfZEeF",NA,NA,NA,NA,NA,NA,NA,NA,NA,NA,"1",NA,3,"test",11,"aut","movement","is moving itself from one side of the box to the other","aff","valence","can feel happy ","y",0.5,NA
"1167","1prime","us","adults","does that mean...?","cb2","R_eQJupgPB9DpGfbL",NA,NA,NA,NA,NA,NA,NA,NA,NA,NA,"1",NA,3,"practice",1,NA,NA,"is purple",NA,NA,"is green","n",-1.5,NA
"1168","1prime","us","adults","does that mean...?","cb2","R_eQJupgPB9DpGfbL",NA,NA,NA,NA,NA,NA,NA,NA,NA,NA,"1",NA,3,"practice",2,NA,NA,"is walking around",NA,NA,"has legs","y",1.5,NA
"1169","1prime","us","adults","does that mean...?","cb2","R_eQJupgPB9DpGfbL",NA,NA,NA,NA,NA,NA,NA,NA,NA,NA,"1",NA,3,"practice",3,NA,NA,"is made out of paper",NA,NA,"might rip sometime","y",0.5,NA
"1170","1prime","us","adults","does that mean...?","cb2","R_eQJupgPB9DpGfbL",NA,NA,NA,NA,NA,NA,NA,NA,NA,NA,"1",NA,3,"test",4,"aff","valence","feels sad ","per","vision","can see what the box looks like","n",-0.5,NA
"1171","1prime","us","adults","does that mean...?","cb2","R_eQJupgPB9DpGfbL",NA,NA,NA,NA,NA,NA,NA,NA,NA,NA,"1",NA,3,"test",5,"per","hearing","can hear what's going on around it","phy","glass_clay","is made out of glass","n",-0.5,NA
"1172","1prime","us","adults","does that mean...?","cb2","R_eQJupgPB9DpGfbL",NA,NA,NA,NA,NA,NA,NA,NA,NA,NA,"1",NA,3,"test",6,"phy","metal_plastic","is made out of plastic","aff","arousal","can feel calm ","n",-1.5,NA
"1173","1prime","us","adults","does that mean...?","cb2","R_eQJupgPB9DpGfbL",NA,NA,NA,NA,NA,NA,NA,NA,NA,NA,"1",NA,3,"test",7,"aut","noise","is making noises all by itself","aut","movement","can move itself around the box","y",0.5,NA
"1174","1prime","us","adults","does that mean...?","cb2","R_eQJupgPB9DpGfbL",NA,NA,NA,NA,NA,NA,NA,NA,NA,NA,"1",NA,3,"test",8,"aff","arousal","is feeling excited","phy","metal_plastic","is made out of metal","n",-0.5,NA
"1175","1prime","us","adults","does that mean...?","cb2","R_eQJupgPB9DpGfbL",NA,NA,NA,NA,NA,NA,NA,NA,NA,NA,"1",NA,3,"test",9,"per","vision","can see me","per","hearing","can hear me","y",0.5,NA
"1176","1prime","us","adults","does that mean...?","cb2","R_eQJupgPB9DpGfbL",NA,NA,NA,NA,NA,NA,NA,NA,NA,NA,"1",NA,3,"test",10,"phy","glass_clay","is made out of clay","aut","noise","can make sounds on its own","n",-1.5,NA
"1177","1prime","us","adults","does that mean...?","cb2","R_eQJupgPB9DpGfbL",NA,NA,NA,NA,NA,NA,NA,NA,NA,NA,"1",NA,3,"test",11,"aut","movement","is moving itself from one side of the box to the other","aff","valence","can feel happy ","y",0.5,NA
"1178","1prime","us","adults","does that mean...?","cb2","R_1AhwisvTNElTEy1",NA,NA,NA,NA,NA,NA,NA,NA,NA,NA,"1",NA,4,"practice",1,NA,NA,"is purple",NA,NA,"is green","n",-1.5,NA
"1179","1prime","us","adults","does that mean...?","cb2","R_1AhwisvTNElTEy1",NA,NA,NA,NA,NA,NA,NA,NA,NA,NA,"1",NA,4,"practice",2,NA,NA,"is walking around",NA,NA,"has legs","n",-1.5,NA
"1180","1prime","us","adults","does that mean...?","cb2","R_1AhwisvTNElTEy1",NA,NA,NA,NA,NA,NA,NA,NA,NA,NA,"1",NA,4,"practice",3,NA,NA,"is made out of paper",NA,NA,"might rip sometime","y",1.5,NA
"1181","1prime","us","adults","does that mean...?","cb2","R_1AhwisvTNElTEy1",NA,NA,NA,NA,NA,NA,NA,NA,NA,NA,"1",NA,4,"test",4,"aut","noise","is making noises all by itself","aff","arousal","can feel excited ","y",0.5,NA
"1182","1prime","us","adults","does that mean...?","cb2","R_1AhwisvTNElTEy1",NA,NA,NA,NA,NA,NA,NA,NA,NA,NA,"1",NA,4,"test",5,"phy","metal_plastic","is made out of metal","aut","movement","can move itself from one side of the box to the other","n",-1.5,NA
"1183","1prime","us","adults","does that mean...?","cb2","R_1AhwisvTNElTEy1",NA,NA,NA,NA,NA,NA,NA,NA,NA,NA,"1",NA,4,"test",6,"per","vision","can see what the box looks like","per","hearing","can hear what's going on around it","n",-0.5,NA
"1184","1prime","us","adults","does that mean...?","cb2","R_1AhwisvTNElTEy1",NA,NA,NA,NA,NA,NA,NA,NA,NA,NA,"1",NA,4,"test",7,"aff","arousal","is feeling calm ","phy","glass_clay","is made out of clay","n",-1.5,NA
"1185","1prime","us","adults","does that mean...?","cb2","R_1AhwisvTNElTEy1",NA,NA,NA,NA,NA,NA,NA,NA,NA,NA,"1",NA,4,"test",8,"aut","movement","is moving itself around the box","aut","noise","can make sounds on its own","n",-0.5,NA
"1186","1prime","us","adults","does that mean...?","cb2","R_1AhwisvTNElTEy1",NA,NA,NA,NA,NA,NA,NA,NA,NA,NA,"1",NA,4,"test",9,"phy","glass_clay","is made out of glass","aff","valence","can feel sad ","n",-1.5,NA
"1187","1prime","us","adults","does that mean...?","cb2","R_1AhwisvTNElTEy1",NA,NA,NA,NA,NA,NA,NA,NA,NA,NA,"1",NA,4,"test",10,"per","hearing","can hear me","phy","metal_plastic","is made out of plastic","n",-1.5,NA
"1188","1prime","us","adults","does that mean...?","cb2","R_1AhwisvTNElTEy1",NA,NA,NA,NA,NA,NA,NA,NA,NA,NA,"1",NA,4,"test",11,"aff","valence","feels happy ","per","vision","can see me","n",-1.5,NA
"1189","1prime","us","adults","does that mean...?","cb2","R_2n1rYDvMphbkVcV",NA,NA,NA,NA,NA,NA,NA,NA,NA,NA,"1",NA,4,"practice",1,NA,NA,"is purple",NA,NA,"is green","n",-1.5,NA
"1190","1prime","us","adults","does that mean...?","cb2","R_2n1rYDvMphbkVcV",NA,NA,NA,NA,NA,NA,NA,NA,NA,NA,"1",NA,4,"practice",2,NA,NA,"is walking around",NA,NA,"has legs","y",1.5,NA
"1191","1prime","us","adults","does that mean...?","cb2","R_2n1rYDvMphbkVcV",NA,NA,NA,NA,NA,NA,NA,NA,NA,NA,"1",NA,4,"practice",3,NA,NA,"is made out of paper",NA,NA,"might rip sometime","y",0.5,NA
"1192","1prime","us","adults","does that mean...?","cb2","R_2n1rYDvMphbkVcV",NA,NA,NA,NA,NA,NA,NA,NA,NA,NA,"1",NA,4,"test",4,"aut","noise","is making noises all by itself","aff","arousal","can feel excited ","y",0.5,NA
"1193","1prime","us","adults","does that mean...?","cb2","R_2n1rYDvMphbkVcV",NA,NA,NA,NA,NA,NA,NA,NA,NA,NA,"1",NA,4,"test",5,"phy","metal_plastic","is made out of metal","aut","movement","can move itself from one side of the box to the other","y",0.5,NA
"1194","1prime","us","adults","does that mean...?","cb2","R_2n1rYDvMphbkVcV",NA,NA,NA,NA,NA,NA,NA,NA,NA,NA,"1",NA,4,"test",6,"per","vision","can see what the box looks like","per","hearing","can hear what's going on around it","y",0.5,NA
"1195","1prime","us","adults","does that mean...?","cb2","R_2n1rYDvMphbkVcV",NA,NA,NA,NA,NA,NA,NA,NA,NA,NA,"1",NA,4,"test",7,"aff","arousal","is feeling calm ","phy","glass_clay","is made out of clay","n",-1.5,NA
"1196","1prime","us","adults","does that mean...?","cb2","R_2n1rYDvMphbkVcV",NA,NA,NA,NA,NA,NA,NA,NA,NA,NA,"1",NA,4,"test",8,"aut","movement","is moving itself around the box","aut","noise","can make sounds on its own","y",0.5,NA
"1197","1prime","us","adults","does that mean...?","cb2","R_2n1rYDvMphbkVcV",NA,NA,NA,NA,NA,NA,NA,NA,NA,NA,"1",NA,4,"test",9,"phy","glass_clay","is made out of glass","aff","valence","can feel sad ","n",-1.5,NA
"1198","1prime","us","adults","does that mean...?","cb2","R_2n1rYDvMphbkVcV",NA,NA,NA,NA,NA,NA,NA,NA,NA,NA,"1",NA,4,"test",10,"per","hearing","can hear me","phy","metal_plastic","is made out of plastic","n",-1.5,NA
"1199","1prime","us","adults","does that mean...?","cb2","R_2n1rYDvMphbkVcV",NA,NA,NA,NA,NA,NA,NA,NA,NA,NA,"1",NA,4,"test",11,"aff","valence","feels happy ","per","vision","can see me","y",0.5,NA
"1200","1prime","us","adults","does that mean...?","cb2","R_3JAxbm50CQnVCJf",NA,NA,NA,NA,NA,NA,NA,NA,NA,NA,"1",NA,4,"practice",1,NA,NA,"is purple",NA,NA,"is green","n",-1.5,NA
"1201","1prime","us","adults","does that mean...?","cb2","R_3JAxbm50CQnVCJf",NA,NA,NA,NA,NA,NA,NA,NA,NA,NA,"1",NA,4,"practice",2,NA,NA,"is walking around",NA,NA,"has legs","n",-1.5,NA
"1202","1prime","us","adults","does that mean...?","cb2","R_3JAxbm50CQnVCJf",NA,NA,NA,NA,NA,NA,NA,NA,NA,NA,"1",NA,4,"practice",3,NA,NA,"is made out of paper",NA,NA,"might rip sometime","n",-0.5,NA
"1203","1prime","us","adults","does that mean...?","cb2","R_3JAxbm50CQnVCJf",NA,NA,NA,NA,NA,NA,NA,NA,NA,NA,"1",NA,4,"test",4,"aut","noise","is making noises all by itself","aff","arousal","can feel excited ","n",-1.5,NA
"1204","1prime","us","adults","does that mean...?","cb2","R_3JAxbm50CQnVCJf",NA,NA,NA,NA,NA,NA,NA,NA,NA,NA,"1",NA,4,"test",5,"phy","metal_plastic","is made out of metal","aut","movement","can move itself from one side of the box to the other","n",-0.5,NA
"1205","1prime","us","adults","does that mean...?","cb2","R_3JAxbm50CQnVCJf",NA,NA,NA,NA,NA,NA,NA,NA,NA,NA,"1",NA,4,"test",6,"per","vision","can see what the box looks like","per","hearing","can hear what's going on around it","y",1.5,NA
"1206","1prime","us","adults","does that mean...?","cb2","R_3JAxbm50CQnVCJf",NA,NA,NA,NA,NA,NA,NA,NA,NA,NA,"1",NA,4,"test",7,"aff","arousal","is feeling calm ","phy","glass_clay","is made out of clay","y",0.5,NA
"1207","1prime","us","adults","does that mean...?","cb2","R_3JAxbm50CQnVCJf",NA,NA,NA,NA,NA,NA,NA,NA,NA,NA,"1",NA,4,"test",8,"aut","movement","is moving itself around the box","aut","noise","can make sounds on its own","y",0.5,NA
"1208","1prime","us","adults","does that mean...?","cb2","R_3JAxbm50CQnVCJf",NA,NA,NA,NA,NA,NA,NA,NA,NA,NA,"1",NA,4,"test",9,"phy","glass_clay","is made out of glass","aff","valence","can feel sad ","n",-0.5,NA
"1209","1prime","us","adults","does that mean...?","cb2","R_3JAxbm50CQnVCJf",NA,NA,NA,NA,NA,NA,NA,NA,NA,NA,"1",NA,4,"test",10,"per","hearing","can hear me","phy","metal_plastic","is made out of plastic","n",-1.5,NA
"1210","1prime","us","adults","does that mean...?","cb2","R_3JAxbm50CQnVCJf",NA,NA,NA,NA,NA,NA,NA,NA,NA,NA,"1",NA,4,"test",11,"aff","valence","feels happy ","per","vision","can see me","n",-1.5,NA
"1211","1prime","us","adults","does that mean...?","cb2","R_5bB05KkpE5gFllP",NA,NA,NA,NA,NA,NA,NA,NA,NA,NA,"1",NA,4,"practice",1,NA,NA,"is purple",NA,NA,"is green","n",-1.5,NA
"1212","1prime","us","adults","does that mean...?","cb2","R_5bB05KkpE5gFllP",NA,NA,NA,NA,NA,NA,NA,NA,NA,NA,"1",NA,4,"practice",2,NA,NA,"is walking around",NA,NA,"has legs","y",1.5,NA
"1213","1prime","us","adults","does that mean...?","cb2","R_5bB05KkpE5gFllP",NA,NA,NA,NA,NA,NA,NA,NA,NA,NA,"1",NA,4,"practice",3,NA,NA,"is made out of paper",NA,NA,"might rip sometime","y",1.5,NA
"1214","1prime","us","adults","does that mean...?","cb2","R_5bB05KkpE5gFllP",NA,NA,NA,NA,NA,NA,NA,NA,NA,NA,"1",NA,4,"test",4,"aut","noise","is making noises all by itself","aff","arousal","can feel excited ","y",0.5,NA
"1215","1prime","us","adults","does that mean...?","cb2","R_5bB05KkpE5gFllP",NA,NA,NA,NA,NA,NA,NA,NA,NA,NA,"1",NA,4,"test",5,"phy","metal_plastic","is made out of metal","aut","movement","can move itself from one side of the box to the other","n",-1.5,NA
"1216","1prime","us","adults","does that mean...?","cb2","R_5bB05KkpE5gFllP",NA,NA,NA,NA,NA,NA,NA,NA,NA,NA,"1",NA,4,"test",6,"per","vision","can see what the box looks like","per","hearing","can hear what's going on around it","y",0.5,NA
"1217","1prime","us","adults","does that mean...?","cb2","R_5bB05KkpE5gFllP",NA,NA,NA,NA,NA,NA,NA,NA,NA,NA,"1",NA,4,"test",7,"aff","arousal","is feeling calm ","phy","glass_clay","is made out of clay","n",-0.5,NA
"1218","1prime","us","adults","does that mean...?","cb2","R_5bB05KkpE5gFllP",NA,NA,NA,NA,NA,NA,NA,NA,NA,NA,"1",NA,4,"test",8,"aut","movement","is moving itself around the box","aut","noise","can make sounds on its own","y",0.5,NA
"1219","1prime","us","adults","does that mean...?","cb2","R_5bB05KkpE5gFllP",NA,NA,NA,NA,NA,NA,NA,NA,NA,NA,"1",NA,4,"test",9,"phy","glass_clay","is made out of glass","aff","valence","can feel sad ","n",-1.5,NA
"1220","1prime","us","adults","does that mean...?","cb2","R_5bB05KkpE5gFllP",NA,NA,NA,NA,NA,NA,NA,NA,NA,NA,"1",NA,4,"test",10,"per","hearing","can hear me","phy","metal_plastic","is made out of plastic","n",-0.5,NA
"1221","1prime","us","adults","does that mean...?","cb2","R_5bB05KkpE5gFllP",NA,NA,NA,NA,NA,NA,NA,NA,NA,NA,"1",NA,4,"test",11,"aff","valence","feels happy ","per","vision","can see me","y",0.5,NA
"1222","1prime","us","adults","does that mean...?","cb2","R_7UNB3Kbls7gvqFT",NA,NA,NA,NA,NA,NA,NA,NA,NA,NA,"1",NA,4,"practice",1,NA,NA,"is purple",NA,NA,"is green","n",-1.5,NA
"1223","1prime","us","adults","does that mean...?","cb2","R_7UNB3Kbls7gvqFT",NA,NA,NA,NA,NA,NA,NA,NA,NA,NA,"1",NA,4,"practice",2,NA,NA,"is walking around",NA,NA,"has legs","y",1.5,NA
"1224","1prime","us","adults","does that mean...?","cb2","R_7UNB3Kbls7gvqFT",NA,NA,NA,NA,NA,NA,NA,NA,NA,NA,"1",NA,4,"practice",3,NA,NA,"is made out of paper",NA,NA,"might rip sometime","y",0.5,NA
"1225","1prime","us","adults","does that mean...?","cb2","R_7UNB3Kbls7gvqFT",NA,NA,NA,NA,NA,NA,NA,NA,NA,NA,"1",NA,4,"test",4,"aut","noise","is making noises all by itself","aff","arousal","can feel excited ","y",0.5,NA
"1226","1prime","us","adults","does that mean...?","cb2","R_7UNB3Kbls7gvqFT",NA,NA,NA,NA,NA,NA,NA,NA,NA,NA,"1",NA,4,"test",5,"phy","metal_plastic","is made out of metal","aut","movement","can move itself from one side of the box to the other","n",-0.5,NA
"1227","1prime","us","adults","does that mean...?","cb2","R_7UNB3Kbls7gvqFT",NA,NA,NA,NA,NA,NA,NA,NA,NA,NA,"1",NA,4,"test",6,"per","vision","can see what the box looks like","per","hearing","can hear what's going on around it","n",-0.5,NA
"1228","1prime","us","adults","does that mean...?","cb2","R_7UNB3Kbls7gvqFT",NA,NA,NA,NA,NA,NA,NA,NA,NA,NA,"1",NA,4,"test",7,"aff","arousal","is feeling calm ","phy","glass_clay","is made out of clay","n",-0.5,NA
"1229","1prime","us","adults","does that mean...?","cb2","R_7UNB3Kbls7gvqFT",NA,NA,NA,NA,NA,NA,NA,NA,NA,NA,"1",NA,4,"test",8,"aut","movement","is moving itself around the box","aut","noise","can make sounds on its own","y",0.5,NA
"1230","1prime","us","adults","does that mean...?","cb2","R_7UNB3Kbls7gvqFT",NA,NA,NA,NA,NA,NA,NA,NA,NA,NA,"1",NA,4,"test",9,"phy","glass_clay","is made out of glass","aff","valence","can feel sad ","n",-0.5,NA
"1231","1prime","us","adults","does that mean...?","cb2","R_7UNB3Kbls7gvqFT",NA,NA,NA,NA,NA,NA,NA,NA,NA,NA,"1",NA,4,"test",10,"per","hearing","can hear me","phy","metal_plastic","is made out of plastic","n",-1.5,NA
"1232","1prime","us","adults","does that mean...?","cb2","R_7UNB3Kbls7gvqFT",NA,NA,NA,NA,NA,NA,NA,NA,NA,NA,"1",NA,4,"test",11,"aff","valence","feels happy ","per","vision","can see me","y",1.5,NA
"1233","1prime","us","adults","does that mean...?","cb2","R_9H57FZ4kJJxzBkN",NA,NA,NA,NA,NA,NA,NA,NA,NA,NA,"1",NA,4,"practice",1,NA,NA,"is purple",NA,NA,"is green","n",-1.5,NA
"1234","1prime","us","adults","does that mean...?","cb2","R_9H57FZ4kJJxzBkN",NA,NA,NA,NA,NA,NA,NA,NA,NA,NA,"1",NA,4,"practice",2,NA,NA,"is walking around",NA,NA,"has legs","y",1.5,NA
"1235","1prime","us","adults","does that mean...?","cb2","R_9H57FZ4kJJxzBkN",NA,NA,NA,NA,NA,NA,NA,NA,NA,NA,"1",NA,4,"practice",3,NA,NA,"is made out of paper",NA,NA,"might rip sometime","y",1.5,NA
"1236","1prime","us","adults","does that mean...?","cb2","R_9H57FZ4kJJxzBkN",NA,NA,NA,NA,NA,NA,NA,NA,NA,NA,"1",NA,4,"test",4,"aut","noise","is making noises all by itself","aff","arousal","can feel excited ","y",0.5,NA
"1237","1prime","us","adults","does that mean...?","cb2","R_9H57FZ4kJJxzBkN",NA,NA,NA,NA,NA,NA,NA,NA,NA,NA,"1",NA,4,"test",5,"phy","metal_plastic","is made out of metal","aut","movement","can move itself from one side of the box to the other","n",-0.5,NA
"1238","1prime","us","adults","does that mean...?","cb2","R_9H57FZ4kJJxzBkN",NA,NA,NA,NA,NA,NA,NA,NA,NA,NA,"1",NA,4,"test",6,"per","vision","can see what the box looks like","per","hearing","can hear what's going on around it","y",0.5,NA
"1239","1prime","us","adults","does that mean...?","cb2","R_9H57FZ4kJJxzBkN",NA,NA,NA,NA,NA,NA,NA,NA,NA,NA,"1",NA,4,"test",7,"aff","arousal","is feeling calm ","phy","glass_clay","is made out of clay","n",-0.5,NA
"1240","1prime","us","adults","does that mean...?","cb2","R_9H57FZ4kJJxzBkN",NA,NA,NA,NA,NA,NA,NA,NA,NA,NA,"1",NA,4,"test",8,"aut","movement","is moving itself around the box","aut","noise","can make sounds on its own","n",-0.5,NA
"1241","1prime","us","adults","does that mean...?","cb2","R_9H57FZ4kJJxzBkN",NA,NA,NA,NA,NA,NA,NA,NA,NA,NA,"1",NA,4,"test",9,"phy","glass_clay","is made out of glass","aff","valence","can feel sad ","n",-1.5,NA
"1242","1prime","us","adults","does that mean...?","cb2","R_9H57FZ4kJJxzBkN",NA,NA,NA,NA,NA,NA,NA,NA,NA,NA,"1",NA,4,"test",10,"per","hearing","can hear me","phy","metal_plastic","is made out of plastic","n",-1.5,NA
"1243","1prime","us","adults","does that mean...?","cb2","R_9H57FZ4kJJxzBkN",NA,NA,NA,NA,NA,NA,NA,NA,NA,NA,"1",NA,4,"test",11,"aff","valence","feels happy ","per","vision","can see me","n",-0.5,NA
"1244","1prime","us","adults","does that mean...?","cb2","R_bjsWmU1KQWXfN1X",NA,NA,NA,NA,NA,NA,NA,NA,NA,NA,"1",NA,4,"practice",1,NA,NA,"is purple",NA,NA,"is green","n",-1.5,NA
"1245","1prime","us","adults","does that mean...?","cb2","R_bjsWmU1KQWXfN1X",NA,NA,NA,NA,NA,NA,NA,NA,NA,NA,"1",NA,4,"practice",2,NA,NA,"is walking around",NA,NA,"has legs","y",1.5,NA
"1246","1prime","us","adults","does that mean...?","cb2","R_bjsWmU1KQWXfN1X",NA,NA,NA,NA,NA,NA,NA,NA,NA,NA,"1",NA,4,"practice",3,NA,NA,"is made out of paper",NA,NA,"might rip sometime","y",1.5,NA
"1247","1prime","us","adults","does that mean...?","cb2","R_bjsWmU1KQWXfN1X",NA,NA,NA,NA,NA,NA,NA,NA,NA,NA,"1",NA,4,"test",4,"aut","noise","is making noises all by itself","aff","arousal","can feel excited ","y",0.5,NA
"1248","1prime","us","adults","does that mean...?","cb2","R_bjsWmU1KQWXfN1X",NA,NA,NA,NA,NA,NA,NA,NA,NA,NA,"1",NA,4,"test",5,"phy","metal_plastic","is made out of metal","aut","movement","can move itself from one side of the box to the other","n",-1.5,NA
"1249","1prime","us","adults","does that mean...?","cb2","R_bjsWmU1KQWXfN1X",NA,NA,NA,NA,NA,NA,NA,NA,NA,NA,"1",NA,4,"test",6,"per","vision","can see what the box looks like","per","hearing","can hear what's going on around it","y",1.5,NA
"1250","1prime","us","adults","does that mean...?","cb2","R_bjsWmU1KQWXfN1X",NA,NA,NA,NA,NA,NA,NA,NA,NA,NA,"1",NA,4,"test",7,"aff","arousal","is feeling calm ","phy","glass_clay","is made out of clay","n",-1.5,NA
"1251","1prime","us","adults","does that mean...?","cb2","R_bjsWmU1KQWXfN1X",NA,NA,NA,NA,NA,NA,NA,NA,NA,NA,"1",NA,4,"test",8,"aut","movement","is moving itself around the box","aut","noise","can make sounds on its own","y",0.5,NA
"1252","1prime","us","adults","does that mean...?","cb2","R_bjsWmU1KQWXfN1X",NA,NA,NA,NA,NA,NA,NA,NA,NA,NA,"1",NA,4,"test",9,"phy","glass_clay","is made out of glass","aff","valence","can feel sad ","n",-1.5,NA
"1253","1prime","us","adults","does that mean...?","cb2","R_bjsWmU1KQWXfN1X",NA,NA,NA,NA,NA,NA,NA,NA,NA,NA,"1",NA,4,"test",10,"per","hearing","can hear me","phy","metal_plastic","is made out of plastic","n",-1.5,NA
"1254","1prime","us","adults","does that mean...?","cb2","R_bjsWmU1KQWXfN1X",NA,NA,NA,NA,NA,NA,NA,NA,NA,NA,"1",NA,4,"test",11,"aff","valence","feels happy ","per","vision","can see me","y",1.5,NA
"1255","1prime","us","adults","does that mean...?","cb2","R_cHfGVn8QlkSrIC9",NA,NA,NA,NA,NA,NA,NA,NA,NA,NA,"1",NA,4,"practice",1,NA,NA,"is purple",NA,NA,"is green","n",-1.5,NA
"1256","1prime","us","adults","does that mean...?","cb2","R_cHfGVn8QlkSrIC9",NA,NA,NA,NA,NA,NA,NA,NA,NA,NA,"1",NA,4,"practice",2,NA,NA,"is walking around",NA,NA,"has legs","y",1.5,NA
"1257","1prime","us","adults","does that mean...?","cb2","R_cHfGVn8QlkSrIC9",NA,NA,NA,NA,NA,NA,NA,NA,NA,NA,"1",NA,4,"practice",3,NA,NA,"is made out of paper",NA,NA,"might rip sometime","n",-0.5,NA
"1258","1prime","us","adults","does that mean...?","cb2","R_cHfGVn8QlkSrIC9",NA,NA,NA,NA,NA,NA,NA,NA,NA,NA,"1",NA,4,"test",4,"aut","noise","is making noises all by itself","aff","arousal","can feel excited ","n",-0.5,NA
"1259","1prime","us","adults","does that mean...?","cb2","R_cHfGVn8QlkSrIC9",NA,NA,NA,NA,NA,NA,NA,NA,NA,NA,"1",NA,4,"test",5,"phy","metal_plastic","is made out of metal","aut","movement","can move itself from one side of the box to the other","n",-0.5,NA
"1260","1prime","us","adults","does that mean...?","cb2","R_cHfGVn8QlkSrIC9",NA,NA,NA,NA,NA,NA,NA,NA,NA,NA,"1",NA,4,"test",6,"per","vision","can see what the box looks like","per","hearing","can hear what's going on around it","n",-0.5,NA
"1261","1prime","us","adults","does that mean...?","cb2","R_cHfGVn8QlkSrIC9",NA,NA,NA,NA,NA,NA,NA,NA,NA,NA,"1",NA,4,"test",7,"aff","arousal","is feeling calm ","phy","glass_clay","is made out of clay","n",-1.5,NA
"1262","1prime","us","adults","does that mean...?","cb2","R_cHfGVn8QlkSrIC9",NA,NA,NA,NA,NA,NA,NA,NA,NA,NA,"1",NA,4,"test",8,"aut","movement","is moving itself around the box","aut","noise","can make sounds on its own","n",-0.5,NA
"1263","1prime","us","adults","does that mean...?","cb2","R_cHfGVn8QlkSrIC9",NA,NA,NA,NA,NA,NA,NA,NA,NA,NA,"1",NA,4,"test",9,"phy","glass_clay","is made out of glass","aff","valence","can feel sad ","n",-1.5,NA
"1264","1prime","us","adults","does that mean...?","cb2","R_cHfGVn8QlkSrIC9",NA,NA,NA,NA,NA,NA,NA,NA,NA,NA,"1",NA,4,"test",10,"per","hearing","can hear me","phy","metal_plastic","is made out of plastic","n",-1.5,NA
"1265","1prime","us","adults","does that mean...?","cb2","R_cHfGVn8QlkSrIC9",NA,NA,NA,NA,NA,NA,NA,NA,NA,NA,"1",NA,4,"test",11,"aff","valence","feels happy ","per","vision","can see me","n",-0.5,NA
"1266","1prime","us","adults","does that mean...?","cb2","R_d6w6cW70Kqzyivb",NA,NA,NA,NA,NA,NA,NA,NA,NA,NA,"1",NA,4,"practice",1,NA,NA,"is purple",NA,NA,"is green","n",-1.5,NA
"1267","1prime","us","adults","does that mean...?","cb2","R_d6w6cW70Kqzyivb",NA,NA,NA,NA,NA,NA,NA,NA,NA,NA,"1",NA,4,"practice",2,NA,NA,"is walking around",NA,NA,"has legs","y",0.5,NA
"1268","1prime","us","adults","does that mean...?","cb2","R_d6w6cW70Kqzyivb",NA,NA,NA,NA,NA,NA,NA,NA,NA,NA,"1",NA,4,"practice",3,NA,NA,"is made out of paper",NA,NA,"might rip sometime","y",0.5,NA
"1269","1prime","us","adults","does that mean...?","cb2","R_d6w6cW70Kqzyivb",NA,NA,NA,NA,NA,NA,NA,NA,NA,NA,"1",NA,4,"test",4,"aut","noise","is making noises all by itself","aff","arousal","can feel excited ","y",0.5,NA
"1270","1prime","us","adults","does that mean...?","cb2","R_d6w6cW70Kqzyivb",NA,NA,NA,NA,NA,NA,NA,NA,NA,NA,"1",NA,4,"test",5,"phy","metal_plastic","is made out of metal","aut","movement","can move itself from one side of the box to the other","n",-0.5,NA
"1271","1prime","us","adults","does that mean...?","cb2","R_d6w6cW70Kqzyivb",NA,NA,NA,NA,NA,NA,NA,NA,NA,NA,"1",NA,4,"test",6,"per","vision","can see what the box looks like","per","hearing","can hear what's going on around it","n",-0.5,NA
"1272","1prime","us","adults","does that mean...?","cb2","R_d6w6cW70Kqzyivb",NA,NA,NA,NA,NA,NA,NA,NA,NA,NA,"1",NA,4,"test",7,"aff","arousal","is feeling calm ","phy","glass_clay","is made out of clay","y",0.5,NA
"1273","1prime","us","adults","does that mean...?","cb2","R_d6w6cW70Kqzyivb",NA,NA,NA,NA,NA,NA,NA,NA,NA,NA,"1",NA,4,"test",8,"aut","movement","is moving itself around the box","aut","noise","can make sounds on its own","y",0.5,NA
"1274","1prime","us","adults","does that mean...?","cb2","R_d6w6cW70Kqzyivb",NA,NA,NA,NA,NA,NA,NA,NA,NA,NA,"1",NA,4,"test",9,"phy","glass_clay","is made out of glass","aff","valence","can feel sad ","n",-0.5,NA
"1275","1prime","us","adults","does that mean...?","cb2","R_d6w6cW70Kqzyivb",NA,NA,NA,NA,NA,NA,NA,NA,NA,NA,"1",NA,4,"test",10,"per","hearing","can hear me","phy","metal_plastic","is made out of plastic","n",-0.5,NA
"1276","1prime","us","adults","does that mean...?","cb2","R_d6w6cW70Kqzyivb",NA,NA,NA,NA,NA,NA,NA,NA,NA,NA,"1",NA,4,"test",11,"aff","valence","feels happy ","per","vision","can see me","y",0.5,NA
"1277","1prime","us","adults","does that mean...?","cb2","R_0vbCZgqxW8wrC1T",NA,NA,NA,NA,NA,NA,NA,NA,NA,NA,"1",NA,5,"practice",1,NA,NA,"is purple",NA,NA,"is green","n",-1.5,NA
"1278","1prime","us","adults","does that mean...?","cb2","R_0vbCZgqxW8wrC1T",NA,NA,NA,NA,NA,NA,NA,NA,NA,NA,"1",NA,5,"practice",2,NA,NA,"is walking around",NA,NA,"has legs","y",0.5,NA
"1279","1prime","us","adults","does that mean...?","cb2","R_0vbCZgqxW8wrC1T",NA,NA,NA,NA,NA,NA,NA,NA,NA,NA,"1",NA,5,"practice",3,NA,NA,"is made out of paper",NA,NA,"might rip sometime","y",0.5,NA
"1280","1prime","us","adults","does that mean...?","cb2","R_0vbCZgqxW8wrC1T",NA,NA,NA,NA,NA,NA,NA,NA,NA,NA,"1",NA,5,"test",4,"phy","glass_clay","is made out of clay","per","vision","can see what the box looks like","n",-1.5,NA
"1281","1prime","us","adults","does that mean...?","cb2","R_0vbCZgqxW8wrC1T",NA,NA,NA,NA,NA,NA,NA,NA,NA,NA,"1",NA,5,"test",5,"aff","valence","feels sad ","aut","movement","can move itself from one side of the box to the other","y",0.5,NA
"1282","1prime","us","adults","does that mean...?","cb2","R_0vbCZgqxW8wrC1T",NA,NA,NA,NA,NA,NA,NA,NA,NA,NA,"1",NA,5,"test",6,"per","hearing","can hear me","aff","arousal","can feel excited ","y",0.5,NA
"1283","1prime","us","adults","does that mean...?","cb2","R_0vbCZgqxW8wrC1T",NA,NA,NA,NA,NA,NA,NA,NA,NA,NA,"1",NA,5,"test",7,"aut","noise","is making noises all by itself","phy","metal_plastic","is made out of metal","y",0.5,NA
"1284","1prime","us","adults","does that mean...?","cb2","R_0vbCZgqxW8wrC1T",NA,NA,NA,NA,NA,NA,NA,NA,NA,NA,"1",NA,5,"test",8,"aff","valence","feels happy ","aff","arousal","can feel calm ","y",0.5,NA
"1285","1prime","us","adults","does that mean...?","cb2","R_0vbCZgqxW8wrC1T",NA,NA,NA,NA,NA,NA,NA,NA,NA,NA,"1",NA,5,"test",9,"aut","movement","is moving itself around the box","per","hearing","can hear what's going on around it","y",0.5,NA
"1286","1prime","us","adults","does that mean...?","cb2","R_0vbCZgqxW8wrC1T",NA,NA,NA,NA,NA,NA,NA,NA,NA,NA,"1",NA,5,"test",10,"phy","metal_plastic","is made out of plastic","phy","glass_clay","is made out of glass","n",-0.5,NA
"1287","1prime","us","adults","does that mean...?","cb2","R_0vbCZgqxW8wrC1T",NA,NA,NA,NA,NA,NA,NA,NA,NA,NA,"1",NA,5,"test",11,"per","vision","can see me","aut","noise","can make sounds on its own","y",0.5,NA
"1288","1prime","us","adults","does that mean...?","cb2","R_3NOgW1qALnFWdKZ",NA,NA,NA,NA,NA,NA,NA,NA,NA,NA,"1",NA,5,"practice",1,NA,NA,"is purple",NA,NA,"is green","n",-1.5,NA
"1289","1prime","us","adults","does that mean...?","cb2","R_3NOgW1qALnFWdKZ",NA,NA,NA,NA,NA,NA,NA,NA,NA,NA,"1",NA,5,"practice",2,NA,NA,"is walking around",NA,NA,"has legs","y",1.5,NA
"1290","1prime","us","adults","does that mean...?","cb2","R_3NOgW1qALnFWdKZ",NA,NA,NA,NA,NA,NA,NA,NA,NA,NA,"1",NA,5,"practice",3,NA,NA,"is made out of paper",NA,NA,"might rip sometime","y",1.5,NA
"1291","1prime","us","adults","does that mean...?","cb2","R_3NOgW1qALnFWdKZ",NA,NA,NA,NA,NA,NA,NA,NA,NA,NA,"1",NA,5,"test",4,"phy","glass_clay","is made out of clay","per","vision","can see what the box looks like","n",-1.5,NA
"1292","1prime","us","adults","does that mean...?","cb2","R_3NOgW1qALnFWdKZ",NA,NA,NA,NA,NA,NA,NA,NA,NA,NA,"1",NA,5,"test",5,"aff","valence","feels sad ","aut","movement","can move itself from one side of the box to the other","y",0.5,NA
"1293","1prime","us","adults","does that mean...?","cb2","R_3NOgW1qALnFWdKZ",NA,NA,NA,NA,NA,NA,NA,NA,NA,NA,"1",NA,5,"test",6,"per","hearing","can hear me","aff","arousal","can feel excited ","y",0.5,NA
"1294","1prime","us","adults","does that mean...?","cb2","R_3NOgW1qALnFWdKZ",NA,NA,NA,NA,NA,NA,NA,NA,NA,NA,"1",NA,5,"test",7,"aut","noise","is making noises all by itself","phy","metal_plastic","is made out of metal","y",0.5,NA
"1295","1prime","us","adults","does that mean...?","cb2","R_3NOgW1qALnFWdKZ",NA,NA,NA,NA,NA,NA,NA,NA,NA,NA,"1",NA,5,"test",8,"aff","valence","feels happy ","aff","arousal","can feel calm ","y",1.5,NA
"1296","1prime","us","adults","does that mean...?","cb2","R_3NOgW1qALnFWdKZ",NA,NA,NA,NA,NA,NA,NA,NA,NA,NA,"1",NA,5,"test",9,"aut","movement","is moving itself around the box","per","hearing","can hear what's going on around it","y",0.5,NA
"1297","1prime","us","adults","does that mean...?","cb2","R_3NOgW1qALnFWdKZ",NA,NA,NA,NA,NA,NA,NA,NA,NA,NA,"1",NA,5,"test",10,"phy","metal_plastic","is made out of plastic","phy","glass_clay","is made out of glass","n",-1.5,NA
"1298","1prime","us","adults","does that mean...?","cb2","R_3NOgW1qALnFWdKZ",NA,NA,NA,NA,NA,NA,NA,NA,NA,NA,"1",NA,5,"test",11,"per","vision","can see me","aut","noise","can make sounds on its own","y",1.5,NA
"1299","1prime","us","adults","does that mean...?","cb2","R_3q3bliEshNJOkzb",NA,NA,NA,NA,NA,NA,NA,NA,NA,NA,"1",NA,5,"practice",1,NA,NA,"is purple",NA,NA,"is green","n",-1.5,NA
"1300","1prime","us","adults","does that mean...?","cb2","R_3q3bliEshNJOkzb",NA,NA,NA,NA,NA,NA,NA,NA,NA,NA,"1",NA,5,"practice",2,NA,NA,"is walking around",NA,NA,"has legs","y",1.5,NA
"1301","1prime","us","adults","does that mean...?","cb2","R_3q3bliEshNJOkzb",NA,NA,NA,NA,NA,NA,NA,NA,NA,NA,"1",NA,5,"practice",3,NA,NA,"is made out of paper",NA,NA,"might rip sometime","y",0.5,NA
"1302","1prime","us","adults","does that mean...?","cb2","R_3q3bliEshNJOkzb",NA,NA,NA,NA,NA,NA,NA,NA,NA,NA,"1",NA,5,"test",4,"phy","glass_clay","is made out of clay","per","vision","can see what the box looks like","n",-1.5,NA
"1303","1prime","us","adults","does that mean...?","cb2","R_3q3bliEshNJOkzb",NA,NA,NA,NA,NA,NA,NA,NA,NA,NA,"1",NA,5,"test",5,"aff","valence","feels sad ","aut","movement","can move itself from one side of the box to the other","y",0.5,NA
"1304","1prime","us","adults","does that mean...?","cb2","R_3q3bliEshNJOkzb",NA,NA,NA,NA,NA,NA,NA,NA,NA,NA,"1",NA,5,"test",6,"per","hearing","can hear me","aff","arousal","can feel excited ","y",0.5,NA
"1305","1prime","us","adults","does that mean...?","cb2","R_3q3bliEshNJOkzb",NA,NA,NA,NA,NA,NA,NA,NA,NA,NA,"1",NA,5,"test",7,"aut","noise","is making noises all by itself","phy","metal_plastic","is made out of metal","n",-1.5,NA
"1306","1prime","us","adults","does that mean...?","cb2","R_3q3bliEshNJOkzb",NA,NA,NA,NA,NA,NA,NA,NA,NA,NA,"1",NA,5,"test",8,"aff","valence","feels happy ","aff","arousal","can feel calm ","y",0.5,NA
"1307","1prime","us","adults","does that mean...?","cb2","R_3q3bliEshNJOkzb",NA,NA,NA,NA,NA,NA,NA,NA,NA,NA,"1",NA,5,"test",9,"aut","movement","is moving itself around the box","per","hearing","can hear what's going on around it","n",-0.5,NA
"1308","1prime","us","adults","does that mean...?","cb2","R_3q3bliEshNJOkzb",NA,NA,NA,NA,NA,NA,NA,NA,NA,NA,"1",NA,5,"test",10,"phy","metal_plastic","is made out of plastic","phy","glass_clay","is made out of glass","n",-1.5,NA
"1309","1prime","us","adults","does that mean...?","cb2","R_3q3bliEshNJOkzb",NA,NA,NA,NA,NA,NA,NA,NA,NA,NA,"1",NA,5,"test",11,"per","vision","can see me","aut","noise","can make sounds on its own","y",0.5,NA
"1310","1prime","us","adults","does that mean...?","cb2","R_3VmJuG4IlmZWFgN",NA,NA,NA,NA,NA,NA,NA,NA,NA,NA,"1",NA,5,"practice",1,NA,NA,"is purple",NA,NA,"is green","n",-1.5,NA
"1311","1prime","us","adults","does that mean...?","cb2","R_3VmJuG4IlmZWFgN",NA,NA,NA,NA,NA,NA,NA,NA,NA,NA,"1",NA,5,"practice",2,NA,NA,"is walking around",NA,NA,"has legs","y",1.5,NA
"1312","1prime","us","adults","does that mean...?","cb2","R_3VmJuG4IlmZWFgN",NA,NA,NA,NA,NA,NA,NA,NA,NA,NA,"1",NA,5,"practice",3,NA,NA,"is made out of paper",NA,NA,"might rip sometime","y",1.5,NA
"1313","1prime","us","adults","does that mean...?","cb2","R_3VmJuG4IlmZWFgN",NA,NA,NA,NA,NA,NA,NA,NA,NA,NA,"1",NA,5,"test",4,"phy","glass_clay","is made out of clay","per","vision","can see what the box looks like","y",1.5,NA
"1314","1prime","us","adults","does that mean...?","cb2","R_3VmJuG4IlmZWFgN",NA,NA,NA,NA,NA,NA,NA,NA,NA,NA,"1",NA,5,"test",5,"aff","valence","feels sad ","aut","movement","can move itself from one side of the box to the other","y",1.5,NA
"1315","1prime","us","adults","does that mean...?","cb2","R_3VmJuG4IlmZWFgN",NA,NA,NA,NA,NA,NA,NA,NA,NA,NA,"1",NA,5,"test",6,"per","hearing","can hear me","aff","arousal","can feel excited ","y",1.5,NA
"1316","1prime","us","adults","does that mean...?","cb2","R_3VmJuG4IlmZWFgN",NA,NA,NA,NA,NA,NA,NA,NA,NA,NA,"1",NA,5,"test",7,"aut","noise","is making noises all by itself","phy","metal_plastic","is made out of metal","y",0.5,NA
"1317","1prime","us","adults","does that mean...?","cb2","R_3VmJuG4IlmZWFgN",NA,NA,NA,NA,NA,NA,NA,NA,NA,NA,"1",NA,5,"test",8,"aff","valence","feels happy ","aff","arousal","can feel calm ","y",1.5,NA
"1318","1prime","us","adults","does that mean...?","cb2","R_3VmJuG4IlmZWFgN",NA,NA,NA,NA,NA,NA,NA,NA,NA,NA,"1",NA,5,"test",9,"aut","movement","is moving itself around the box","per","hearing","can hear what's going on around it","y",0.5,NA
"1319","1prime","us","adults","does that mean...?","cb2","R_3VmJuG4IlmZWFgN",NA,NA,NA,NA,NA,NA,NA,NA,NA,NA,"1",NA,5,"test",10,"phy","metal_plastic","is made out of plastic","phy","glass_clay","is made out of glass","n",-0.5,NA
"1320","1prime","us","adults","does that mean...?","cb2","R_3VmJuG4IlmZWFgN",NA,NA,NA,NA,NA,NA,NA,NA,NA,NA,"1",NA,5,"test",11,"per","vision","can see me","aut","noise","can make sounds on its own","y",0.5,NA
"1321","1prime","us","adults","does that mean...?","cb2","R_73QBzUOyF2RrytL",NA,NA,NA,NA,NA,NA,NA,NA,NA,NA,"1",NA,5,"practice",1,NA,NA,"is purple",NA,NA,"is green","n",-0.5,NA
"1322","1prime","us","adults","does that mean...?","cb2","R_73QBzUOyF2RrytL",NA,NA,NA,NA,NA,NA,NA,NA,NA,NA,"1",NA,5,"practice",2,NA,NA,"is walking around",NA,NA,"has legs","y",1.5,NA
"1323","1prime","us","adults","does that mean...?","cb2","R_73QBzUOyF2RrytL",NA,NA,NA,NA,NA,NA,NA,NA,NA,NA,"1",NA,5,"practice",3,NA,NA,"is made out of paper",NA,NA,"might rip sometime","y",0.5,NA
"1324","1prime","us","adults","does that mean...?","cb2","R_73QBzUOyF2RrytL",NA,NA,NA,NA,NA,NA,NA,NA,NA,NA,"1",NA,5,"test",4,"phy","glass_clay","is made out of clay","per","vision","can see what the box looks like","y",1.5,NA
"1325","1prime","us","adults","does that mean...?","cb2","R_73QBzUOyF2RrytL",NA,NA,NA,NA,NA,NA,NA,NA,NA,NA,"1",NA,5,"test",5,"aff","valence","feels sad ","aut","movement","can move itself from one side of the box to the other","n",-0.5,NA
"1326","1prime","us","adults","does that mean...?","cb2","R_73QBzUOyF2RrytL",NA,NA,NA,NA,NA,NA,NA,NA,NA,NA,"1",NA,5,"test",6,"per","hearing","can hear me","aff","arousal","can feel excited ","n",-0.5,NA
"1327","1prime","us","adults","does that mean...?","cb2","R_73QBzUOyF2RrytL",NA,NA,NA,NA,NA,NA,NA,NA,NA,NA,"1",NA,5,"test",7,"aut","noise","is making noises all by itself","phy","metal_plastic","is made out of metal","n",-1.5,NA
"1328","1prime","us","adults","does that mean...?","cb2","R_73QBzUOyF2RrytL",NA,NA,NA,NA,NA,NA,NA,NA,NA,NA,"1",NA,5,"test",8,"aff","valence","feels happy ","aff","arousal","can feel calm ","y",0.5,NA
"1329","1prime","us","adults","does that mean...?","cb2","R_73QBzUOyF2RrytL",NA,NA,NA,NA,NA,NA,NA,NA,NA,NA,"1",NA,5,"test",9,"aut","movement","is moving itself around the box","per","hearing","can hear what's going on around it","y",0.5,NA
"1330","1prime","us","adults","does that mean...?","cb2","R_73QBzUOyF2RrytL",NA,NA,NA,NA,NA,NA,NA,NA,NA,NA,"1",NA,5,"test",10,"phy","metal_plastic","is made out of plastic","phy","glass_clay","is made out of glass","n",-1.5,NA
"1331","1prime","us","adults","does that mean...?","cb2","R_73QBzUOyF2RrytL",NA,NA,NA,NA,NA,NA,NA,NA,NA,NA,"1",NA,5,"test",11,"per","vision","can see me","aut","noise","can make sounds on its own","y",0.5,NA
"1332","1prime","us","adults","does that mean...?","cb2","R_8J57dNNRNjD42TH",NA,NA,NA,NA,NA,NA,NA,NA,NA,NA,"1",NA,5,"practice",1,NA,NA,"is purple",NA,NA,"is green","n",-1.5,NA
"1333","1prime","us","adults","does that mean...?","cb2","R_8J57dNNRNjD42TH",NA,NA,NA,NA,NA,NA,NA,NA,NA,NA,"1",NA,5,"practice",2,NA,NA,"is walking around",NA,NA,"has legs","y",1.5,NA
"1334","1prime","us","adults","does that mean...?","cb2","R_8J57dNNRNjD42TH",NA,NA,NA,NA,NA,NA,NA,NA,NA,NA,"1",NA,5,"practice",3,NA,NA,"is made out of paper",NA,NA,"might rip sometime","y",0.5,NA
"1335","1prime","us","adults","does that mean...?","cb2","R_8J57dNNRNjD42TH",NA,NA,NA,NA,NA,NA,NA,NA,NA,NA,"1",NA,5,"test",4,"phy","glass_clay","is made out of clay","per","vision","can see what the box looks like","n",-1.5,NA
"1336","1prime","us","adults","does that mean...?","cb2","R_8J57dNNRNjD42TH",NA,NA,NA,NA,NA,NA,NA,NA,NA,NA,"1",NA,5,"test",5,"aff","valence","feels sad ","aut","movement","can move itself from one side of the box to the other","y",0.5,NA
"1337","1prime","us","adults","does that mean...?","cb2","R_8J57dNNRNjD42TH",NA,NA,NA,NA,NA,NA,NA,NA,NA,NA,"1",NA,5,"test",6,"per","hearing","can hear me","aff","arousal","can feel excited ","y",0.5,NA
"1338","1prime","us","adults","does that mean...?","cb2","R_8J57dNNRNjD42TH",NA,NA,NA,NA,NA,NA,NA,NA,NA,NA,"1",NA,5,"test",7,"aut","noise","is making noises all by itself","phy","metal_plastic","is made out of metal","y",0.5,NA
"1339","1prime","us","adults","does that mean...?","cb2","R_8J57dNNRNjD42TH",NA,NA,NA,NA,NA,NA,NA,NA,NA,NA,"1",NA,5,"test",8,"aff","valence","feels happy ","aff","arousal","can feel calm ","y",1.5,NA
"1340","1prime","us","adults","does that mean...?","cb2","R_8J57dNNRNjD42TH",NA,NA,NA,NA,NA,NA,NA,NA,NA,NA,"1",NA,5,"test",9,"aut","movement","is moving itself around the box","per","hearing","can hear what's going on around it","y",0.5,NA
"1341","1prime","us","adults","does that mean...?","cb2","R_8J57dNNRNjD42TH",NA,NA,NA,NA,NA,NA,NA,NA,NA,NA,"1",NA,5,"test",10,"phy","metal_plastic","is made out of plastic","phy","glass_clay","is made out of glass","n",-1.5,NA
"1342","1prime","us","adults","does that mean...?","cb2","R_8J57dNNRNjD42TH",NA,NA,NA,NA,NA,NA,NA,NA,NA,NA,"1",NA,5,"test",11,"per","vision","can see me","aut","noise","can make sounds on its own","y",0.5,NA
"1343","1prime","us","adults","does that mean...?","cb2","R_8uztj9hKCAVaCdT",NA,NA,NA,NA,NA,NA,NA,NA,NA,NA,"1",NA,5,"practice",1,NA,NA,"is purple",NA,NA,"is green","n",-1.5,NA
"1344","1prime","us","adults","does that mean...?","cb2","R_8uztj9hKCAVaCdT",NA,NA,NA,NA,NA,NA,NA,NA,NA,NA,"1",NA,5,"practice",2,NA,NA,"is walking around",NA,NA,"has legs","y",0.5,NA
"1345","1prime","us","adults","does that mean...?","cb2","R_8uztj9hKCAVaCdT",NA,NA,NA,NA,NA,NA,NA,NA,NA,NA,"1",NA,5,"practice",3,NA,NA,"is made out of paper",NA,NA,"might rip sometime","y",1.5,NA
"1346","1prime","us","adults","does that mean...?","cb2","R_8uztj9hKCAVaCdT",NA,NA,NA,NA,NA,NA,NA,NA,NA,NA,"1",NA,5,"test",4,"phy","glass_clay","is made out of clay","per","vision","can see what the box looks like","n",-1.5,NA
"1347","1prime","us","adults","does that mean...?","cb2","R_8uztj9hKCAVaCdT",NA,NA,NA,NA,NA,NA,NA,NA,NA,NA,"1",NA,5,"test",5,"aff","valence","feels sad ","aut","movement","can move itself from one side of the box to the other","y",0.5,NA
"1348","1prime","us","adults","does that mean...?","cb2","R_8uztj9hKCAVaCdT",NA,NA,NA,NA,NA,NA,NA,NA,NA,NA,"1",NA,5,"test",6,"per","hearing","can hear me","aff","arousal","can feel excited ","y",0.5,NA
"1349","1prime","us","adults","does that mean...?","cb2","R_8uztj9hKCAVaCdT",NA,NA,NA,NA,NA,NA,NA,NA,NA,NA,"1",NA,5,"test",7,"aut","noise","is making noises all by itself","phy","metal_plastic","is made out of metal","n",-1.5,NA
"1350","1prime","us","adults","does that mean...?","cb2","R_8uztj9hKCAVaCdT",NA,NA,NA,NA,NA,NA,NA,NA,NA,NA,"1",NA,5,"test",8,"aff","valence","feels happy ","aff","arousal","can feel calm ","y",1.5,NA
"1351","1prime","us","adults","does that mean...?","cb2","R_8uztj9hKCAVaCdT",NA,NA,NA,NA,NA,NA,NA,NA,NA,NA,"1",NA,5,"test",9,"aut","movement","is moving itself around the box","per","hearing","can hear what's going on around it","y",0.5,NA
"1352","1prime","us","adults","does that mean...?","cb2","R_8uztj9hKCAVaCdT",NA,NA,NA,NA,NA,NA,NA,NA,NA,NA,"1",NA,5,"test",10,"phy","metal_plastic","is made out of plastic","phy","glass_clay","is made out of glass","n",-1.5,NA
"1353","1prime","us","adults","does that mean...?","cb2","R_8uztj9hKCAVaCdT",NA,NA,NA,NA,NA,NA,NA,NA,NA,NA,"1",NA,5,"test",11,"per","vision","can see me","aut","noise","can make sounds on its own","y",0.5,NA
"1354","1prime","us","adults","does that mean...?","cb2","R_bBfYjB9D5umgLzv",NA,NA,NA,NA,NA,NA,NA,NA,NA,NA,"1",NA,5,"practice",1,NA,NA,"is purple",NA,NA,"is green","n",-1.5,NA
"1355","1prime","us","adults","does that mean...?","cb2","R_bBfYjB9D5umgLzv",NA,NA,NA,NA,NA,NA,NA,NA,NA,NA,"1",NA,5,"practice",2,NA,NA,"is walking around",NA,NA,"has legs","y",0.5,NA
"1356","1prime","us","adults","does that mean...?","cb2","R_bBfYjB9D5umgLzv",NA,NA,NA,NA,NA,NA,NA,NA,NA,NA,"1",NA,5,"practice",3,NA,NA,"is made out of paper",NA,NA,"might rip sometime","y",1.5,NA
"1357","1prime","us","adults","does that mean...?","cb2","R_bBfYjB9D5umgLzv",NA,NA,NA,NA,NA,NA,NA,NA,NA,NA,"1",NA,5,"test",4,"phy","glass_clay","is made out of clay","per","vision","can see what the box looks like","n",-1.5,NA
"1358","1prime","us","adults","does that mean...?","cb2","R_bBfYjB9D5umgLzv",NA,NA,NA,NA,NA,NA,NA,NA,NA,NA,"1",NA,5,"test",5,"aff","valence","feels sad ","aut","movement","can move itself from one side of the box to the other","y",0.5,NA
"1359","1prime","us","adults","does that mean...?","cb2","R_bBfYjB9D5umgLzv",NA,NA,NA,NA,NA,NA,NA,NA,NA,NA,"1",NA,5,"test",6,"per","hearing","can hear me","aff","arousal","can feel excited ","y",0.5,NA
"1360","1prime","us","adults","does that mean...?","cb2","R_bBfYjB9D5umgLzv",NA,NA,NA,NA,NA,NA,NA,NA,NA,NA,"1",NA,5,"test",7,"aut","noise","is making noises all by itself","phy","metal_plastic","is made out of metal","y",0.5,NA
"1361","1prime","us","adults","does that mean...?","cb2","R_bBfYjB9D5umgLzv",NA,NA,NA,NA,NA,NA,NA,NA,NA,NA,"1",NA,5,"test",8,"aff","valence","feels happy ","aff","arousal","can feel calm ","y",0.5,NA
"1362","1prime","us","adults","does that mean...?","cb2","R_bBfYjB9D5umgLzv",NA,NA,NA,NA,NA,NA,NA,NA,NA,NA,"1",NA,5,"test",9,"aut","movement","is moving itself around the box","per","hearing","can hear what's going on around it","y",0.5,NA
"1363","1prime","us","adults","does that mean...?","cb2","R_bBfYjB9D5umgLzv",NA,NA,NA,NA,NA,NA,NA,NA,NA,NA,"1",NA,5,"test",10,"phy","metal_plastic","is made out of plastic","phy","glass_clay","is made out of glass","n",-0.5,NA
"1364","1prime","us","adults","does that mean...?","cb2","R_bBfYjB9D5umgLzv",NA,NA,NA,NA,NA,NA,NA,NA,NA,NA,"1",NA,5,"test",11,"per","vision","can see me","aut","noise","can make sounds on its own","y",0.5,NA
"1365","1prime","us","adults","does that mean...?","cb2","R_bBM2X4xG92dkXgV",NA,NA,NA,NA,NA,NA,NA,NA,NA,NA,"1",NA,5,"practice",1,NA,NA,"is purple",NA,NA,"is green","y",0.5,NA
"1366","1prime","us","adults","does that mean...?","cb2","R_bBM2X4xG92dkXgV",NA,NA,NA,NA,NA,NA,NA,NA,NA,NA,"1",NA,5,"practice",2,NA,NA,"is walking around",NA,NA,"has legs","y",1.5,NA
"1367","1prime","us","adults","does that mean...?","cb2","R_bBM2X4xG92dkXgV",NA,NA,NA,NA,NA,NA,NA,NA,NA,NA,"1",NA,5,"practice",3,NA,NA,"is made out of paper",NA,NA,"might rip sometime","y",0.5,NA
"1368","1prime","us","adults","does that mean...?","cb2","R_bBM2X4xG92dkXgV",NA,NA,NA,NA,NA,NA,NA,NA,NA,NA,"1",NA,5,"test",4,"phy","glass_clay","is made out of clay","per","vision","can see what the box looks like","n",-0.5,NA
"1369","1prime","us","adults","does that mean...?","cb2","R_bBM2X4xG92dkXgV",NA,NA,NA,NA,NA,NA,NA,NA,NA,NA,"1",NA,5,"test",5,"aff","valence","feels sad ","aut","movement","can move itself from one side of the box to the other","y",0.5,NA
"1370","1prime","us","adults","does that mean...?","cb2","R_bBM2X4xG92dkXgV",NA,NA,NA,NA,NA,NA,NA,NA,NA,NA,"1",NA,5,"test",6,"per","hearing","can hear me","aff","arousal","can feel excited ","y",0.5,NA
"1371","1prime","us","adults","does that mean...?","cb2","R_bBM2X4xG92dkXgV",NA,NA,NA,NA,NA,NA,NA,NA,NA,NA,"1",NA,5,"test",7,"aut","noise","is making noises all by itself","phy","metal_plastic","is made out of metal","n",-0.5,NA
"1372","1prime","us","adults","does that mean...?","cb2","R_bBM2X4xG92dkXgV",NA,NA,NA,NA,NA,NA,NA,NA,NA,NA,"1",NA,5,"test",8,"aff","valence","feels happy ","aff","arousal","can feel calm ","y",0.5,NA
"1373","1prime","us","adults","does that mean...?","cb2","R_bBM2X4xG92dkXgV",NA,NA,NA,NA,NA,NA,NA,NA,NA,NA,"1",NA,5,"test",9,"aut","movement","is moving itself around the box","per","hearing","can hear what's going on around it","n",-0.5,NA
"1374","1prime","us","adults","does that mean...?","cb2","R_bBM2X4xG92dkXgV",NA,NA,NA,NA,NA,NA,NA,NA,NA,NA,"1",NA,5,"test",10,"phy","metal_plastic","is made out of plastic","phy","glass_clay","is made out of glass","n",-1.5,NA
"1375","1prime","us","adults","does that mean...?","cb2","R_bBM2X4xG92dkXgV",NA,NA,NA,NA,NA,NA,NA,NA,NA,NA,"1",NA,5,"test",11,"per","vision","can see me","aut","noise","can make sounds on its own","n",-0.5,NA
"1376","1prime","us","adults","does that mean...?","cb2","R_0wZitES3fjLgV01",NA,NA,NA,NA,NA,NA,NA,NA,NA,NA,"1",NA,6,"practice",1,NA,NA,"is purple",NA,NA,"is green","n",-1.5,NA
"1377","1prime","us","adults","does that mean...?","cb2","R_0wZitES3fjLgV01",NA,NA,NA,NA,NA,NA,NA,NA,NA,NA,"1",NA,6,"practice",2,NA,NA,"is walking around",NA,NA,"has legs","y",0.5,NA
"1378","1prime","us","adults","does that mean...?","cb2","R_0wZitES3fjLgV01",NA,NA,NA,NA,NA,NA,NA,NA,NA,NA,"1",NA,6,"practice",3,NA,NA,"is made out of paper",NA,NA,"might rip sometime","y",0.5,NA
"1379","1prime","us","adults","does that mean...?","cb2","R_0wZitES3fjLgV01",NA,NA,NA,NA,NA,NA,NA,NA,NA,NA,"1",NA,6,"test",4,"per","hearing","can hear what's going on around it","aut","movement","can move itself from one side of the box to the other","y",0.5,NA
"1380","1prime","us","adults","does that mean...?","cb2","R_0wZitES3fjLgV01",NA,NA,NA,NA,NA,NA,NA,NA,NA,NA,"1",NA,6,"test",5,"phy","metal_plastic","is made out of metal","phy","glass_clay","is made out of clay","n",-1.5,NA
"1381","1prime","us","adults","does that mean...?","cb2","R_0wZitES3fjLgV01",NA,NA,NA,NA,NA,NA,NA,NA,NA,NA,"1",NA,6,"test",6,"aut","noise","is making noises all by itself","per","vision","can see me","y",0.5,NA
"1382","1prime","us","adults","does that mean...?","cb2","R_0wZitES3fjLgV01",NA,NA,NA,NA,NA,NA,NA,NA,NA,NA,"1",NA,6,"test",7,"aff","arousal","is feeling excited","aff","valence","can feel sad ","y",0.5,NA
"1383","1prime","us","adults","does that mean...?","cb2","R_0wZitES3fjLgV01",NA,NA,NA,NA,NA,NA,NA,NA,NA,NA,"1",NA,6,"test",8,"aut","movement","is moving itself around the box","phy","metal_plastic","is made out of plastic","n",-0.5,NA
"1384","1prime","us","adults","does that mean...?","cb2","R_0wZitES3fjLgV01",NA,NA,NA,NA,NA,NA,NA,NA,NA,NA,"1",NA,6,"test",9,"per","vision","can see what the box looks like","aff","valence","can feel happy ","n",-0.5,NA
"1385","1prime","us","adults","does that mean...?","cb2","R_0wZitES3fjLgV01",NA,NA,NA,NA,NA,NA,NA,NA,NA,NA,"1",NA,6,"test",10,"aff","arousal","is feeling calm ","aut","noise","can make sounds on its own","n",-0.5,NA
"1386","1prime","us","adults","does that mean...?","cb2","R_0wZitES3fjLgV01",NA,NA,NA,NA,NA,NA,NA,NA,NA,NA,"1",NA,6,"test",11,"phy","glass_clay","is made out of glass","per","hearing","can hear me","n",-1.5,NA
"1387","1prime","us","adults","does that mean...?","cb2","R_1AdL3gbLxotG9V3",NA,NA,NA,NA,NA,NA,NA,NA,NA,NA,"1",NA,6,"practice",1,NA,NA,"is purple",NA,NA,"is green","n",-1.5,NA
"1388","1prime","us","adults","does that mean...?","cb2","R_1AdL3gbLxotG9V3",NA,NA,NA,NA,NA,NA,NA,NA,NA,NA,"1",NA,6,"practice",2,NA,NA,"is walking around",NA,NA,"has legs","y",1.5,NA
"1389","1prime","us","adults","does that mean...?","cb2","R_1AdL3gbLxotG9V3",NA,NA,NA,NA,NA,NA,NA,NA,NA,NA,"1",NA,6,"practice",3,NA,NA,"is made out of paper",NA,NA,"might rip sometime","y",0.5,NA
"1390","1prime","us","adults","does that mean...?","cb2","R_1AdL3gbLxotG9V3",NA,NA,NA,NA,NA,NA,NA,NA,NA,NA,"1",NA,6,"test",4,"per","hearing","can hear what's going on around it","aut","movement","can move itself from one side of the box to the other","y",0.5,NA
"1391","1prime","us","adults","does that mean...?","cb2","R_1AdL3gbLxotG9V3",NA,NA,NA,NA,NA,NA,NA,NA,NA,NA,"1",NA,6,"test",5,"phy","metal_plastic","is made out of metal","phy","glass_clay","is made out of clay","n",-1.5,NA
"1392","1prime","us","adults","does that mean...?","cb2","R_1AdL3gbLxotG9V3",NA,NA,NA,NA,NA,NA,NA,NA,NA,NA,"1",NA,6,"test",6,"aut","noise","is making noises all by itself","per","vision","can see me","n",-0.5,NA
"1393","1prime","us","adults","does that mean...?","cb2","R_1AdL3gbLxotG9V3",NA,NA,NA,NA,NA,NA,NA,NA,NA,NA,"1",NA,6,"test",7,"aff","arousal","is feeling excited","aff","valence","can feel sad ","y",0.5,NA
"1394","1prime","us","adults","does that mean...?","cb2","R_1AdL3gbLxotG9V3",NA,NA,NA,NA,NA,NA,NA,NA,NA,NA,"1",NA,6,"test",8,"aut","movement","is moving itself around the box","phy","metal_plastic","is made out of plastic","n",-1.5,NA
"1395","1prime","us","adults","does that mean...?","cb2","R_1AdL3gbLxotG9V3",NA,NA,NA,NA,NA,NA,NA,NA,NA,NA,"1",NA,6,"test",9,"per","vision","can see what the box looks like","aff","valence","can feel happy ","n",-0.5,NA
"1396","1prime","us","adults","does that mean...?","cb2","R_1AdL3gbLxotG9V3",NA,NA,NA,NA,NA,NA,NA,NA,NA,NA,"1",NA,6,"test",10,"aff","arousal","is feeling calm ","aut","noise","can make sounds on its own","n",-0.5,NA
"1397","1prime","us","adults","does that mean...?","cb2","R_1AdL3gbLxotG9V3",NA,NA,NA,NA,NA,NA,NA,NA,NA,NA,"1",NA,6,"test",11,"phy","glass_clay","is made out of glass","per","hearing","can hear me","n",-1.5,NA
"1398","1prime","us","adults","does that mean...?","cb2","R_29yuUYtcaZzPQNf",NA,NA,NA,NA,NA,NA,NA,NA,NA,NA,"1",NA,6,"practice",1,NA,NA,"is purple",NA,NA,"is green","y",0.5,NA
"1399","1prime","us","adults","does that mean...?","cb2","R_29yuUYtcaZzPQNf",NA,NA,NA,NA,NA,NA,NA,NA,NA,NA,"1",NA,6,"practice",2,NA,NA,"is walking around",NA,NA,"has legs","y",0.5,NA
"1400","1prime","us","adults","does that mean...?","cb2","R_29yuUYtcaZzPQNf",NA,NA,NA,NA,NA,NA,NA,NA,NA,NA,"1",NA,6,"practice",3,NA,NA,"is made out of paper",NA,NA,"might rip sometime","y",1.5,NA
"1401","1prime","us","adults","does that mean...?","cb2","R_29yuUYtcaZzPQNf",NA,NA,NA,NA,NA,NA,NA,NA,NA,NA,"1",NA,6,"test",4,"per","hearing","can hear what's going on around it","aut","movement","can move itself from one side of the box to the other","y",0.5,NA
"1402","1prime","us","adults","does that mean...?","cb2","R_29yuUYtcaZzPQNf",NA,NA,NA,NA,NA,NA,NA,NA,NA,NA,"1",NA,6,"test",5,"phy","metal_plastic","is made out of metal","phy","glass_clay","is made out of clay","y",0.5,NA
"1403","1prime","us","adults","does that mean...?","cb2","R_29yuUYtcaZzPQNf",NA,NA,NA,NA,NA,NA,NA,NA,NA,NA,"1",NA,6,"test",6,"aut","noise","is making noises all by itself","per","vision","can see me","y",0.5,NA
"1404","1prime","us","adults","does that mean...?","cb2","R_29yuUYtcaZzPQNf",NA,NA,NA,NA,NA,NA,NA,NA,NA,NA,"1",NA,6,"test",7,"aff","arousal","is feeling excited","aff","valence","can feel sad ","y",0.5,NA
"1405","1prime","us","adults","does that mean...?","cb2","R_29yuUYtcaZzPQNf",NA,NA,NA,NA,NA,NA,NA,NA,NA,NA,"1",NA,6,"test",8,"aut","movement","is moving itself around the box","phy","metal_plastic","is made out of plastic","n",-0.5,NA
"1406","1prime","us","adults","does that mean...?","cb2","R_29yuUYtcaZzPQNf",NA,NA,NA,NA,NA,NA,NA,NA,NA,NA,"1",NA,6,"test",9,"per","vision","can see what the box looks like","aff","valence","can feel happy ","y",0.5,NA
"1407","1prime","us","adults","does that mean...?","cb2","R_29yuUYtcaZzPQNf",NA,NA,NA,NA,NA,NA,NA,NA,NA,NA,"1",NA,6,"test",10,"aff","arousal","is feeling calm ","aut","noise","can make sounds on its own","y",0.5,NA
"1408","1prime","us","adults","does that mean...?","cb2","R_29yuUYtcaZzPQNf",NA,NA,NA,NA,NA,NA,NA,NA,NA,NA,"1",NA,6,"test",11,"phy","glass_clay","is made out of glass","per","hearing","can hear me","y",0.5,NA
"1409","1prime","us","adults","does that mean...?","cb2","R_42t8bXp3RFVBVSR",NA,NA,NA,NA,NA,NA,NA,NA,NA,NA,"1",NA,6,"practice",1,NA,NA,"is purple",NA,NA,"is green","n",-1.5,NA
"1410","1prime","us","adults","does that mean...?","cb2","R_42t8bXp3RFVBVSR",NA,NA,NA,NA,NA,NA,NA,NA,NA,NA,"1",NA,6,"practice",2,NA,NA,"is walking around",NA,NA,"has legs","y",1.5,NA
"1411","1prime","us","adults","does that mean...?","cb2","R_42t8bXp3RFVBVSR",NA,NA,NA,NA,NA,NA,NA,NA,NA,NA,"1",NA,6,"practice",3,NA,NA,"is made out of paper",NA,NA,"might rip sometime","y",0.5,NA
"1412","1prime","us","adults","does that mean...?","cb2","R_42t8bXp3RFVBVSR",NA,NA,NA,NA,NA,NA,NA,NA,NA,NA,"1",NA,6,"test",4,"per","hearing","can hear what's going on around it","aut","movement","can move itself from one side of the box to the other","n",-0.5,NA
"1413","1prime","us","adults","does that mean...?","cb2","R_42t8bXp3RFVBVSR",NA,NA,NA,NA,NA,NA,NA,NA,NA,NA,"1",NA,6,"test",5,"phy","metal_plastic","is made out of metal","phy","glass_clay","is made out of clay","n",-0.5,NA
"1414","1prime","us","adults","does that mean...?","cb2","R_42t8bXp3RFVBVSR",NA,NA,NA,NA,NA,NA,NA,NA,NA,NA,"1",NA,6,"test",6,"aut","noise","is making noises all by itself","per","vision","can see me","n",-0.5,NA
"1415","1prime","us","adults","does that mean...?","cb2","R_42t8bXp3RFVBVSR",NA,NA,NA,NA,NA,NA,NA,NA,NA,NA,"1",NA,6,"test",7,"aff","arousal","is feeling excited","aff","valence","can feel sad ","y",0.5,NA
"1416","1prime","us","adults","does that mean...?","cb2","R_42t8bXp3RFVBVSR",NA,NA,NA,NA,NA,NA,NA,NA,NA,NA,"1",NA,6,"test",8,"aut","movement","is moving itself around the box","phy","metal_plastic","is made out of plastic","y",0.5,NA
"1417","1prime","us","adults","does that mean...?","cb2","R_42t8bXp3RFVBVSR",NA,NA,NA,NA,NA,NA,NA,NA,NA,NA,"1",NA,6,"test",9,"per","vision","can see what the box looks like","aff","valence","can feel happy ","y",0.5,NA
"1418","1prime","us","adults","does that mean...?","cb2","R_42t8bXp3RFVBVSR",NA,NA,NA,NA,NA,NA,NA,NA,NA,NA,"1",NA,6,"test",10,"aff","arousal","is feeling calm ","aut","noise","can make sounds on its own","y",0.5,NA
"1419","1prime","us","adults","does that mean...?","cb2","R_42t8bXp3RFVBVSR",NA,NA,NA,NA,NA,NA,NA,NA,NA,NA,"1",NA,6,"test",11,"phy","glass_clay","is made out of glass","per","hearing","can hear me","n",-1.5,NA
"1420","1prime","us","adults","does that mean...?","cb2","R_7VZkA2eJPXKJVch",NA,NA,NA,NA,NA,NA,NA,NA,NA,NA,"1",NA,6,"practice",1,NA,NA,"is purple",NA,NA,"is green","n",-1.5,NA
"1421","1prime","us","adults","does that mean...?","cb2","R_7VZkA2eJPXKJVch",NA,NA,NA,NA,NA,NA,NA,NA,NA,NA,"1",NA,6,"practice",2,NA,NA,"is walking around",NA,NA,"has legs","y",1.5,NA
"1422","1prime","us","adults","does that mean...?","cb2","R_7VZkA2eJPXKJVch",NA,NA,NA,NA,NA,NA,NA,NA,NA,NA,"1",NA,6,"practice",3,NA,NA,"is made out of paper",NA,NA,"might rip sometime","y",1.5,NA
"1423","1prime","us","adults","does that mean...?","cb2","R_7VZkA2eJPXKJVch",NA,NA,NA,NA,NA,NA,NA,NA,NA,NA,"1",NA,6,"test",4,"per","hearing","can hear what's going on around it","aut","movement","can move itself from one side of the box to the other","y",0.5,NA
"1424","1prime","us","adults","does that mean...?","cb2","R_7VZkA2eJPXKJVch",NA,NA,NA,NA,NA,NA,NA,NA,NA,NA,"1",NA,6,"test",5,"phy","metal_plastic","is made out of metal","phy","glass_clay","is made out of clay","n",-1.5,NA
"1425","1prime","us","adults","does that mean...?","cb2","R_7VZkA2eJPXKJVch",NA,NA,NA,NA,NA,NA,NA,NA,NA,NA,"1",NA,6,"test",6,"aut","noise","is making noises all by itself","per","vision","can see me","y",0.5,NA
"1426","1prime","us","adults","does that mean...?","cb2","R_7VZkA2eJPXKJVch",NA,NA,NA,NA,NA,NA,NA,NA,NA,NA,"1",NA,6,"test",7,"aff","arousal","is feeling excited","aff","valence","can feel sad ","y",0.5,NA
"1427","1prime","us","adults","does that mean...?","cb2","R_7VZkA2eJPXKJVch",NA,NA,NA,NA,NA,NA,NA,NA,NA,NA,"1",NA,6,"test",8,"aut","movement","is moving itself around the box","phy","metal_plastic","is made out of plastic","y",0.5,NA
"1428","1prime","us","adults","does that mean...?","cb2","R_7VZkA2eJPXKJVch",NA,NA,NA,NA,NA,NA,NA,NA,NA,NA,"1",NA,6,"test",9,"per","vision","can see what the box looks like","aff","valence","can feel happy ","y",0.5,NA
"1429","1prime","us","adults","does that mean...?","cb2","R_7VZkA2eJPXKJVch",NA,NA,NA,NA,NA,NA,NA,NA,NA,NA,"1",NA,6,"test",10,"aff","arousal","is feeling calm ","aut","noise","can make sounds on its own","y",0.5,NA
"1430","1prime","us","adults","does that mean...?","cb2","R_7VZkA2eJPXKJVch",NA,NA,NA,NA,NA,NA,NA,NA,NA,NA,"1",NA,6,"test",11,"phy","glass_clay","is made out of glass","per","hearing","can hear me","n",-1.5,NA
"1431","1prime","us","adults","does that mean...?","cb2","R_8obJb0xv00YxfMx",NA,NA,NA,NA,NA,NA,NA,NA,NA,NA,"1",NA,6,"practice",1,NA,NA,"is purple",NA,NA,"is green","n",-1.5,NA
"1432","1prime","us","adults","does that mean...?","cb2","R_8obJb0xv00YxfMx",NA,NA,NA,NA,NA,NA,NA,NA,NA,NA,"1",NA,6,"practice",2,NA,NA,"is walking around",NA,NA,"has legs","y",1.5,NA
"1433","1prime","us","adults","does that mean...?","cb2","R_8obJb0xv00YxfMx",NA,NA,NA,NA,NA,NA,NA,NA,NA,NA,"1",NA,6,"practice",3,NA,NA,"is made out of paper",NA,NA,"might rip sometime","y",0.5,NA
"1434","1prime","us","adults","does that mean...?","cb2","R_8obJb0xv00YxfMx",NA,NA,NA,NA,NA,NA,NA,NA,NA,NA,"1",NA,6,"test",4,"per","hearing","can hear what's going on around it","aut","movement","can move itself from one side of the box to the other","y",0.5,NA
"1435","1prime","us","adults","does that mean...?","cb2","R_8obJb0xv00YxfMx",NA,NA,NA,NA,NA,NA,NA,NA,NA,NA,"1",NA,6,"test",5,"phy","metal_plastic","is made out of metal","phy","glass_clay","is made out of clay","n",-1.5,NA
"1436","1prime","us","adults","does that mean...?","cb2","R_8obJb0xv00YxfMx",NA,NA,NA,NA,NA,NA,NA,NA,NA,NA,"1",NA,6,"test",6,"aut","noise","is making noises all by itself","per","vision","can see me","y",0.5,NA
"1437","1prime","us","adults","does that mean...?","cb2","R_8obJb0xv00YxfMx",NA,NA,NA,NA,NA,NA,NA,NA,NA,NA,"1",NA,6,"test",7,"aff","arousal","is feeling excited","aff","valence","can feel sad ","y",0.5,NA
"1438","1prime","us","adults","does that mean...?","cb2","R_8obJb0xv00YxfMx",NA,NA,NA,NA,NA,NA,NA,NA,NA,NA,"1",NA,6,"test",8,"aut","movement","is moving itself around the box","phy","metal_plastic","is made out of plastic","n",-0.5,NA
"1439","1prime","us","adults","does that mean...?","cb2","R_8obJb0xv00YxfMx",NA,NA,NA,NA,NA,NA,NA,NA,NA,NA,"1",NA,6,"test",9,"per","vision","can see what the box looks like","aff","valence","can feel happy ","y",0.5,NA
"1440","1prime","us","adults","does that mean...?","cb2","R_8obJb0xv00YxfMx",NA,NA,NA,NA,NA,NA,NA,NA,NA,NA,"1",NA,6,"test",10,"aff","arousal","is feeling calm ","aut","noise","can make sounds on its own","y",0.5,NA
"1441","1prime","us","adults","does that mean...?","cb2","R_8obJb0xv00YxfMx",NA,NA,NA,NA,NA,NA,NA,NA,NA,NA,"1",NA,6,"test",11,"phy","glass_clay","is made out of glass","per","hearing","can hear me","n",-0.5,NA
"1442","1prime","us","adults","does that mean...?","cb2","R_8pteTHcD2dU0K2x",NA,NA,NA,NA,NA,NA,NA,NA,NA,NA,"1",NA,6,"practice",1,NA,NA,"is purple",NA,NA,"is green","n",-1.5,NA
"1443","1prime","us","adults","does that mean...?","cb2","R_8pteTHcD2dU0K2x",NA,NA,NA,NA,NA,NA,NA,NA,NA,NA,"1",NA,6,"practice",2,NA,NA,"is walking around",NA,NA,"has legs","y",1.5,NA
"1444","1prime","us","adults","does that mean...?","cb2","R_8pteTHcD2dU0K2x",NA,NA,NA,NA,NA,NA,NA,NA,NA,NA,"1",NA,6,"practice",3,NA,NA,"is made out of paper",NA,NA,"might rip sometime","y",0.5,NA
"1445","1prime","us","adults","does that mean...?","cb2","R_8pteTHcD2dU0K2x",NA,NA,NA,NA,NA,NA,NA,NA,NA,NA,"1",NA,6,"test",4,"per","hearing","can hear what's going on around it","aut","movement","can move itself from one side of the box to the other","n",-0.5,NA
"1446","1prime","us","adults","does that mean...?","cb2","R_8pteTHcD2dU0K2x",NA,NA,NA,NA,NA,NA,NA,NA,NA,NA,"1",NA,6,"test",5,"phy","metal_plastic","is made out of metal","phy","glass_clay","is made out of clay","n",-1.5,NA
"1447","1prime","us","adults","does that mean...?","cb2","R_8pteTHcD2dU0K2x",NA,NA,NA,NA,NA,NA,NA,NA,NA,NA,"1",NA,6,"test",6,"aut","noise","is making noises all by itself","per","vision","can see me","y",0.5,NA
"1448","1prime","us","adults","does that mean...?","cb2","R_8pteTHcD2dU0K2x",NA,NA,NA,NA,NA,NA,NA,NA,NA,NA,"1",NA,6,"test",7,"aff","arousal","is feeling excited","aff","valence","can feel sad ","y",0.5,NA
"1449","1prime","us","adults","does that mean...?","cb2","R_8pteTHcD2dU0K2x",NA,NA,NA,NA,NA,NA,NA,NA,NA,NA,"1",NA,6,"test",8,"aut","movement","is moving itself around the box","phy","metal_plastic","is made out of plastic","n",-1.5,NA
"1450","1prime","us","adults","does that mean...?","cb2","R_8pteTHcD2dU0K2x",NA,NA,NA,NA,NA,NA,NA,NA,NA,NA,"1",NA,6,"test",9,"per","vision","can see what the box looks like","aff","valence","can feel happy ","n",-1.5,NA
"1451","1prime","us","adults","does that mean...?","cb2","R_8pteTHcD2dU0K2x",NA,NA,NA,NA,NA,NA,NA,NA,NA,NA,"1",NA,6,"test",10,"aff","arousal","is feeling calm ","aut","noise","can make sounds on its own","n",-0.5,NA
"1452","1prime","us","adults","does that mean...?","cb2","R_8pteTHcD2dU0K2x",NA,NA,NA,NA,NA,NA,NA,NA,NA,NA,"1",NA,6,"test",11,"phy","glass_clay","is made out of glass","per","hearing","can hear me","n",-0.5,NA
"1453","1prime","us","adults","does that mean...?","cb2","R_8tSWtGNb5zzhr7f",NA,NA,NA,NA,NA,NA,NA,NA,NA,NA,"1",NA,6,"practice",1,NA,NA,"is purple",NA,NA,"is green","n",-1.5,NA
"1454","1prime","us","adults","does that mean...?","cb2","R_8tSWtGNb5zzhr7f",NA,NA,NA,NA,NA,NA,NA,NA,NA,NA,"1",NA,6,"practice",2,NA,NA,"is walking around",NA,NA,"has legs","y",1.5,NA
"1455","1prime","us","adults","does that mean...?","cb2","R_8tSWtGNb5zzhr7f",NA,NA,NA,NA,NA,NA,NA,NA,NA,NA,"1",NA,6,"practice",3,NA,NA,"is made out of paper",NA,NA,"might rip sometime","y",1.5,NA
"1456","1prime","us","adults","does that mean...?","cb2","R_8tSWtGNb5zzhr7f",NA,NA,NA,NA,NA,NA,NA,NA,NA,NA,"1",NA,6,"test",4,"per","hearing","can hear what's going on around it","aut","movement","can move itself from one side of the box to the other","y",0.5,NA
"1457","1prime","us","adults","does that mean...?","cb2","R_8tSWtGNb5zzhr7f",NA,NA,NA,NA,NA,NA,NA,NA,NA,NA,"1",NA,6,"test",5,"phy","metal_plastic","is made out of metal","phy","glass_clay","is made out of clay","n",-1.5,NA
"1458","1prime","us","adults","does that mean...?","cb2","R_8tSWtGNb5zzhr7f",NA,NA,NA,NA,NA,NA,NA,NA,NA,NA,"1",NA,6,"test",6,"aut","noise","is making noises all by itself","per","vision","can see me","y",0.5,NA
"1459","1prime","us","adults","does that mean...?","cb2","R_8tSWtGNb5zzhr7f",NA,NA,NA,NA,NA,NA,NA,NA,NA,NA,"1",NA,6,"test",7,"aff","arousal","is feeling excited","aff","valence","can feel sad ","y",1.5,NA
"1460","1prime","us","adults","does that mean...?","cb2","R_8tSWtGNb5zzhr7f",NA,NA,NA,NA,NA,NA,NA,NA,NA,NA,"1",NA,6,"test",8,"aut","movement","is moving itself around the box","phy","metal_plastic","is made out of plastic","n",-0.5,NA
"1461","1prime","us","adults","does that mean...?","cb2","R_8tSWtGNb5zzhr7f",NA,NA,NA,NA,NA,NA,NA,NA,NA,NA,"1",NA,6,"test",9,"per","vision","can see what the box looks like","aff","valence","can feel happy ","y",0.5,NA
"1462","1prime","us","adults","does that mean...?","cb2","R_8tSWtGNb5zzhr7f",NA,NA,NA,NA,NA,NA,NA,NA,NA,NA,"1",NA,6,"test",10,"aff","arousal","is feeling calm ","aut","noise","can make sounds on its own","y",0.5,NA
"1463","1prime","us","adults","does that mean...?","cb2","R_8tSWtGNb5zzhr7f",NA,NA,NA,NA,NA,NA,NA,NA,NA,NA,"1",NA,6,"test",11,"phy","glass_clay","is made out of glass","per","hearing","can hear me","n",-1.5,NA
"1464","1prime","us","adults","does that mean...?","cb2","R_bjWYJrRDV8h9NwF",NA,NA,NA,NA,NA,NA,NA,NA,NA,NA,"1",NA,6,"practice",1,NA,NA,"is purple",NA,NA,"is green","n",-1.5,NA
"1465","1prime","us","adults","does that mean...?","cb2","R_bjWYJrRDV8h9NwF",NA,NA,NA,NA,NA,NA,NA,NA,NA,NA,"1",NA,6,"practice",2,NA,NA,"is walking around",NA,NA,"has legs","y",1.5,NA
"1466","1prime","us","adults","does that mean...?","cb2","R_bjWYJrRDV8h9NwF",NA,NA,NA,NA,NA,NA,NA,NA,NA,NA,"1",NA,6,"practice",3,NA,NA,"is made out of paper",NA,NA,"might rip sometime","y",1.5,NA
"1467","1prime","us","adults","does that mean...?","cb2","R_bjWYJrRDV8h9NwF",NA,NA,NA,NA,NA,NA,NA,NA,NA,NA,"1",NA,6,"test",4,"per","hearing","can hear what's going on around it","aut","movement","can move itself from one side of the box to the other","y",1.5,NA
"1468","1prime","us","adults","does that mean...?","cb2","R_bjWYJrRDV8h9NwF",NA,NA,NA,NA,NA,NA,NA,NA,NA,NA,"1",NA,6,"test",5,"phy","metal_plastic","is made out of metal","phy","glass_clay","is made out of clay","n",-1.5,NA
"1469","1prime","us","adults","does that mean...?","cb2","R_bjWYJrRDV8h9NwF",NA,NA,NA,NA,NA,NA,NA,NA,NA,NA,"1",NA,6,"test",6,"aut","noise","is making noises all by itself","per","vision","can see me","y",1.5,NA
"1470","1prime","us","adults","does that mean...?","cb2","R_bjWYJrRDV8h9NwF",NA,NA,NA,NA,NA,NA,NA,NA,NA,NA,"1",NA,6,"test",7,"aff","arousal","is feeling excited","aff","valence","can feel sad ","y",0.5,NA
"1471","1prime","us","adults","does that mean...?","cb2","R_bjWYJrRDV8h9NwF",NA,NA,NA,NA,NA,NA,NA,NA,NA,NA,"1",NA,6,"test",8,"aut","movement","is moving itself around the box","phy","metal_plastic","is made out of plastic","n",-1.5,NA
"1472","1prime","us","adults","does that mean...?","cb2","R_bjWYJrRDV8h9NwF",NA,NA,NA,NA,NA,NA,NA,NA,NA,NA,"1",NA,6,"test",9,"per","vision","can see what the box looks like","aff","valence","can feel happy ","y",0.5,NA
"1473","1prime","us","adults","does that mean...?","cb2","R_bjWYJrRDV8h9NwF",NA,NA,NA,NA,NA,NA,NA,NA,NA,NA,"1",NA,6,"test",10,"aff","arousal","is feeling calm ","aut","noise","can make sounds on its own","y",1.5,NA
"1474","1prime","us","adults","does that mean...?","cb2","R_bjWYJrRDV8h9NwF",NA,NA,NA,NA,NA,NA,NA,NA,NA,NA,"1",NA,6,"test",11,"phy","glass_clay","is made out of glass","per","hearing","can hear me","n",-1.5,NA
"1475","1prime","us","adults","does that mean...?","cb2","R_089ig6ZZaf77ItD",NA,NA,NA,NA,NA,NA,NA,NA,NA,NA,"1",NA,7,"practice",1,NA,NA,"is purple",NA,NA,"is green","n",-1.5,NA
"1476","1prime","us","adults","does that mean...?","cb2","R_089ig6ZZaf77ItD",NA,NA,NA,NA,NA,NA,NA,NA,NA,NA,"1",NA,7,"practice",2,NA,NA,"is walking around",NA,NA,"has legs","y",1.5,NA
"1477","1prime","us","adults","does that mean...?","cb2","R_089ig6ZZaf77ItD",NA,NA,NA,NA,NA,NA,NA,NA,NA,NA,"1",NA,7,"practice",3,NA,NA,"is made out of paper",NA,NA,"might rip sometime","y",1.5,NA
"1478","1prime","us","adults","does that mean...?","cb2","R_089ig6ZZaf77ItD",NA,NA,NA,NA,NA,NA,NA,NA,NA,NA,"1",NA,7,"test",4,"aff","arousal","is feeling excited","per","hearing","can hear what's going on around it","y",0.5,NA
"1479","1prime","us","adults","does that mean...?","cb2","R_089ig6ZZaf77ItD",NA,NA,NA,NA,NA,NA,NA,NA,NA,NA,"1",NA,7,"test",5,"per","vision","can see me","phy","metal_plastic","is made out of metal","n",-1.5,NA
"1480","1prime","us","adults","does that mean...?","cb2","R_089ig6ZZaf77ItD",NA,NA,NA,NA,NA,NA,NA,NA,NA,NA,"1",NA,7,"test",6,"phy","glass_clay","is made out of clay","aff","valence","can feel happy ","n",-1.5,NA
"1481","1prime","us","adults","does that mean...?","cb2","R_089ig6ZZaf77ItD",NA,NA,NA,NA,NA,NA,NA,NA,NA,NA,"1",NA,7,"test",7,"aut","movement","is moving itself from one side of the box to the other","aut","noise","can make noises all by itself","y",1.5,NA
"1482","1prime","us","adults","does that mean...?","cb2","R_089ig6ZZaf77ItD",NA,NA,NA,NA,NA,NA,NA,NA,NA,NA,"1",NA,7,"test",8,"aff","valence","feels sad ","phy","glass_clay","is made out of glass","n",-1.5,NA
"1483","1prime","us","adults","does that mean...?","cb2","R_089ig6ZZaf77ItD",NA,NA,NA,NA,NA,NA,NA,NA,NA,NA,"1",NA,7,"test",9,"per","hearing","can hear me","per","vision","can see what the box looks like","n",-0.5,NA
"1484","1prime","us","adults","does that mean...?","cb2","R_089ig6ZZaf77ItD",NA,NA,NA,NA,NA,NA,NA,NA,NA,NA,"1",NA,7,"test",10,"phy","metal_plastic","is made out of plastic","aut","movement","can move itself around the box","y",0.5,NA
"1485","1prime","us","adults","does that mean...?","cb2","R_089ig6ZZaf77ItD",NA,NA,NA,NA,NA,NA,NA,NA,NA,NA,"1",NA,7,"test",11,"aut","noise","is making sounds on its own","aff","arousal","can feel calm ","n",-0.5,NA
"1486","1prime","us","adults","does that mean...?","cb2","R_0Pqy6uyYeT5LFgV",NA,NA,NA,NA,NA,NA,NA,NA,NA,NA,"1",NA,7,"practice",1,NA,NA,"is purple",NA,NA,"is green","n",-1.5,NA
"1487","1prime","us","adults","does that mean...?","cb2","R_0Pqy6uyYeT5LFgV",NA,NA,NA,NA,NA,NA,NA,NA,NA,NA,"1",NA,7,"practice",2,NA,NA,"is walking around",NA,NA,"has legs","y",1.5,NA
"1488","1prime","us","adults","does that mean...?","cb2","R_0Pqy6uyYeT5LFgV",NA,NA,NA,NA,NA,NA,NA,NA,NA,NA,"1",NA,7,"practice",3,NA,NA,"is made out of paper",NA,NA,"might rip sometime","y",1.5,NA
"1489","1prime","us","adults","does that mean...?","cb2","R_0Pqy6uyYeT5LFgV",NA,NA,NA,NA,NA,NA,NA,NA,NA,NA,"1",NA,7,"test",4,"aff","arousal","is feeling excited","per","hearing","can hear what's going on around it","n",-1.5,NA
"1490","1prime","us","adults","does that mean...?","cb2","R_0Pqy6uyYeT5LFgV",NA,NA,NA,NA,NA,NA,NA,NA,NA,NA,"1",NA,7,"test",5,"per","vision","can see me","phy","metal_plastic","is made out of metal","n",-1.5,NA
"1491","1prime","us","adults","does that mean...?","cb2","R_0Pqy6uyYeT5LFgV",NA,NA,NA,NA,NA,NA,NA,NA,NA,NA,"1",NA,7,"test",6,"phy","glass_clay","is made out of clay","aff","valence","can feel happy ","n",-1.5,NA
"1492","1prime","us","adults","does that mean...?","cb2","R_0Pqy6uyYeT5LFgV",NA,NA,NA,NA,NA,NA,NA,NA,NA,NA,"1",NA,7,"test",7,"aut","movement","is moving itself from one side of the box to the other","aut","noise","can make noises all by itself","n",-1.5,NA
"1493","1prime","us","adults","does that mean...?","cb2","R_0Pqy6uyYeT5LFgV",NA,NA,NA,NA,NA,NA,NA,NA,NA,NA,"1",NA,7,"test",8,"aff","valence","feels sad ","phy","glass_clay","is made out of glass","n",-1.5,NA
"1494","1prime","us","adults","does that mean...?","cb2","R_0Pqy6uyYeT5LFgV",NA,NA,NA,NA,NA,NA,NA,NA,NA,NA,"1",NA,7,"test",9,"per","hearing","can hear me","per","vision","can see what the box looks like","n",-1.5,NA
"1495","1prime","us","adults","does that mean...?","cb2","R_0Pqy6uyYeT5LFgV",NA,NA,NA,NA,NA,NA,NA,NA,NA,NA,"1",NA,7,"test",10,"phy","metal_plastic","is made out of plastic","aut","movement","can move itself around the box","n",-1.5,NA
"1496","1prime","us","adults","does that mean...?","cb2","R_0Pqy6uyYeT5LFgV",NA,NA,NA,NA,NA,NA,NA,NA,NA,NA,"1",NA,7,"test",11,"aut","noise","is making sounds on its own","aff","arousal","can feel calm ","y",0.5,NA
"1497","1prime","us","adults","does that mean...?","cb2","R_3CnJ6nY1LmQEh1P",NA,NA,NA,NA,NA,NA,NA,NA,NA,NA,"1",NA,7,"practice",1,NA,NA,"is purple",NA,NA,"is green","n",-1.5,NA
"1498","1prime","us","adults","does that mean...?","cb2","R_3CnJ6nY1LmQEh1P",NA,NA,NA,NA,NA,NA,NA,NA,NA,NA,"1",NA,7,"practice",2,NA,NA,"is walking around",NA,NA,"has legs","y",0.5,NA
"1499","1prime","us","adults","does that mean...?","cb2","R_3CnJ6nY1LmQEh1P",NA,NA,NA,NA,NA,NA,NA,NA,NA,NA,"1",NA,7,"practice",3,NA,NA,"is made out of paper",NA,NA,"might rip sometime","y",0.5,NA
"1500","1prime","us","adults","does that mean...?","cb2","R_3CnJ6nY1LmQEh1P",NA,NA,NA,NA,NA,NA,NA,NA,NA,NA,"1",NA,7,"test",4,"aff","arousal","is feeling excited","per","hearing","can hear what's going on around it","y",0.5,NA
"1501","1prime","us","adults","does that mean...?","cb2","R_3CnJ6nY1LmQEh1P",NA,NA,NA,NA,NA,NA,NA,NA,NA,NA,"1",NA,7,"test",5,"per","vision","can see me","phy","metal_plastic","is made out of metal","n",-1.5,NA
"1502","1prime","us","adults","does that mean...?","cb2","R_3CnJ6nY1LmQEh1P",NA,NA,NA,NA,NA,NA,NA,NA,NA,NA,"1",NA,7,"test",6,"phy","glass_clay","is made out of clay","aff","valence","can feel happy ","n",-1.5,NA
"1503","1prime","us","adults","does that mean...?","cb2","R_3CnJ6nY1LmQEh1P",NA,NA,NA,NA,NA,NA,NA,NA,NA,NA,"1",NA,7,"test",7,"aut","movement","is moving itself from one side of the box to the other","aut","noise","can make noises all by itself","n",-0.5,NA
"1504","1prime","us","adults","does that mean...?","cb2","R_3CnJ6nY1LmQEh1P",NA,NA,NA,NA,NA,NA,NA,NA,NA,NA,"1",NA,7,"test",8,"aff","valence","feels sad ","phy","glass_clay","is made out of glass","n",-1.5,NA
"1505","1prime","us","adults","does that mean...?","cb2","R_3CnJ6nY1LmQEh1P",NA,NA,NA,NA,NA,NA,NA,NA,NA,NA,"1",NA,7,"test",9,"per","hearing","can hear me","per","vision","can see what the box looks like","n",-0.5,NA
"1506","1prime","us","adults","does that mean...?","cb2","R_3CnJ6nY1LmQEh1P",NA,NA,NA,NA,NA,NA,NA,NA,NA,NA,"1",NA,7,"test",10,"phy","metal_plastic","is made out of plastic","aut","movement","can move itself around the box","n",-1.5,NA
"1507","1prime","us","adults","does that mean...?","cb2","R_3CnJ6nY1LmQEh1P",NA,NA,NA,NA,NA,NA,NA,NA,NA,NA,"1",NA,7,"test",11,"aut","noise","is making sounds on its own","aff","arousal","can feel calm ","y",0.5,NA
"1508","1prime","us","adults","does that mean...?","cb2","R_6Dwe7MKI0l6PxLD",NA,NA,NA,NA,NA,NA,NA,NA,NA,NA,"1",NA,7,"practice",1,NA,NA,"is purple",NA,NA,"is green","n",-1.5,NA
"1509","1prime","us","adults","does that mean...?","cb2","R_6Dwe7MKI0l6PxLD",NA,NA,NA,NA,NA,NA,NA,NA,NA,NA,"1",NA,7,"practice",2,NA,NA,"is walking around",NA,NA,"has legs","y",0.5,NA
"1510","1prime","us","adults","does that mean...?","cb2","R_6Dwe7MKI0l6PxLD",NA,NA,NA,NA,NA,NA,NA,NA,NA,NA,"1",NA,7,"practice",3,NA,NA,"is made out of paper",NA,NA,"might rip sometime","n",-0.5,NA
"1511","1prime","us","adults","does that mean...?","cb2","R_6Dwe7MKI0l6PxLD",NA,NA,NA,NA,NA,NA,NA,NA,NA,NA,"1",NA,7,"test",4,"aff","arousal","is feeling excited","per","hearing","can hear what's going on around it","n",-0.5,NA
"1512","1prime","us","adults","does that mean...?","cb2","R_6Dwe7MKI0l6PxLD",NA,NA,NA,NA,NA,NA,NA,NA,NA,NA,"1",NA,7,"test",5,"per","vision","can see me","phy","metal_plastic","is made out of metal","n",-1.5,NA
"1513","1prime","us","adults","does that mean...?","cb2","R_6Dwe7MKI0l6PxLD",NA,NA,NA,NA,NA,NA,NA,NA,NA,NA,"1",NA,7,"test",6,"phy","glass_clay","is made out of clay","aff","valence","can feel happy ","n",-0.5,NA
"1514","1prime","us","adults","does that mean...?","cb2","R_6Dwe7MKI0l6PxLD",NA,NA,NA,NA,NA,NA,NA,NA,NA,NA,"1",NA,7,"test",7,"aut","movement","is moving itself from one side of the box to the other","aut","noise","can make noises all by itself","n",-0.5,NA
"1515","1prime","us","adults","does that mean...?","cb2","R_6Dwe7MKI0l6PxLD",NA,NA,NA,NA,NA,NA,NA,NA,NA,NA,"1",NA,7,"test",8,"aff","valence","feels sad ","phy","glass_clay","is made out of glass","n",-1.5,NA
"1516","1prime","us","adults","does that mean...?","cb2","R_6Dwe7MKI0l6PxLD",NA,NA,NA,NA,NA,NA,NA,NA,NA,NA,"1",NA,7,"test",9,"per","hearing","can hear me","per","vision","can see what the box looks like","n",-1.5,NA
"1517","1prime","us","adults","does that mean...?","cb2","R_6Dwe7MKI0l6PxLD",NA,NA,NA,NA,NA,NA,NA,NA,NA,NA,"1",NA,7,"test",10,"phy","metal_plastic","is made out of plastic","aut","movement","can move itself around the box","n",-0.5,NA
"1518","1prime","us","adults","does that mean...?","cb2","R_6Dwe7MKI0l6PxLD",NA,NA,NA,NA,NA,NA,NA,NA,NA,NA,"1",NA,7,"test",11,"aut","noise","is making sounds on its own","aff","arousal","can feel calm ","n",-0.5,NA
"1519","1prime","us","adults","does that mean...?","cb2","R_8AJgwBXYySaobXv",NA,NA,NA,NA,NA,NA,NA,NA,NA,NA,"1",NA,7,"practice",1,NA,NA,"is purple",NA,NA,"is green","n",-1.5,NA
"1520","1prime","us","adults","does that mean...?","cb2","R_8AJgwBXYySaobXv",NA,NA,NA,NA,NA,NA,NA,NA,NA,NA,"1",NA,7,"practice",2,NA,NA,"is walking around",NA,NA,"has legs","y",1.5,NA
"1521","1prime","us","adults","does that mean...?","cb2","R_8AJgwBXYySaobXv",NA,NA,NA,NA,NA,NA,NA,NA,NA,NA,"1",NA,7,"practice",3,NA,NA,"is made out of paper",NA,NA,"might rip sometime","y",1.5,NA
"1522","1prime","us","adults","does that mean...?","cb2","R_8AJgwBXYySaobXv",NA,NA,NA,NA,NA,NA,NA,NA,NA,NA,"1",NA,7,"test",4,"aff","arousal","is feeling excited","per","hearing","can hear what's going on around it","y",0.5,NA
"1523","1prime","us","adults","does that mean...?","cb2","R_8AJgwBXYySaobXv",NA,NA,NA,NA,NA,NA,NA,NA,NA,NA,"1",NA,7,"test",5,"per","vision","can see me","phy","metal_plastic","is made out of metal","n",-0.5,NA
"1524","1prime","us","adults","does that mean...?","cb2","R_8AJgwBXYySaobXv",NA,NA,NA,NA,NA,NA,NA,NA,NA,NA,"1",NA,7,"test",6,"phy","glass_clay","is made out of clay","aff","valence","can feel happy ","n",-1.5,NA
"1525","1prime","us","adults","does that mean...?","cb2","R_8AJgwBXYySaobXv",NA,NA,NA,NA,NA,NA,NA,NA,NA,NA,"1",NA,7,"test",7,"aut","movement","is moving itself from one side of the box to the other","aut","noise","can make noises all by itself","y",0.5,NA
"1526","1prime","us","adults","does that mean...?","cb2","R_8AJgwBXYySaobXv",NA,NA,NA,NA,NA,NA,NA,NA,NA,NA,"1",NA,7,"test",8,"aff","valence","feels sad ","phy","glass_clay","is made out of glass","n",-1.5,NA
"1527","1prime","us","adults","does that mean...?","cb2","R_8AJgwBXYySaobXv",NA,NA,NA,NA,NA,NA,NA,NA,NA,NA,"1",NA,7,"test",9,"per","hearing","can hear me","per","vision","can see what the box looks like","n",-1.5,NA
"1528","1prime","us","adults","does that mean...?","cb2","R_8AJgwBXYySaobXv",NA,NA,NA,NA,NA,NA,NA,NA,NA,NA,"1",NA,7,"test",10,"phy","metal_plastic","is made out of plastic","aut","movement","can move itself around the box","y",0.5,NA
"1529","1prime","us","adults","does that mean...?","cb2","R_8AJgwBXYySaobXv",NA,NA,NA,NA,NA,NA,NA,NA,NA,NA,"1",NA,7,"test",11,"aut","noise","is making sounds on its own","aff","arousal","can feel calm ","y",0.5,NA
"1530","1prime","us","adults","does that mean...?","cb2","R_aVviiF8VJFfFWct",NA,NA,NA,NA,NA,NA,NA,NA,NA,NA,"1",NA,7,"practice",1,NA,NA,"is purple",NA,NA,"is green","n",-1.5,NA
"1531","1prime","us","adults","does that mean...?","cb2","R_aVviiF8VJFfFWct",NA,NA,NA,NA,NA,NA,NA,NA,NA,NA,"1",NA,7,"practice",2,NA,NA,"is walking around",NA,NA,"has legs","y",1.5,NA
"1532","1prime","us","adults","does that mean...?","cb2","R_aVviiF8VJFfFWct",NA,NA,NA,NA,NA,NA,NA,NA,NA,NA,"1",NA,7,"practice",3,NA,NA,"is made out of paper",NA,NA,"might rip sometime","y",1.5,NA
"1533","1prime","us","adults","does that mean...?","cb2","R_aVviiF8VJFfFWct",NA,NA,NA,NA,NA,NA,NA,NA,NA,NA,"1",NA,7,"test",4,"aff","arousal","is feeling excited","per","hearing","can hear what's going on around it","n",-0.5,NA
"1534","1prime","us","adults","does that mean...?","cb2","R_aVviiF8VJFfFWct",NA,NA,NA,NA,NA,NA,NA,NA,NA,NA,"1",NA,7,"test",5,"per","vision","can see me","phy","metal_plastic","is made out of metal","n",-1.5,NA
"1535","1prime","us","adults","does that mean...?","cb2","R_aVviiF8VJFfFWct",NA,NA,NA,NA,NA,NA,NA,NA,NA,NA,"1",NA,7,"test",6,"phy","glass_clay","is made out of clay","aff","valence","can feel happy ","y",0.5,NA
"1536","1prime","us","adults","does that mean...?","cb2","R_aVviiF8VJFfFWct",NA,NA,NA,NA,NA,NA,NA,NA,NA,NA,"1",NA,7,"test",7,"aut","movement","is moving itself from one side of the box to the other","aut","noise","can make noises all by itself","n",-1.5,NA
"1537","1prime","us","adults","does that mean...?","cb2","R_aVviiF8VJFfFWct",NA,NA,NA,NA,NA,NA,NA,NA,NA,NA,"1",NA,7,"test",8,"aff","valence","feels sad ","phy","glass_clay","is made out of glass","n",-1.5,NA
"1538","1prime","us","adults","does that mean...?","cb2","R_aVviiF8VJFfFWct",NA,NA,NA,NA,NA,NA,NA,NA,NA,NA,"1",NA,7,"test",9,"per","hearing","can hear me","per","vision","can see what the box looks like","n",-1.5,NA
"1539","1prime","us","adults","does that mean...?","cb2","R_aVviiF8VJFfFWct",NA,NA,NA,NA,NA,NA,NA,NA,NA,NA,"1",NA,7,"test",10,"phy","metal_plastic","is made out of plastic","aut","movement","can move itself around the box","n",-1.5,NA
"1540","1prime","us","adults","does that mean...?","cb2","R_aVviiF8VJFfFWct",NA,NA,NA,NA,NA,NA,NA,NA,NA,NA,"1",NA,7,"test",11,"aut","noise","is making sounds on its own","aff","arousal","can feel calm ","y",0.5,NA
"1541","1prime","us","adults","does that mean...?","cb2","R_b2ekbp7eY5xGs2F",NA,NA,NA,NA,NA,NA,NA,NA,NA,NA,"1",NA,7,"practice",1,NA,NA,"is purple",NA,NA,"is green","n",-1.5,NA
"1542","1prime","us","adults","does that mean...?","cb2","R_b2ekbp7eY5xGs2F",NA,NA,NA,NA,NA,NA,NA,NA,NA,NA,"1",NA,7,"practice",2,NA,NA,"is walking around",NA,NA,"has legs","y",1.5,NA
"1543","1prime","us","adults","does that mean...?","cb2","R_b2ekbp7eY5xGs2F",NA,NA,NA,NA,NA,NA,NA,NA,NA,NA,"1",NA,7,"practice",3,NA,NA,"is made out of paper",NA,NA,"might rip sometime","y",1.5,NA
"1544","1prime","us","adults","does that mean...?","cb2","R_b2ekbp7eY5xGs2F",NA,NA,NA,NA,NA,NA,NA,NA,NA,NA,"1",NA,7,"test",4,"aff","arousal","is feeling excited","per","hearing","can hear what's going on around it","y",0.5,NA
"1545","1prime","us","adults","does that mean...?","cb2","R_b2ekbp7eY5xGs2F",NA,NA,NA,NA,NA,NA,NA,NA,NA,NA,"1",NA,7,"test",5,"per","vision","can see me","phy","metal_plastic","is made out of metal","n",-1.5,NA
"1546","1prime","us","adults","does that mean...?","cb2","R_b2ekbp7eY5xGs2F",NA,NA,NA,NA,NA,NA,NA,NA,NA,NA,"1",NA,7,"test",6,"phy","glass_clay","is made out of clay","aff","valence","can feel happy ","n",-1.5,NA
"1547","1prime","us","adults","does that mean...?","cb2","R_b2ekbp7eY5xGs2F",NA,NA,NA,NA,NA,NA,NA,NA,NA,NA,"1",NA,7,"test",7,"aut","movement","is moving itself from one side of the box to the other","aut","noise","can make noises all by itself","y",0.5,NA
"1548","1prime","us","adults","does that mean...?","cb2","R_b2ekbp7eY5xGs2F",NA,NA,NA,NA,NA,NA,NA,NA,NA,NA,"1",NA,7,"test",8,"aff","valence","feels sad ","phy","glass_clay","is made out of glass","n",-1.5,NA
"1549","1prime","us","adults","does that mean...?","cb2","R_b2ekbp7eY5xGs2F",NA,NA,NA,NA,NA,NA,NA,NA,NA,NA,"1",NA,7,"test",9,"per","hearing","can hear me","per","vision","can see what the box looks like","y",0.5,NA
"1550","1prime","us","adults","does that mean...?","cb2","R_b2ekbp7eY5xGs2F",NA,NA,NA,NA,NA,NA,NA,NA,NA,NA,"1",NA,7,"test",10,"phy","metal_plastic","is made out of plastic","aut","movement","can move itself around the box","n",-0.5,NA
"1551","1prime","us","adults","does that mean...?","cb2","R_b2ekbp7eY5xGs2F",NA,NA,NA,NA,NA,NA,NA,NA,NA,NA,"1",NA,7,"test",11,"aut","noise","is making sounds on its own","aff","arousal","can feel calm ","y",0.5,NA
"1552","1prime","us","adults","does that mean...?","cb2","R_cNIqBnIuzgJYx8h",NA,NA,NA,NA,NA,NA,NA,NA,NA,NA,"1",NA,7,"practice",1,NA,NA,"is purple",NA,NA,"is green","n",-0.5,NA
"1553","1prime","us","adults","does that mean...?","cb2","R_cNIqBnIuzgJYx8h",NA,NA,NA,NA,NA,NA,NA,NA,NA,NA,"1",NA,7,"practice",2,NA,NA,"is walking around",NA,NA,"has legs","y",1.5,NA
"1554","1prime","us","adults","does that mean...?","cb2","R_cNIqBnIuzgJYx8h",NA,NA,NA,NA,NA,NA,NA,NA,NA,NA,"1",NA,7,"practice",3,NA,NA,"is made out of paper",NA,NA,"might rip sometime","y",1.5,NA
"1555","1prime","us","adults","does that mean...?","cb2","R_cNIqBnIuzgJYx8h",NA,NA,NA,NA,NA,NA,NA,NA,NA,NA,"1",NA,7,"test",4,"aff","arousal","is feeling excited","per","hearing","can hear what's going on around it","n",-0.5,NA
"1556","1prime","us","adults","does that mean...?","cb2","R_cNIqBnIuzgJYx8h",NA,NA,NA,NA,NA,NA,NA,NA,NA,NA,"1",NA,7,"test",5,"per","vision","can see me","phy","metal_plastic","is made out of metal","n",-1.5,NA
"1557","1prime","us","adults","does that mean...?","cb2","R_cNIqBnIuzgJYx8h",NA,NA,NA,NA,NA,NA,NA,NA,NA,NA,"1",NA,7,"test",6,"phy","glass_clay","is made out of clay","aff","valence","can feel happy ","n",-1.5,NA
"1558","1prime","us","adults","does that mean...?","cb2","R_cNIqBnIuzgJYx8h",NA,NA,NA,NA,NA,NA,NA,NA,NA,NA,"1",NA,7,"test",7,"aut","movement","is moving itself from one side of the box to the other","aut","noise","can make noises all by itself","n",-0.5,NA
"1559","1prime","us","adults","does that mean...?","cb2","R_cNIqBnIuzgJYx8h",NA,NA,NA,NA,NA,NA,NA,NA,NA,NA,"1",NA,7,"test",8,"aff","valence","feels sad ","phy","glass_clay","is made out of glass","n",-1.5,NA
"1560","1prime","us","adults","does that mean...?","cb2","R_cNIqBnIuzgJYx8h",NA,NA,NA,NA,NA,NA,NA,NA,NA,NA,"1",NA,7,"test",9,"per","hearing","can hear me","per","vision","can see what the box looks like","n",-0.5,NA
"1561","1prime","us","adults","does that mean...?","cb2","R_cNIqBnIuzgJYx8h",NA,NA,NA,NA,NA,NA,NA,NA,NA,NA,"1",NA,7,"test",10,"phy","metal_plastic","is made out of plastic","aut","movement","can move itself around the box","n",-1.5,NA
"1562","1prime","us","adults","does that mean...?","cb2","R_cNIqBnIuzgJYx8h",NA,NA,NA,NA,NA,NA,NA,NA,NA,NA,"1",NA,7,"test",11,"aut","noise","is making sounds on its own","aff","arousal","can feel calm ","y",0.5,NA
"1563","1prime","us","adults","does that mean...?","cb2","R_ctC4w4hA9WUkpwN",NA,NA,NA,NA,NA,NA,NA,NA,NA,NA,"1",NA,7,"practice",1,NA,NA,"is purple",NA,NA,"is green","n",-1.5,NA
"1564","1prime","us","adults","does that mean...?","cb2","R_ctC4w4hA9WUkpwN",NA,NA,NA,NA,NA,NA,NA,NA,NA,NA,"1",NA,7,"practice",2,NA,NA,"is walking around",NA,NA,"has legs","y",0.5,NA
"1565","1prime","us","adults","does that mean...?","cb2","R_ctC4w4hA9WUkpwN",NA,NA,NA,NA,NA,NA,NA,NA,NA,NA,"1",NA,7,"practice",3,NA,NA,"is made out of paper",NA,NA,"might rip sometime","y",1.5,NA
"1566","1prime","us","adults","does that mean...?","cb2","R_ctC4w4hA9WUkpwN",NA,NA,NA,NA,NA,NA,NA,NA,NA,NA,"1",NA,7,"test",4,"aff","arousal","is feeling excited","per","hearing","can hear what's going on around it","n",-0.5,NA
"1567","1prime","us","adults","does that mean...?","cb2","R_ctC4w4hA9WUkpwN",NA,NA,NA,NA,NA,NA,NA,NA,NA,NA,"1",NA,7,"test",5,"per","vision","can see me","phy","metal_plastic","is made out of metal","y",0.5,NA
"1568","1prime","us","adults","does that mean...?","cb2","R_ctC4w4hA9WUkpwN",NA,NA,NA,NA,NA,NA,NA,NA,NA,NA,"1",NA,7,"test",6,"phy","glass_clay","is made out of clay","aff","valence","can feel happy ","n",-1.5,NA
"1569","1prime","us","adults","does that mean...?","cb2","R_ctC4w4hA9WUkpwN",NA,NA,NA,NA,NA,NA,NA,NA,NA,NA,"1",NA,7,"test",7,"aut","movement","is moving itself from one side of the box to the other","aut","noise","can make noises all by itself","y",0.5,NA
"1570","1prime","us","adults","does that mean...?","cb2","R_ctC4w4hA9WUkpwN",NA,NA,NA,NA,NA,NA,NA,NA,NA,NA,"1",NA,7,"test",8,"aff","valence","feels sad ","phy","glass_clay","is made out of glass","y",0.5,NA
"1571","1prime","us","adults","does that mean...?","cb2","R_ctC4w4hA9WUkpwN",NA,NA,NA,NA,NA,NA,NA,NA,NA,NA,"1",NA,7,"test",9,"per","hearing","can hear me","per","vision","can see what the box looks like","n",-0.5,NA
"1572","1prime","us","adults","does that mean...?","cb2","R_ctC4w4hA9WUkpwN",NA,NA,NA,NA,NA,NA,NA,NA,NA,NA,"1",NA,7,"test",10,"phy","metal_plastic","is made out of plastic","aut","movement","can move itself around the box","y",0.5,NA
"1573","1prime","us","adults","does that mean...?","cb2","R_ctC4w4hA9WUkpwN",NA,NA,NA,NA,NA,NA,NA,NA,NA,NA,"1",NA,7,"test",11,"aut","noise","is making sounds on its own","aff","arousal","can feel calm ","y",0.5,NA
"1574","1prime","us","adults","does that mean...?","cb2","R_0SPgvSc9E0npoI5",NA,NA,NA,NA,NA,NA,NA,NA,NA,NA,"1",NA,8,"practice",1,NA,NA,"is purple",NA,NA,"is green","n",-1.5,NA
"1575","1prime","us","adults","does that mean...?","cb2","R_0SPgvSc9E0npoI5",NA,NA,NA,NA,NA,NA,NA,NA,NA,NA,"1",NA,8,"practice",2,NA,NA,"is walking around",NA,NA,"has legs","y",0.5,NA
"1576","1prime","us","adults","does that mean...?","cb2","R_0SPgvSc9E0npoI5",NA,NA,NA,NA,NA,NA,NA,NA,NA,NA,"1",NA,8,"practice",3,NA,NA,"is made out of paper",NA,NA,"might rip sometime","y",1.5,NA
"1577","1prime","us","adults","does that mean...?","cb2","R_0SPgvSc9E0npoI5",NA,NA,NA,NA,NA,NA,NA,NA,NA,NA,"1",NA,8,"test",4,"aut","movement","is moving itself around the box","aff","valence","can feel sad ","n",-0.5,NA
"1578","1prime","us","adults","does that mean...?","cb2","R_0SPgvSc9E0npoI5",NA,NA,NA,NA,NA,NA,NA,NA,NA,NA,"1",NA,8,"test",5,"phy","glass_clay","is made out of glass","aut","noise","can make noises all by itself","n",-1.5,NA
"1579","1prime","us","adults","does that mean...?","cb2","R_0SPgvSc9E0npoI5",NA,NA,NA,NA,NA,NA,NA,NA,NA,NA,"1",NA,8,"test",6,"per","hearing","can hear what's going on around it","per","vision","can see me","n",-0.5,NA
"1580","1prime","us","adults","does that mean...?","cb2","R_0SPgvSc9E0npoI5",NA,NA,NA,NA,NA,NA,NA,NA,NA,NA,"1",NA,8,"test",7,"aff","valence","feels happy ","phy","metal_plastic","is made out of plastic","n",-1.5,NA
"1581","1prime","us","adults","does that mean...?","cb2","R_0SPgvSc9E0npoI5",NA,NA,NA,NA,NA,NA,NA,NA,NA,NA,"1",NA,8,"test",8,"aut","noise","is making sounds on its own","aut","movement","can move itself from one side of the box to the other","y",0.5,NA
"1582","1prime","us","adults","does that mean...?","cb2","R_0SPgvSc9E0npoI5",NA,NA,NA,NA,NA,NA,NA,NA,NA,NA,"1",NA,8,"test",9,"phy","metal_plastic","is made out of metal","aff","arousal","can feel excited ","n",-1.5,NA
"1583","1prime","us","adults","does that mean...?","cb2","R_0SPgvSc9E0npoI5",NA,NA,NA,NA,NA,NA,NA,NA,NA,NA,"1",NA,8,"test",10,"per","vision","can see what the box looks like","phy","glass_clay","is made out of clay","n",-1.5,NA
"1584","1prime","us","adults","does that mean...?","cb2","R_0SPgvSc9E0npoI5",NA,NA,NA,NA,NA,NA,NA,NA,NA,NA,"1",NA,8,"test",11,"aff","arousal","is feeling calm ","per","hearing","can hear me","n",-0.5,NA
"1585","1prime","us","adults","does that mean...?","cb2","R_1AqLd0WVa4ZX6vz",NA,NA,NA,NA,NA,NA,NA,NA,NA,NA,"1",NA,8,"practice",1,NA,NA,"is purple",NA,NA,"is green","n",-1.5,NA
"1586","1prime","us","adults","does that mean...?","cb2","R_1AqLd0WVa4ZX6vz",NA,NA,NA,NA,NA,NA,NA,NA,NA,NA,"1",NA,8,"practice",2,NA,NA,"is walking around",NA,NA,"has legs","y",1.5,NA
"1587","1prime","us","adults","does that mean...?","cb2","R_1AqLd0WVa4ZX6vz",NA,NA,NA,NA,NA,NA,NA,NA,NA,NA,"1",NA,8,"practice",3,NA,NA,"is made out of paper",NA,NA,"might rip sometime","y",1.5,NA
"1588","1prime","us","adults","does that mean...?","cb2","R_1AqLd0WVa4ZX6vz",NA,NA,NA,NA,NA,NA,NA,NA,NA,NA,"1",NA,8,"test",4,"aut","movement","is moving itself around the box","aff","valence","can feel sad ","y",0.5,NA
"1589","1prime","us","adults","does that mean...?","cb2","R_1AqLd0WVa4ZX6vz",NA,NA,NA,NA,NA,NA,NA,NA,NA,NA,"1",NA,8,"test",5,"phy","glass_clay","is made out of glass","aut","noise","can make noises all by itself","n",-1.5,NA
"1590","1prime","us","adults","does that mean...?","cb2","R_1AqLd0WVa4ZX6vz",NA,NA,NA,NA,NA,NA,NA,NA,NA,NA,"1",NA,8,"test",6,"per","hearing","can hear what's going on around it","per","vision","can see me","y",0.5,NA
"1591","1prime","us","adults","does that mean...?","cb2","R_1AqLd0WVa4ZX6vz",NA,NA,NA,NA,NA,NA,NA,NA,NA,NA,"1",NA,8,"test",7,"aff","valence","feels happy ","phy","metal_plastic","is made out of plastic","n",-1.5,NA
"1592","1prime","us","adults","does that mean...?","cb2","R_1AqLd0WVa4ZX6vz",NA,NA,NA,NA,NA,NA,NA,NA,NA,NA,"1",NA,8,"test",8,"aut","noise","is making sounds on its own","aut","movement","can move itself from one side of the box to the other","y",0.5,NA
"1593","1prime","us","adults","does that mean...?","cb2","R_1AqLd0WVa4ZX6vz",NA,NA,NA,NA,NA,NA,NA,NA,NA,NA,"1",NA,8,"test",9,"phy","metal_plastic","is made out of metal","aff","arousal","can feel excited ","n",-1.5,NA
"1594","1prime","us","adults","does that mean...?","cb2","R_1AqLd0WVa4ZX6vz",NA,NA,NA,NA,NA,NA,NA,NA,NA,NA,"1",NA,8,"test",10,"per","vision","can see what the box looks like","phy","glass_clay","is made out of clay","n",-1.5,NA
"1595","1prime","us","adults","does that mean...?","cb2","R_1AqLd0WVa4ZX6vz",NA,NA,NA,NA,NA,NA,NA,NA,NA,NA,"1",NA,8,"test",11,"aff","arousal","is feeling calm ","per","hearing","can hear me","y",0.5,NA
"1596","1prime","us","adults","does that mean...?","cb2","R_1Mv5XftQulYdEdT",NA,NA,NA,NA,NA,NA,NA,NA,NA,NA,"1",NA,8,"practice",1,NA,NA,"is purple",NA,NA,"is green","n",-1.5,NA
"1597","1prime","us","adults","does that mean...?","cb2","R_1Mv5XftQulYdEdT",NA,NA,NA,NA,NA,NA,NA,NA,NA,NA,"1",NA,8,"practice",2,NA,NA,"is walking around",NA,NA,"has legs","y",1.5,NA
"1598","1prime","us","adults","does that mean...?","cb2","R_1Mv5XftQulYdEdT",NA,NA,NA,NA,NA,NA,NA,NA,NA,NA,"1",NA,8,"practice",3,NA,NA,"is made out of paper",NA,NA,"might rip sometime","y",0.5,NA
"1599","1prime","us","adults","does that mean...?","cb2","R_1Mv5XftQulYdEdT",NA,NA,NA,NA,NA,NA,NA,NA,NA,NA,"1",NA,8,"test",4,"aut","movement","is moving itself around the box","aff","valence","can feel sad ","n",-0.5,NA
"1600","1prime","us","adults","does that mean...?","cb2","R_1Mv5XftQulYdEdT",NA,NA,NA,NA,NA,NA,NA,NA,NA,NA,"1",NA,8,"test",5,"phy","glass_clay","is made out of glass","aut","noise","can make noises all by itself","n",-1.5,NA
"1601","1prime","us","adults","does that mean...?","cb2","R_1Mv5XftQulYdEdT",NA,NA,NA,NA,NA,NA,NA,NA,NA,NA,"1",NA,8,"test",6,"per","hearing","can hear what's going on around it","per","vision","can see me","y",0.5,NA
"1602","1prime","us","adults","does that mean...?","cb2","R_1Mv5XftQulYdEdT",NA,NA,NA,NA,NA,NA,NA,NA,NA,NA,"1",NA,8,"test",7,"aff","valence","feels happy ","phy","metal_plastic","is made out of plastic","n",-1.5,NA
"1603","1prime","us","adults","does that mean...?","cb2","R_1Mv5XftQulYdEdT",NA,NA,NA,NA,NA,NA,NA,NA,NA,NA,"1",NA,8,"test",8,"aut","noise","is making sounds on its own","aut","movement","can move itself from one side of the box to the other","y",0.5,NA
"1604","1prime","us","adults","does that mean...?","cb2","R_1Mv5XftQulYdEdT",NA,NA,NA,NA,NA,NA,NA,NA,NA,NA,"1",NA,8,"test",9,"phy","metal_plastic","is made out of metal","aff","arousal","can feel excited ","n",-1.5,NA
"1605","1prime","us","adults","does that mean...?","cb2","R_1Mv5XftQulYdEdT",NA,NA,NA,NA,NA,NA,NA,NA,NA,NA,"1",NA,8,"test",10,"per","vision","can see what the box looks like","phy","glass_clay","is made out of clay","n",-1.5,NA
"1606","1prime","us","adults","does that mean...?","cb2","R_1Mv5XftQulYdEdT",NA,NA,NA,NA,NA,NA,NA,NA,NA,NA,"1",NA,8,"test",11,"aff","arousal","is feeling calm ","per","hearing","can hear me","y",0.5,NA
"1607","1prime","us","adults","does that mean...?","cb2","R_2mkWGaX5CAi847j",NA,NA,NA,NA,NA,NA,NA,NA,NA,NA,"1",NA,8,"practice",1,NA,NA,"is purple",NA,NA,"is green","n",-1.5,NA
"1608","1prime","us","adults","does that mean...?","cb2","R_2mkWGaX5CAi847j",NA,NA,NA,NA,NA,NA,NA,NA,NA,NA,"1",NA,8,"practice",2,NA,NA,"is walking around",NA,NA,"has legs","y",0.5,NA
"1609","1prime","us","adults","does that mean...?","cb2","R_2mkWGaX5CAi847j",NA,NA,NA,NA,NA,NA,NA,NA,NA,NA,"1",NA,8,"practice",3,NA,NA,"is made out of paper",NA,NA,"might rip sometime","y",1.5,NA
"1610","1prime","us","adults","does that mean...?","cb2","R_2mkWGaX5CAi847j",NA,NA,NA,NA,NA,NA,NA,NA,NA,NA,"1",NA,8,"test",4,"aut","movement","is moving itself around the box","aff","valence","can feel sad ","y",0.5,NA
"1611","1prime","us","adults","does that mean...?","cb2","R_2mkWGaX5CAi847j",NA,NA,NA,NA,NA,NA,NA,NA,NA,NA,"1",NA,8,"test",5,"phy","glass_clay","is made out of glass","aut","noise","can make noises all by itself","n",-1.5,NA
"1612","1prime","us","adults","does that mean...?","cb2","R_2mkWGaX5CAi847j",NA,NA,NA,NA,NA,NA,NA,NA,NA,NA,"1",NA,8,"test",6,"per","hearing","can hear what's going on around it","per","vision","can see me","y",0.5,NA
"1613","1prime","us","adults","does that mean...?","cb2","R_2mkWGaX5CAi847j",NA,NA,NA,NA,NA,NA,NA,NA,NA,NA,"1",NA,8,"test",7,"aff","valence","feels happy ","phy","metal_plastic","is made out of plastic","n",-1.5,NA
"1614","1prime","us","adults","does that mean...?","cb2","R_2mkWGaX5CAi847j",NA,NA,NA,NA,NA,NA,NA,NA,NA,NA,"1",NA,8,"test",8,"aut","noise","is making sounds on its own","aut","movement","can move itself from one side of the box to the other","y",0.5,NA
"1615","1prime","us","adults","does that mean...?","cb2","R_2mkWGaX5CAi847j",NA,NA,NA,NA,NA,NA,NA,NA,NA,NA,"1",NA,8,"test",9,"phy","metal_plastic","is made out of metal","aff","arousal","can feel excited ","n",-1.5,NA
"1616","1prime","us","adults","does that mean...?","cb2","R_2mkWGaX5CAi847j",NA,NA,NA,NA,NA,NA,NA,NA,NA,NA,"1",NA,8,"test",10,"per","vision","can see what the box looks like","phy","glass_clay","is made out of clay","n",-1.5,NA
"1617","1prime","us","adults","does that mean...?","cb2","R_2mkWGaX5CAi847j",NA,NA,NA,NA,NA,NA,NA,NA,NA,NA,"1",NA,8,"test",11,"aff","arousal","is feeling calm ","per","hearing","can hear me","y",0.5,NA
"1618","1prime","us","adults","does that mean...?","cb2","R_2rDwt5f87G2xplz",NA,NA,NA,NA,NA,NA,NA,NA,NA,NA,"1",NA,8,"practice",1,NA,NA,"is purple",NA,NA,"is green","n",-1.5,NA
"1619","1prime","us","adults","does that mean...?","cb2","R_2rDwt5f87G2xplz",NA,NA,NA,NA,NA,NA,NA,NA,NA,NA,"1",NA,8,"practice",2,NA,NA,"is walking around",NA,NA,"has legs","y",1.5,NA
"1620","1prime","us","adults","does that mean...?","cb2","R_2rDwt5f87G2xplz",NA,NA,NA,NA,NA,NA,NA,NA,NA,NA,"1",NA,8,"practice",3,NA,NA,"is made out of paper",NA,NA,"might rip sometime","y",0.5,NA
"1621","1prime","us","adults","does that mean...?","cb2","R_2rDwt5f87G2xplz",NA,NA,NA,NA,NA,NA,NA,NA,NA,NA,"1",NA,8,"test",4,"aut","movement","is moving itself around the box","aff","valence","can feel sad ","n",-0.5,NA
"1622","1prime","us","adults","does that mean...?","cb2","R_2rDwt5f87G2xplz",NA,NA,NA,NA,NA,NA,NA,NA,NA,NA,"1",NA,8,"test",5,"phy","glass_clay","is made out of glass","aut","noise","can make noises all by itself","n",-1.5,NA
"1623","1prime","us","adults","does that mean...?","cb2","R_2rDwt5f87G2xplz",NA,NA,NA,NA,NA,NA,NA,NA,NA,NA,"1",NA,8,"test",6,"per","hearing","can hear what's going on around it","per","vision","can see me","n",-0.5,NA
"1624","1prime","us","adults","does that mean...?","cb2","R_2rDwt5f87G2xplz",NA,NA,NA,NA,NA,NA,NA,NA,NA,NA,"1",NA,8,"test",7,"aff","valence","feels happy ","phy","metal_plastic","is made out of plastic","n",-1.5,NA
"1625","1prime","us","adults","does that mean...?","cb2","R_2rDwt5f87G2xplz",NA,NA,NA,NA,NA,NA,NA,NA,NA,NA,"1",NA,8,"test",8,"aut","noise","is making sounds on its own","aut","movement","can move itself from one side of the box to the other","n",-0.5,NA
"1626","1prime","us","adults","does that mean...?","cb2","R_2rDwt5f87G2xplz",NA,NA,NA,NA,NA,NA,NA,NA,NA,NA,"1",NA,8,"test",9,"phy","metal_plastic","is made out of metal","aff","arousal","can feel excited ","n",-1.5,NA
"1627","1prime","us","adults","does that mean...?","cb2","R_2rDwt5f87G2xplz",NA,NA,NA,NA,NA,NA,NA,NA,NA,NA,"1",NA,8,"test",10,"per","vision","can see what the box looks like","phy","glass_clay","is made out of clay","n",-0.5,NA
"1628","1prime","us","adults","does that mean...?","cb2","R_2rDwt5f87G2xplz",NA,NA,NA,NA,NA,NA,NA,NA,NA,NA,"1",NA,8,"test",11,"aff","arousal","is feeling calm ","per","hearing","can hear me","y",0.5,NA
"1629","1prime","us","adults","does that mean...?","cb2","R_a36Gjpe74gRow6N",NA,NA,NA,NA,NA,NA,NA,NA,NA,NA,"1",NA,8,"practice",1,NA,NA,"is purple",NA,NA,"is green","n",-1.5,NA
"1630","1prime","us","adults","does that mean...?","cb2","R_a36Gjpe74gRow6N",NA,NA,NA,NA,NA,NA,NA,NA,NA,NA,"1",NA,8,"practice",2,NA,NA,"is walking around",NA,NA,"has legs","y",1.5,NA
"1631","1prime","us","adults","does that mean...?","cb2","R_a36Gjpe74gRow6N",NA,NA,NA,NA,NA,NA,NA,NA,NA,NA,"1",NA,8,"practice",3,NA,NA,"is made out of paper",NA,NA,"might rip sometime","y",0.5,NA
"1632","1prime","us","adults","does that mean...?","cb2","R_a36Gjpe74gRow6N",NA,NA,NA,NA,NA,NA,NA,NA,NA,NA,"1",NA,8,"test",4,"aut","movement","is moving itself around the box","aff","valence","can feel sad ","n",-0.5,NA
"1633","1prime","us","adults","does that mean...?","cb2","R_a36Gjpe74gRow6N",NA,NA,NA,NA,NA,NA,NA,NA,NA,NA,"1",NA,8,"test",5,"phy","glass_clay","is made out of glass","aut","noise","can make noises all by itself","n",-0.5,NA
"1634","1prime","us","adults","does that mean...?","cb2","R_a36Gjpe74gRow6N",NA,NA,NA,NA,NA,NA,NA,NA,NA,NA,"1",NA,8,"test",6,"per","hearing","can hear what's going on around it","per","vision","can see me","y",0.5,NA
"1635","1prime","us","adults","does that mean...?","cb2","R_a36Gjpe74gRow6N",NA,NA,NA,NA,NA,NA,NA,NA,NA,NA,"1",NA,8,"test",7,"aff","valence","feels happy ","phy","metal_plastic","is made out of plastic","n",-1.5,NA
"1636","1prime","us","adults","does that mean...?","cb2","R_a36Gjpe74gRow6N",NA,NA,NA,NA,NA,NA,NA,NA,NA,NA,"1",NA,8,"test",8,"aut","noise","is making sounds on its own","aut","movement","can move itself from one side of the box to the other","y",0.5,NA
"1637","1prime","us","adults","does that mean...?","cb2","R_a36Gjpe74gRow6N",NA,NA,NA,NA,NA,NA,NA,NA,NA,NA,"1",NA,8,"test",9,"phy","metal_plastic","is made out of metal","aff","arousal","can feel excited ","n",-1.5,NA
"1638","1prime","us","adults","does that mean...?","cb2","R_a36Gjpe74gRow6N",NA,NA,NA,NA,NA,NA,NA,NA,NA,NA,"1",NA,8,"test",10,"per","vision","can see what the box looks like","phy","glass_clay","is made out of clay","n",-1.5,NA
"1639","1prime","us","adults","does that mean...?","cb2","R_a36Gjpe74gRow6N",NA,NA,NA,NA,NA,NA,NA,NA,NA,NA,"1",NA,8,"test",11,"aff","arousal","is feeling calm ","per","hearing","can hear me","y",0.5,NA
"1640","1prime","us","adults","does that mean...?","cb2","R_aVs4ZAkw1Na0ARf",NA,NA,NA,NA,NA,NA,NA,NA,NA,NA,"1",NA,8,"practice",1,NA,NA,"is purple",NA,NA,"is green","n",-1.5,NA
"1641","1prime","us","adults","does that mean...?","cb2","R_aVs4ZAkw1Na0ARf",NA,NA,NA,NA,NA,NA,NA,NA,NA,NA,"1",NA,8,"practice",2,NA,NA,"is walking around",NA,NA,"has legs","y",1.5,NA
"1642","1prime","us","adults","does that mean...?","cb2","R_aVs4ZAkw1Na0ARf",NA,NA,NA,NA,NA,NA,NA,NA,NA,NA,"1",NA,8,"practice",3,NA,NA,"is made out of paper",NA,NA,"might rip sometime","y",0.5,NA
"1643","1prime","us","adults","does that mean...?","cb2","R_aVs4ZAkw1Na0ARf",NA,NA,NA,NA,NA,NA,NA,NA,NA,NA,"1",NA,8,"test",4,"aut","movement","is moving itself around the box","aff","valence","can feel sad ","y",0.5,NA
"1644","1prime","us","adults","does that mean...?","cb2","R_aVs4ZAkw1Na0ARf",NA,NA,NA,NA,NA,NA,NA,NA,NA,NA,"1",NA,8,"test",5,"phy","glass_clay","is made out of glass","aut","noise","can make noises all by itself","n",-0.5,NA
"1645","1prime","us","adults","does that mean...?","cb2","R_aVs4ZAkw1Na0ARf",NA,NA,NA,NA,NA,NA,NA,NA,NA,NA,"1",NA,8,"test",6,"per","hearing","can hear what's going on around it","per","vision","can see me","y",0.5,NA
"1646","1prime","us","adults","does that mean...?","cb2","R_aVs4ZAkw1Na0ARf",NA,NA,NA,NA,NA,NA,NA,NA,NA,NA,"1",NA,8,"test",7,"aff","valence","feels happy ","phy","metal_plastic","is made out of plastic","n",-1.5,NA
"1647","1prime","us","adults","does that mean...?","cb2","R_aVs4ZAkw1Na0ARf",NA,NA,NA,NA,NA,NA,NA,NA,NA,NA,"1",NA,8,"test",8,"aut","noise","is making sounds on its own","aut","movement","can move itself from one side of the box to the other","y",0.5,NA
"1648","1prime","us","adults","does that mean...?","cb2","R_aVs4ZAkw1Na0ARf",NA,NA,NA,NA,NA,NA,NA,NA,NA,NA,"1",NA,8,"test",9,"phy","metal_plastic","is made out of metal","aff","arousal","can feel excited ","n",-1.5,NA
"1649","1prime","us","adults","does that mean...?","cb2","R_aVs4ZAkw1Na0ARf",NA,NA,NA,NA,NA,NA,NA,NA,NA,NA,"1",NA,8,"test",10,"per","vision","can see what the box looks like","phy","glass_clay","is made out of clay","n",-1.5,NA
"1650","1prime","us","adults","does that mean...?","cb2","R_aVs4ZAkw1Na0ARf",NA,NA,NA,NA,NA,NA,NA,NA,NA,NA,"1",NA,8,"test",11,"aff","arousal","is feeling calm ","per","hearing","can hear me","y",0.5,NA
"1651","1prime","us","adults","does that mean...?","cb2","R_b3r0MWSaAzIwKpf",NA,NA,NA,NA,NA,NA,NA,NA,NA,NA,"1",NA,8,"practice",1,NA,NA,"is purple",NA,NA,"is green","n",-1.5,NA
"1652","1prime","us","adults","does that mean...?","cb2","R_b3r0MWSaAzIwKpf",NA,NA,NA,NA,NA,NA,NA,NA,NA,NA,"1",NA,8,"practice",2,NA,NA,"is walking around",NA,NA,"has legs","n",-0.5,NA
"1653","1prime","us","adults","does that mean...?","cb2","R_b3r0MWSaAzIwKpf",NA,NA,NA,NA,NA,NA,NA,NA,NA,NA,"1",NA,8,"practice",3,NA,NA,"is made out of paper",NA,NA,"might rip sometime","y",0.5,NA
"1654","1prime","us","adults","does that mean...?","cb2","R_b3r0MWSaAzIwKpf",NA,NA,NA,NA,NA,NA,NA,NA,NA,NA,"1",NA,8,"test",4,"aut","movement","is moving itself around the box","aff","valence","can feel sad ","y",0.5,NA
"1655","1prime","us","adults","does that mean...?","cb2","R_b3r0MWSaAzIwKpf",NA,NA,NA,NA,NA,NA,NA,NA,NA,NA,"1",NA,8,"test",5,"phy","glass_clay","is made out of glass","aut","noise","can make noises all by itself","n",-0.5,NA
"1656","1prime","us","adults","does that mean...?","cb2","R_b3r0MWSaAzIwKpf",NA,NA,NA,NA,NA,NA,NA,NA,NA,NA,"1",NA,8,"test",6,"per","hearing","can hear what's going on around it","per","vision","can see me","y",0.5,NA
"1657","1prime","us","adults","does that mean...?","cb2","R_b3r0MWSaAzIwKpf",NA,NA,NA,NA,NA,NA,NA,NA,NA,NA,"1",NA,8,"test",7,"aff","valence","feels happy ","phy","metal_plastic","is made out of plastic","y",0.5,NA
"1658","1prime","us","adults","does that mean...?","cb2","R_b3r0MWSaAzIwKpf",NA,NA,NA,NA,NA,NA,NA,NA,NA,NA,"1",NA,8,"test",8,"aut","noise","is making sounds on its own","aut","movement","can move itself from one side of the box to the other","y",0.5,NA
"1659","1prime","us","adults","does that mean...?","cb2","R_b3r0MWSaAzIwKpf",NA,NA,NA,NA,NA,NA,NA,NA,NA,NA,"1",NA,8,"test",9,"phy","metal_plastic","is made out of metal","aff","arousal","can feel excited ","y",0.5,NA
"1660","1prime","us","adults","does that mean...?","cb2","R_b3r0MWSaAzIwKpf",NA,NA,NA,NA,NA,NA,NA,NA,NA,NA,"1",NA,8,"test",10,"per","vision","can see what the box looks like","phy","glass_clay","is made out of clay","y",0.5,NA
"1661","1prime","us","adults","does that mean...?","cb2","R_b3r0MWSaAzIwKpf",NA,NA,NA,NA,NA,NA,NA,NA,NA,NA,"1",NA,8,"test",11,"aff","arousal","is feeling calm ","per","hearing","can hear me","y",0.5,NA
"1662","1prime","us","adults","does that mean...?","cb2","R_ewYYcEDBzjiOWk5",NA,NA,NA,NA,NA,NA,NA,NA,NA,NA,"1",NA,8,"practice",1,NA,NA,"is purple",NA,NA,"is green","n",-1.5,NA
"1663","1prime","us","adults","does that mean...?","cb2","R_ewYYcEDBzjiOWk5",NA,NA,NA,NA,NA,NA,NA,NA,NA,NA,"1",NA,8,"practice",2,NA,NA,"is walking around",NA,NA,"has legs","y",1.5,NA
"1664","1prime","us","adults","does that mean...?","cb2","R_ewYYcEDBzjiOWk5",NA,NA,NA,NA,NA,NA,NA,NA,NA,NA,"1",NA,8,"practice",3,NA,NA,"is made out of paper",NA,NA,"might rip sometime","n",-0.5,NA
"1665","1prime","us","adults","does that mean...?","cb2","R_ewYYcEDBzjiOWk5",NA,NA,NA,NA,NA,NA,NA,NA,NA,NA,"1",NA,8,"test",4,"aut","movement","is moving itself around the box","aff","valence","can feel sad ","y",0.5,NA
"1666","1prime","us","adults","does that mean...?","cb2","R_ewYYcEDBzjiOWk5",NA,NA,NA,NA,NA,NA,NA,NA,NA,NA,"1",NA,8,"test",5,"phy","glass_clay","is made out of glass","aut","noise","can make noises all by itself","n",-1.5,NA
"1667","1prime","us","adults","does that mean...?","cb2","R_ewYYcEDBzjiOWk5",NA,NA,NA,NA,NA,NA,NA,NA,NA,NA,"1",NA,8,"test",6,"per","hearing","can hear what's going on around it","per","vision","can see me","y",0.5,NA
"1668","1prime","us","adults","does that mean...?","cb2","R_ewYYcEDBzjiOWk5",NA,NA,NA,NA,NA,NA,NA,NA,NA,NA,"1",NA,8,"test",7,"aff","valence","feels happy ","phy","metal_plastic","is made out of plastic","n",-1.5,NA
"1669","1prime","us","adults","does that mean...?","cb2","R_ewYYcEDBzjiOWk5",NA,NA,NA,NA,NA,NA,NA,NA,NA,NA,"1",NA,8,"test",8,"aut","noise","is making sounds on its own","aut","movement","can move itself from one side of the box to the other","y",0.5,NA
"1670","1prime","us","adults","does that mean...?","cb2","R_ewYYcEDBzjiOWk5",NA,NA,NA,NA,NA,NA,NA,NA,NA,NA,"1",NA,8,"test",9,"phy","metal_plastic","is made out of metal","aff","arousal","can feel excited ","n",-1.5,NA
"1671","1prime","us","adults","does that mean...?","cb2","R_ewYYcEDBzjiOWk5",NA,NA,NA,NA,NA,NA,NA,NA,NA,NA,"1",NA,8,"test",10,"per","vision","can see what the box looks like","phy","glass_clay","is made out of clay","n",-1.5,NA
"1672","1prime","us","adults","does that mean...?","cb2","R_ewYYcEDBzjiOWk5",NA,NA,NA,NA,NA,NA,NA,NA,NA,NA,"1",NA,8,"test",11,"aff","arousal","is feeling calm ","per","hearing","can hear me","y",0.5,NA
"1673","2","us","children","does that mean...?","cb1","C01",NA,NA,5.216438356,"male","C","white","white-only","white",NA,NA,NA,"exp2",1,"practice",1,NA,NA,"is purple",NA,NA,"is green","2",1.5,"for sure"
"1674","2","us","children","does that mean...?","cb1","C01",NA,NA,5.216438356,"male","C","white","white-only","white",NA,NA,NA,"exp2",1,"practice",2,NA,NA,"is walking around",NA,NA,"has legs","2",1.5,""
"1675","2","us","children","does that mean...?","cb1","C01",NA,NA,5.216438356,"male","C","white","white-only","white",NA,NA,NA,"exp2",1,"practice",3,NA,NA,"is made out of paper",NA,NA,"might rip sometime","2",1.5,""
"1676","2","us","children","does that mean...?","cb1","C01",NA,NA,5.216438356,"male","C","white","white-only","white",NA,NA,NA,"exp2",1,"test",4,"phy","metal_plastic","is made out of plastic","per","hearing","can hear what's going on around it","2",1.5,""
"1677","2","us","children","does that mean...?","cb1","C01",NA,NA,5.216438356,"male","C","white","white-only","white",NA,NA,NA,"exp2",1,"test",5,"aff","positive","is in a good mood right now","aut","noise","can make noises all by itself","2",1.5,""
"1678","2","us","children","does that mean...?","cb1","C01",NA,NA,5.216438356,"male","C","white","white-only","white",NA,NA,NA,"exp2",1,"test",6,"per","vision","can see me","aff","negative","can be in a bad mood sometimes","2",1.5,""
"1679","2","us","children","does that mean...?","cb1","C01",NA,NA,5.216438356,"male","C","white","white-only","white",NA,NA,NA,"exp2",1,"test",7,"aut","movement","is moving itself from one side of the box to the other","phy","glass_clay","is made out of clay","2",1.5,"blue clay"
"1680","2","us","children","does that mean...?","cb1","C01",NA,NA,5.216438356,"male","C","white","white-only","white",NA,NA,NA,"exp2",1,"test",8,"aff","negative","feels sad right now","aff","positive","can feel happy sometimes","2",1.5,""
"1681","2","us","children","does that mean...?","cb1","C01",NA,NA,5.216438356,"male","C","white","white-only","white",NA,NA,NA,"exp2",1,"test",9,"aut","noise","is making sounds on its own","per","vision","can see what the box looks like","2",1.5,""
"1682","2","us","children","does that mean...?","cb1","C01",NA,NA,5.216438356,"male","C","white","white-only","white",NA,NA,NA,"exp2",1,"test",10,"phy","glass_clay","is made out of glass","phy","metal_plastic","is made out of metal","2",1.5,""
"1683","2","us","children","does that mean...?","cb1","C01",NA,NA,5.216438356,"male","C","white","white-only","white",NA,NA,NA,"exp2",1,"test",11,"per","hearing","can hear me","aut","movement","can move itself around the box","2",0.5,""
"1684","2","us","children","does that mean...?","cb1","C09",NA,NA,4.495890411,"female","CA","of-color","some-asian","multiracial",NA,NA,NA,"exp2",1,"practice",1,NA,NA,"is purple",NA,NA,"is green","1",-0.5,""
"1685","2","us","children","does that mean...?","cb1","C09",NA,NA,4.495890411,"female","CA","of-color","some-asian","multiracial",NA,NA,NA,"exp2",1,"practice",2,NA,NA,"is walking around",NA,NA,"has legs","2",1.5,""
"1686","2","us","children","does that mean...?","cb1","C09",NA,NA,4.495890411,"female","CA","of-color","some-asian","multiracial",NA,NA,NA,"exp2",1,"practice",3,NA,NA,"is made out of paper",NA,NA,"might rip sometime","2",1.5,""
"1687","2","us","children","does that mean...?","cb1","C09",NA,NA,4.495890411,"female","CA","of-color","some-asian","multiracial",NA,NA,NA,"exp2",1,"test",4,"phy","metal_plastic","is made out of plastic","per","hearing","can hear what's going on around it","1",-1.5,""
"1688","2","us","children","does that mean...?","cb1","C09",NA,NA,4.495890411,"female","CA","of-color","some-asian","multiracial",NA,NA,NA,"exp2",1,"test",5,"aff","positive","is in a good mood right now","aut","noise","can make noises all by itself","1",-1.5,""
"1689","2","us","children","does that mean...?","cb1","C09",NA,NA,4.495890411,"female","CA","of-color","some-asian","multiracial",NA,NA,NA,"exp2",1,"test",6,"per","vision","can see me","aff","negative","can be in a bad mood sometimes","1",-1.5,""
"1690","2","us","children","does that mean...?","cb1","C09",NA,NA,4.495890411,"female","CA","of-color","some-asian","multiracial",NA,NA,NA,"exp2",1,"test",7,"aut","movement","is moving itself from one side of the box to the other","phy","glass_clay","is made out of clay","2",1.5,""
"1691","2","us","children","does that mean...?","cb1","C09",NA,NA,4.495890411,"female","CA","of-color","some-asian","multiracial",NA,NA,NA,"exp2",1,"test",8,"aff","negative","feels sad right now","aff","positive","can feel happy sometimes","2",1.5,""
"1692","2","us","children","does that mean...?","cb1","C09",NA,NA,4.495890411,"female","CA","of-color","some-asian","multiracial",NA,NA,NA,"exp2",1,"test",9,"aut","noise","is making sounds on its own","per","vision","can see what the box looks like","1",-1.5,""
"1693","2","us","children","does that mean...?","cb1","C09",NA,NA,4.495890411,"female","CA","of-color","some-asian","multiracial",NA,NA,NA,"exp2",1,"test",10,"phy","glass_clay","is made out of glass","phy","metal_plastic","is made out of metal","1",-1.5,""
"1694","2","us","children","does that mean...?","cb1","C09",NA,NA,4.495890411,"female","CA","of-color","some-asian","multiracial",NA,NA,NA,"exp2",1,"test",11,"per","hearing","can hear me","aut","movement","can move itself around the box","1",-1.5,""
"1695","2","us","children","does that mean...?","cb1","C17",NA,NA,5.608219178,"male","ME","of-color","some-asian","middle-eastern",NA,NA,NA,"exp2",1,"practice",1,NA,NA,"is purple",NA,NA,"is green","1",-0.5,"might be super green, be both, red and green, black and green"
"1696","2","us","children","does that mean...?","cb1","C17",NA,NA,5.608219178,"male","ME","of-color","some-asian","middle-eastern",NA,NA,NA,"exp2",1,"practice",2,NA,NA,"is walking around",NA,NA,"has legs","2",1.5,"might be a frog"
"1697","2","us","children","does that mean...?","cb1","C17",NA,NA,5.608219178,"male","ME","of-color","some-asian","middle-eastern",NA,NA,NA,"exp2",1,"practice",3,NA,NA,"is made out of paper",NA,NA,"might rip sometime","1",-0.5,""
"1698","2","us","children","does that mean...?","cb1","C17",NA,NA,5.608219178,"male","ME","of-color","some-asian","middle-eastern",NA,NA,NA,"exp2",1,"test",4,"phy","metal_plastic","is made out of plastic","per","hearing","can hear what's going on around it","2",1.5,""
"1699","2","us","children","does that mean...?","cb1","C17",NA,NA,5.608219178,"male","ME","of-color","some-asian","middle-eastern",NA,NA,NA,"exp2",1,"test",5,"aff","positive","is in a good mood right now","aut","noise","can make noises all by itself","2",1.5,""
"1700","2","us","children","does that mean...?","cb1","C17",NA,NA,5.608219178,"male","ME","of-color","some-asian","middle-eastern",NA,NA,NA,"exp2",1,"test",6,"per","vision","can see me","aff","negative","can be in a bad mood sometimes","2",1.5,"eyeballs"
"1701","2","us","children","does that mean...?","cb1","C17",NA,NA,5.608219178,"male","ME","of-color","some-asian","middle-eastern",NA,NA,NA,"exp2",1,"test",7,"aut","movement","is moving itself from one side of the box to the other","phy","glass_clay","is made out of clay","1",-1.5,"maybe a human"
"1702","2","us","children","does that mean...?","cb1","C17",NA,NA,5.608219178,"male","ME","of-color","some-asian","middle-eastern",NA,NA,NA,"exp2",1,"test",8,"aff","negative","feels sad right now","aff","positive","can feel happy sometimes","2",1.5,""
"1703","2","us","children","does that mean...?","cb1","C17",NA,NA,5.608219178,"male","ME","of-color","some-asian","middle-eastern",NA,NA,NA,"exp2",1,"test",9,"aut","noise","is making sounds on its own","per","vision","can see what the box looks like","2",0.5,"might be a human; hiding in the bo, magical witch"
"1704","2","us","children","does that mean...?","cb1","C17",NA,NA,5.608219178,"male","ME","of-color","some-asian","middle-eastern",NA,NA,NA,"exp2",1,"test",10,"phy","glass_clay","is made out of glass","phy","metal_plastic","is made out of metal","1",-1.5,"might be glasses"
"1705","2","us","children","does that mean...?","cb1","C17",NA,NA,5.608219178,"male","ME","of-color","some-asian","middle-eastern",NA,NA,NA,"exp2",1,"test",11,"per","hearing","can hear me","aut","movement","can move itself around the box","2",1.5,"ear; might be a human; could stand on the table"
"1706","2","us","children","does that mean...?","cb1","S01",NA,NA,5.438356164,"female","C","white","white-only","white",NA,NA,NA,"exp1",1,"practice",1,NA,NA,"is purple",NA,NA,"is green","1",-0.5,""
"1707","2","us","children","does that mean...?","cb1","S01",NA,NA,5.438356164,"female","C","white","white-only","white",NA,NA,NA,"exp1",1,"practice",2,NA,NA,"is walking around",NA,NA,"has legs","1",-0.5,""
"1708","2","us","children","does that mean...?","cb1","S01",NA,NA,5.438356164,"female","C","white","white-only","white",NA,NA,NA,"exp1",1,"practice",3,NA,NA,"is made out of paper",NA,NA,"might rip sometime","2",0.5,""
"1709","2","us","children","does that mean...?","cb1","S01",NA,NA,5.438356164,"female","C","white","white-only","white",NA,NA,NA,"exp1",1,"test",4,"phy","metal_plastic","is made out of plastic","per","hearing","can hear what's going on around it","1",-0.5,""
"1710","2","us","children","does that mean...?","cb1","S01",NA,NA,5.438356164,"female","C","white","white-only","white",NA,NA,NA,"exp1",1,"test",5,"aff","positive","is in a good mood right now","aut","noise","can make noises all by itself","1",-0.5,""
"1711","2","us","children","does that mean...?","cb1","S01",NA,NA,5.438356164,"female","C","white","white-only","white",NA,NA,NA,"exp1",1,"test",6,"per","vision","can see me","aff","negative","can be in a bad mood sometimes","2",0.5,""
"1712","2","us","children","does that mean...?","cb1","S01",NA,NA,5.438356164,"female","C","white","white-only","white",NA,NA,NA,"exp1",1,"test",7,"aut","movement","is moving itself from one side of the box to the other","phy","glass_clay","is made out of clay","2",0.5,""
"1713","2","us","children","does that mean...?","cb1","S01",NA,NA,5.438356164,"female","C","white","white-only","white",NA,NA,NA,"exp1",1,"test",8,"aff","negative","feels sad right now","aff","positive","can feel happy sometimes","2",0.5,""
"1714","2","us","children","does that mean...?","cb1","S01",NA,NA,5.438356164,"female","C","white","white-only","white",NA,NA,NA,"exp1",1,"test",9,"aut","noise","is making sounds on its own","per","vision","can see what the box looks like","2",0.5,""
"1715","2","us","children","does that mean...?","cb1","S01",NA,NA,5.438356164,"female","C","white","white-only","white",NA,NA,NA,"exp1",1,"test",10,"phy","glass_clay","is made out of glass","phy","metal_plastic","is made out of metal","1",-0.5,""
"1716","2","us","children","does that mean...?","cb1","S01",NA,NA,5.438356164,"female","C","white","white-only","white",NA,NA,NA,"exp1",1,"test",11,"per","hearing","can hear me","aut","movement","can move itself around the box","2",0.5,""
"1717","2","us","children","does that mean...?","cb1","S09",NA,NA,5.230136986,"male","C","white","white-only","white",NA,NA,NA,"exp1",1,"practice",1,NA,NA,"is purple",NA,NA,"is green","1",-1.5,""
"1718","2","us","children","does that mean...?","cb1","S09",NA,NA,5.230136986,"male","C","white","white-only","white",NA,NA,NA,"exp1",1,"practice",2,NA,NA,"is walking around",NA,NA,"has legs","2",1.5,""
"1719","2","us","children","does that mean...?","cb1","S09",NA,NA,5.230136986,"male","C","white","white-only","white",NA,NA,NA,"exp1",1,"practice",3,NA,NA,"is made out of paper",NA,NA,"might rip sometime","2",0.5,""
"1720","2","us","children","does that mean...?","cb1","S09",NA,NA,5.230136986,"male","C","white","white-only","white",NA,NA,NA,"exp1",1,"test",4,"phy","metal_plastic","is made out of plastic","per","hearing","can hear what's going on around it","1",-1.5,"because how does it hear if it's plastic - it doesn't have any ears"
"1721","2","us","children","does that mean...?","cb1","S09",NA,NA,5.230136986,"male","C","white","white-only","white",NA,NA,NA,"exp1",1,"test",5,"aff","positive","is in a good mood right now","aut","noise","can make noises all by itself","2",0.5,""
"1722","2","us","children","does that mean...?","cb1","S09",NA,NA,5.230136986,"male","C","white","white-only","white",NA,NA,NA,"exp1",1,"test",6,"per","vision","can see me","aff","negative","can be in a bad mood sometimes","2",0.5,""
"1723","2","us","children","does that mean...?","cb1","S09",NA,NA,5.230136986,"male","C","white","white-only","white",NA,NA,NA,"exp1",1,"test",7,"aut","movement","is moving itself from one side of the box to the other","phy","glass_clay","is made out of clay","1",-1.5,""
"1724","2","us","children","does that mean...?","cb1","S09",NA,NA,5.230136986,"male","C","white","white-only","white",NA,NA,NA,"exp1",1,"test",8,"aff","negative","feels sad right now","aff","positive","can feel happy sometimes","2",1.5,""
"1725","2","us","children","does that mean...?","cb1","S09",NA,NA,5.230136986,"male","C","white","white-only","white",NA,NA,NA,"exp1",1,"test",9,"aut","noise","is making sounds on its own","per","vision","can see what the box looks like","2",0.5,""
"1726","2","us","children","does that mean...?","cb1","S09",NA,NA,5.230136986,"male","C","white","white-only","white",NA,NA,NA,"exp1",1,"test",10,"phy","glass_clay","is made out of glass","phy","metal_plastic","is made out of metal","1",-1.5,"if you said it's made out of plastic it's just that"
"1727","2","us","children","does that mean...?","cb1","S09",NA,NA,5.230136986,"male","C","white","white-only","white",NA,NA,NA,"exp1",1,"test",11,"per","hearing","can hear me","aut","movement","can move itself around the box","2",1.5,""
"1728","2","us","children","does that mean...?","cb1","S17",NA,NA,5.019178082,"female","C","white","white-only","white",NA,NA,NA,"exp1",1,"practice",1,NA,NA,"is purple",NA,NA,"is green","1",-0.5,"green"
"1729","2","us","children","does that mean...?","cb1","S17",NA,NA,5.019178082,"female","C","white","white-only","white",NA,NA,NA,"exp1",1,"practice",2,NA,NA,"is walking around",NA,NA,"has legs","2",1.5,""
"1730","2","us","children","does that mean...?","cb1","S17",NA,NA,5.019178082,"female","C","white","white-only","white",NA,NA,NA,"exp1",1,"practice",3,NA,NA,"is made out of paper",NA,NA,"might rip sometime","2",1.5,""
"1731","2","us","children","does that mean...?","cb1","S17",NA,NA,5.019178082,"female","C","white","white-only","white",NA,NA,NA,"exp1",1,"test",4,"phy","metal_plastic","is made out of plastic","per","hearing","can hear what's going on around it","1",-1.5,""
"1732","2","us","children","does that mean...?","cb1","S17",NA,NA,5.019178082,"female","C","white","white-only","white",NA,NA,NA,"exp1",1,"test",5,"aff","positive","is in a good mood right now","aut","noise","can make noises all by itself","1",-1.5,""
"1733","2","us","children","does that mean...?","cb1","S17",NA,NA,5.019178082,"female","C","white","white-only","white",NA,NA,NA,"exp1",1,"test",6,"per","vision","can see me","aff","negative","can be in a bad mood sometimes","2",0.5,""
"1734","2","us","children","does that mean...?","cb1","S17",NA,NA,5.019178082,"female","C","white","white-only","white",NA,NA,NA,"exp1",1,"test",7,"aut","movement","is moving itself from one side of the box to the other","phy","glass_clay","is made out of clay","1",-0.5,"can clay move? Yeah"
"1735","2","us","children","does that mean...?","cb1","S17",NA,NA,5.019178082,"female","C","white","white-only","white",NA,NA,NA,"exp1",1,"test",8,"aff","negative","feels sad right now","aff","positive","can feel happy sometimes","1",-0.5,""
"1736","2","us","children","does that mean...?","cb1","S17",NA,NA,5.019178082,"female","C","white","white-only","white",NA,NA,NA,"exp1",1,"test",9,"aut","noise","is making sounds on its own","per","vision","can see what the box looks like","2",0.5,""
"1737","2","us","children","does that mean...?","cb1","S17",NA,NA,5.019178082,"female","C","white","white-only","white",NA,NA,NA,"exp1",1,"test",10,"phy","glass_clay","is made out of glass","phy","metal_plastic","is made out of metal","1",-1.5,""
"1738","2","us","children","does that mean...?","cb1","S17",NA,NA,5.019178082,"female","C","white","white-only","white",NA,NA,NA,"exp1",1,"test",11,"per","hearing","can hear me","aut","movement","can move itself around the box","2",0.5,""
"1739","2","us","children","does that mean...?","cb1","S27",NA,NA,4.931506849,"male","C","white","white-only","white",NA,NA,NA,"exp1",1,"practice",1,NA,NA,"is purple",NA,NA,"is green","2",0.5,""
"1740","2","us","children","does that mean...?","cb1","S27",NA,NA,4.931506849,"male","C","white","white-only","white",NA,NA,NA,"exp1",1,"practice",2,NA,NA,"is walking around",NA,NA,"has legs","2",1.5,""
"1741","2","us","children","does that mean...?","cb1","S27",NA,NA,4.931506849,"male","C","white","white-only","white",NA,NA,NA,"exp1",1,"practice",3,NA,NA,"is made out of paper",NA,NA,"might rip sometime","2",1.5,""
"1742","2","us","children","does that mean...?","cb1","S27",NA,NA,4.931506849,"male","C","white","white-only","white",NA,NA,NA,"exp1",1,"test",4,"phy","metal_plastic","is made out of plastic","per","hearing","can hear what's going on around it","1",-1.5,""
"1743","2","us","children","does that mean...?","cb1","S27",NA,NA,4.931506849,"male","C","white","white-only","white",NA,NA,NA,"exp1",1,"test",5,"aff","positive","is in a good mood right now","aut","noise","can make noises all by itself","1",-1.5,""
"1744","2","us","children","does that mean...?","cb1","S27",NA,NA,4.931506849,"male","C","white","white-only","white",NA,NA,NA,"exp1",1,"test",6,"per","vision","can see me","aff","negative","can be in a bad mood sometimes","2",1.5,""
"1745","2","us","children","does that mean...?","cb1","S27",NA,NA,4.931506849,"male","C","white","white-only","white",NA,NA,NA,"exp1",1,"test",7,"aut","movement","is moving itself from one side of the box to the other","phy","glass_clay","is made out of clay","1",-1.5,""
"1746","2","us","children","does that mean...?","cb1","S27",NA,NA,4.931506849,"male","C","white","white-only","white",NA,NA,NA,"exp1",1,"test",8,"aff","negative","feels sad right now","aff","positive","can feel happy sometimes","2",1.5,""
"1747","2","us","children","does that mean...?","cb1","S27",NA,NA,4.931506849,"male","C","white","white-only","white",NA,NA,NA,"exp1",1,"test",9,"aut","noise","is making sounds on its own","per","vision","can see what the box looks like","2",1.5,""
"1748","2","us","children","does that mean...?","cb1","S27",NA,NA,4.931506849,"male","C","white","white-only","white",NA,NA,NA,"exp1",1,"test",10,"phy","glass_clay","is made out of glass","phy","metal_plastic","is made out of metal","2",1.5,""
"1749","2","us","children","does that mean...?","cb1","S27",NA,NA,4.931506849,"male","C","white","white-only","white",NA,NA,NA,"exp1",1,"test",11,"per","hearing","can hear me","aut","movement","can move itself around the box","2",1.5,""
"1750","2","us","children","does that mean...?","cb1","S35",NA,NA,5.528767123,"male","CA","of-color","some-asian","multiracial",NA,NA,NA,"exp1",1,"practice",1,NA,NA,"is purple",NA,NA,"is green","1",-1.5,"I think it's green"
"1751","2","us","children","does that mean...?","cb1","S35",NA,NA,5.528767123,"male","CA","of-color","some-asian","multiracial",NA,NA,NA,"exp1",1,"practice",2,NA,NA,"is walking around",NA,NA,"has legs","2",1.5,""
"1752","2","us","children","does that mean...?","cb1","S35",NA,NA,5.528767123,"male","CA","of-color","some-asian","multiracial",NA,NA,NA,"exp1",1,"practice",3,NA,NA,"is made out of paper",NA,NA,"might rip sometime","2",1.5,"I saw one paper ripped on accident [paper airplane]"
"1753","2","us","children","does that mean...?","cb1","S35",NA,NA,5.528767123,"male","CA","of-color","some-asian","multiracial",NA,NA,NA,"exp1",1,"test",4,"phy","metal_plastic","is made out of plastic","per","hearing","can hear what's going on around it","2",1.5,""
"1754","2","us","children","does that mean...?","cb1","S35",NA,NA,5.528767123,"male","CA","of-color","some-asian","multiracial",NA,NA,NA,"exp1",1,"test",5,"aff","positive","is in a good mood right now","aut","noise","can make noises all by itself","2",1.5,""
"1755","2","us","children","does that mean...?","cb1","S35",NA,NA,5.528767123,"male","CA","of-color","some-asian","multiracial",NA,NA,NA,"exp1",1,"test",6,"per","vision","can see me","aff","negative","can be in a bad mood sometimes","2",1.5,""
"1756","2","us","children","does that mean...?","cb1","S35",NA,NA,5.528767123,"male","CA","of-color","some-asian","multiracial",NA,NA,NA,"exp1",1,"test",7,"aut","movement","is moving itself from one side of the box to the other","phy","glass_clay","is made out of clay","2",1.5,""
"1757","2","us","children","does that mean...?","cb1","S35",NA,NA,5.528767123,"male","CA","of-color","some-asian","multiracial",NA,NA,NA,"exp1",1,"test",8,"aff","negative","feels sad right now","aff","positive","can feel happy sometimes","2",1.5,""
"1758","2","us","children","does that mean...?","cb1","S35",NA,NA,5.528767123,"male","CA","of-color","some-asian","multiracial",NA,NA,NA,"exp1",1,"test",9,"aut","noise","is making sounds on its own","per","vision","can see what the box looks like","2",1.5,""
"1759","2","us","children","does that mean...?","cb1","S35",NA,NA,5.528767123,"male","CA","of-color","some-asian","multiracial",NA,NA,NA,"exp1",1,"test",10,"phy","glass_clay","is made out of glass","phy","metal_plastic","is made out of metal","2",1.5,""
"1760","2","us","children","does that mean...?","cb1","S35",NA,NA,5.528767123,"male","CA","of-color","some-asian","multiracial",NA,NA,NA,"exp1",1,"test",11,"per","hearing","can hear me","aut","movement","can move itself around the box","2",1.5,""
"1761","2","us","children","does that mean...?","cb1","C02",NA,NA,5.24109589,"male","AA","of-color","other-nonwhite","african-american",NA,NA,NA,"exp2",2,"practice",1,NA,NA,"is purple",NA,NA,"is green","1",-1.5,""
"1762","2","us","children","does that mean...?","cb1","C02",NA,NA,5.24109589,"male","AA","of-color","other-nonwhite","african-american",NA,NA,NA,"exp2",2,"practice",2,NA,NA,"is walking around",NA,NA,"has legs","2",1.5,"spider probably"
"1763","2","us","children","does that mean...?","cb1","C02",NA,NA,5.24109589,"male","AA","of-color","other-nonwhite","african-american",NA,NA,NA,"exp2",2,"practice",3,NA,NA,"is made out of paper",NA,NA,"might rip sometime","2",0.5,"paper airplane"
"1764","2","us","children","does that mean...?","cb1","C02",NA,NA,5.24109589,"male","AA","of-color","other-nonwhite","african-american",NA,NA,NA,"exp2",2,"test",4,"per","vision","can see what the box looks like","aut","noise","can make noises all by itself","2",0.5,""
"1765","2","us","children","does that mean...?","cb1","C02",NA,NA,5.24109589,"male","AA","of-color","other-nonwhite","african-american",NA,NA,NA,"exp2",2,"test",5,"phy","glass_clay","is made out of clay","phy","metal_plastic","is made out of plastic","1",-1.5,"clay - ""rub in hands like this"""
"1766","2","us","children","does that mean...?","cb1","C02",NA,NA,5.24109589,"male","AA","of-color","other-nonwhite","african-american",NA,NA,NA,"exp2",2,"test",6,"aut","movement","is moving itself from one side of the box to the other","per","hearing","can hear me","2",1.5,"pincher bug; first said ""yes,"" then ""no,"" then ""yes"""
"1767","2","us","children","does that mean...?","cb1","C02",NA,NA,5.24109589,"male","AA","of-color","other-nonwhite","african-american",NA,NA,NA,"exp2",2,"test",7,"aff","negative","is in a bad mood right now","aff","positive","can be in a good mood sometimes","1",-1.5,"bee; first said ""yes"""
"1768","2","us","children","does that mean...?","cb1","C02",NA,NA,5.24109589,"male","AA","of-color","other-nonwhite","african-american",NA,NA,NA,"exp2",2,"test",8,"aut","noise","is making sounds on its own","phy","glass_clay","is made out of glass","2",1.5,"bee; first said ""no"""
"1769","2","us","children","does that mean...?","cb1","C02",NA,NA,5.24109589,"male","AA","of-color","other-nonwhite","african-american",NA,NA,NA,"exp2",2,"test",9,"per","hearing","can hear what's going on around it","aff","negative","can feel sad sometimes","2",1.5,"it has ears"
"1770","2","us","children","does that mean...?","cb1","C02",NA,NA,5.24109589,"male","AA","of-color","other-nonwhite","african-american",NA,NA,NA,"exp2",2,"test",10,"aff","positive","feels happy right now","aut","movement","can move itself around the box","2",0.5,"egg"
"1771","2","us","children","does that mean...?","cb1","C02",NA,NA,5.24109589,"male","AA","of-color","other-nonwhite","african-american",NA,NA,NA,"exp2",2,"test",11,"phy","metal_plastic","is made out of metal","per","vision","can see me","1",-0.5,"glass  no, golden teeth!"
"1772","2","us","children","does that mean...?","cb1","C10",NA,NA,5.095890411,"female","CH","of-color","other-nonwhite","multiracial",NA,NA,NA,"exp2",2,"practice",1,NA,NA,"is purple",NA,NA,"is green","2",0.5,""
"1773","2","us","children","does that mean...?","cb1","C10",NA,NA,5.095890411,"female","CH","of-color","other-nonwhite","multiracial",NA,NA,NA,"exp2",2,"practice",2,NA,NA,"is walking around",NA,NA,"has legs","2",0.5,""
"1774","2","us","children","does that mean...?","cb1","C10",NA,NA,5.095890411,"female","CH","of-color","other-nonwhite","multiracial",NA,NA,NA,"exp2",2,"practice",3,NA,NA,"is made out of paper",NA,NA,"might rip sometime","2",0.5,""
"1775","2","us","children","does that mean...?","cb1","C10",NA,NA,5.095890411,"female","CH","of-color","other-nonwhite","multiracial",NA,NA,NA,"exp2",2,"test",4,"per","vision","can see what the box looks like","aut","noise","can make noises all by itself","2",0.5,""
"1776","2","us","children","does that mean...?","cb1","C10",NA,NA,5.095890411,"female","CH","of-color","other-nonwhite","multiracial",NA,NA,NA,"exp2",2,"test",5,"phy","glass_clay","is made out of clay","phy","metal_plastic","is made out of plastic","2",0.5,""
"1777","2","us","children","does that mean...?","cb1","C10",NA,NA,5.095890411,"female","CH","of-color","other-nonwhite","multiracial",NA,NA,NA,"exp2",2,"test",6,"aut","movement","is moving itself from one side of the box to the other","per","hearing","can hear me","2",0.5,""
"1778","2","us","children","does that mean...?","cb1","C10",NA,NA,5.095890411,"female","CH","of-color","other-nonwhite","multiracial",NA,NA,NA,"exp2",2,"test",7,"aff","negative","is in a bad mood right now","aff","positive","can be in a good mood sometimes","2",0.5,""
"1779","2","us","children","does that mean...?","cb1","C10",NA,NA,5.095890411,"female","CH","of-color","other-nonwhite","multiracial",NA,NA,NA,"exp2",2,"test",8,"aut","noise","is making sounds on its own","phy","glass_clay","is made out of glass","2",1.5,""
"1780","2","us","children","does that mean...?","cb1","C10",NA,NA,5.095890411,"female","CH","of-color","other-nonwhite","multiracial",NA,NA,NA,"exp2",2,"test",9,"per","hearing","can hear what's going on around it","aff","negative","can feel sad sometimes","2",0.5,""
"1781","2","us","children","does that mean...?","cb1","C10",NA,NA,5.095890411,"female","CH","of-color","other-nonwhite","multiracial",NA,NA,NA,"exp2",2,"test",10,"aff","positive","feels happy right now","aut","movement","can move itself around the box","2",1.5,""
"1782","2","us","children","does that mean...?","cb1","C10",NA,NA,5.095890411,"female","CH","of-color","other-nonwhite","multiracial",NA,NA,NA,"exp2",2,"test",11,"phy","metal_plastic","is made out of metal","per","vision","can see me","2",0.5,""
"1783","2","us","children","does that mean...?","cb1","C18",NA,NA,4.739726027,"female","C","white","white-only","white",NA,NA,NA,"exp2",2,"practice",1,NA,NA,"is purple",NA,NA,"is green","2",1.5,""
"1784","2","us","children","does that mean...?","cb1","C18",NA,NA,4.739726027,"female","C","white","white-only","white",NA,NA,NA,"exp2",2,"practice",2,NA,NA,"is walking around",NA,NA,"has legs","2",1.5,""
"1785","2","us","children","does that mean...?","cb1","C18",NA,NA,4.739726027,"female","C","white","white-only","white",NA,NA,NA,"exp2",2,"practice",3,NA,NA,"is made out of paper",NA,NA,"might rip sometime","2",1.5,""
"1786","2","us","children","does that mean...?","cb1","C18",NA,NA,4.739726027,"female","C","white","white-only","white",NA,NA,NA,"exp2",2,"test",4,"per","vision","can see what the box looks like","aut","noise","can make noises all by itself","2",0.5,""
"1787","2","us","children","does that mean...?","cb1","C18",NA,NA,4.739726027,"female","C","white","white-only","white",NA,NA,NA,"exp2",2,"test",5,"phy","glass_clay","is made out of clay","phy","metal_plastic","is made out of plastic","1",-1.5,""
"1788","2","us","children","does that mean...?","cb1","C18",NA,NA,4.739726027,"female","C","white","white-only","white",NA,NA,NA,"exp2",2,"test",6,"aut","movement","is moving itself from one side of the box to the other","per","hearing","can hear me","2",1.5,"maybe"
"1789","2","us","children","does that mean...?","cb1","C18",NA,NA,4.739726027,"female","C","white","white-only","white",NA,NA,NA,"exp2",2,"test",7,"aff","negative","is in a bad mood right now","aff","positive","can be in a good mood sometimes","2",1.5,""
"1790","2","us","children","does that mean...?","cb1","C18",NA,NA,4.739726027,"female","C","white","white-only","white",NA,NA,NA,"exp2",2,"test",8,"aut","noise","is making sounds on its own","phy","glass_clay","is made out of glass","1",-1.5,""
"1791","2","us","children","does that mean...?","cb1","C18",NA,NA,4.739726027,"female","C","white","white-only","white",NA,NA,NA,"exp2",2,"test",9,"per","hearing","can hear what's going on around it","aff","negative","can feel sad sometimes","2",1.5,""
"1792","2","us","children","does that mean...?","cb1","C18",NA,NA,4.739726027,"female","C","white","white-only","white",NA,NA,NA,"exp2",2,"test",10,"aff","positive","feels happy right now","aut","movement","can move itself around the box","2",1.5,""
"1793","2","us","children","does that mean...?","cb1","C18",NA,NA,4.739726027,"female","C","white","white-only","white",NA,NA,NA,"exp2",2,"test",11,"phy","metal_plastic","is made out of metal","per","vision","can see me","1",-0.5,""
"1794","2","us","children","does that mean...?","cb1","S02",NA,NA,4.884931507,"female","CCA","of-color","some-asian","multiracial",NA,NA,NA,"exp1",2,"practice",1,NA,NA,"is purple",NA,NA,"is green","1",-0.5,""
"1795","2","us","children","does that mean...?","cb1","S02",NA,NA,4.884931507,"female","CCA","of-color","some-asian","multiracial",NA,NA,NA,"exp1",2,"practice",2,NA,NA,"is walking around",NA,NA,"has legs","2",1.5,"it must be a dog"
"1796","2","us","children","does that mean...?","cb1","S02",NA,NA,4.884931507,"female","CCA","of-color","some-asian","multiracial",NA,NA,NA,"exp1",2,"practice",3,NA,NA,"is made out of paper",NA,NA,"might rip sometime","2",1.5,"paper"
"1797","2","us","children","does that mean...?","cb1","S02",NA,NA,4.884931507,"female","CCA","of-color","some-asian","multiracial",NA,NA,NA,"exp1",2,"test",4,"per","vision","can see what the box looks like","aut","noise","can make noises all by itself","2",0.5,""
"1798","2","us","children","does that mean...?","cb1","S02",NA,NA,4.884931507,"female","CCA","of-color","some-asian","multiracial",NA,NA,NA,"exp1",2,"test",5,"phy","glass_clay","is made out of clay","phy","metal_plastic","is made out of plastic","2",1.5,""
"1799","2","us","children","does that mean...?","cb1","S02",NA,NA,4.884931507,"female","CCA","of-color","some-asian","multiracial",NA,NA,NA,"exp1",2,"test",6,"aut","movement","is moving itself from one side of the box to the other","per","hearing","can hear me","2",1.5,""
"1800","2","us","children","does that mean...?","cb1","S02",NA,NA,4.884931507,"female","CCA","of-color","some-asian","multiracial",NA,NA,NA,"exp1",2,"test",7,"aff","negative","is in a bad mood right now","aff","positive","can be in a good mood sometimes","2",1.5,""
"1801","2","us","children","does that mean...?","cb1","S02",NA,NA,4.884931507,"female","CCA","of-color","some-asian","multiracial",NA,NA,NA,"exp1",2,"test",8,"aut","noise","is making sounds on its own","phy","glass_clay","is made out of glass","2",1.5,""
"1802","2","us","children","does that mean...?","cb1","S02",NA,NA,4.884931507,"female","CCA","of-color","some-asian","multiracial",NA,NA,NA,"exp1",2,"test",9,"per","hearing","can hear what's going on around it","aff","negative","can feel sad sometimes","2",1.5,""
"1803","2","us","children","does that mean...?","cb1","S02",NA,NA,4.884931507,"female","CCA","of-color","some-asian","multiracial",NA,NA,NA,"exp1",2,"test",10,"aff","positive","feels happy right now","aut","movement","can move itself around the box","2",1.5,""
"1804","2","us","children","does that mean...?","cb1","S02",NA,NA,4.884931507,"female","CCA","of-color","some-asian","multiracial",NA,NA,NA,"exp1",2,"test",11,"phy","metal_plastic","is made out of metal","per","vision","can see me","2",1.5,""
"1805","2","us","children","does that mean...?","cb1","S10",NA,NA,4.904109589,"male","I","of-color","some-asian","indian",NA,NA,NA,"exp1",2,"practice",1,NA,NA,"is purple",NA,NA,"is green","1",-1.5,""
"1806","2","us","children","does that mean...?","cb1","S10",NA,NA,4.904109589,"male","I","of-color","some-asian","indian",NA,NA,NA,"exp1",2,"practice",2,NA,NA,"is walking around",NA,NA,"has legs","2",1.5,"has legs; first said no"
"1807","2","us","children","does that mean...?","cb1","S10",NA,NA,4.904109589,"male","I","of-color","some-asian","indian",NA,NA,NA,"exp1",2,"practice",3,NA,NA,"is made out of paper",NA,NA,"might rip sometime","2",1.5,""
"1808","2","us","children","does that mean...?","cb1","S10",NA,NA,4.904109589,"male","I","of-color","some-asian","indian",NA,NA,NA,"exp1",2,"test",4,"per","vision","can see what the box looks like","aut","noise","can make noises all by itself","1",-1.5,""
"1809","2","us","children","does that mean...?","cb1","S10",NA,NA,4.904109589,"male","I","of-color","some-asian","indian",NA,NA,NA,"exp1",2,"test",5,"phy","glass_clay","is made out of clay","phy","metal_plastic","is made out of plastic","1",-1.5,""
"1810","2","us","children","does that mean...?","cb1","S10",NA,NA,4.904109589,"male","I","of-color","some-asian","indian",NA,NA,NA,"exp1",2,"test",6,"aut","movement","is moving itself from one side of the box to the other","per","hearing","can hear me","2",1.5,""
"1811","2","us","children","does that mean...?","cb1","S10",NA,NA,4.904109589,"male","I","of-color","some-asian","indian",NA,NA,NA,"exp1",2,"test",7,"aff","negative","is in a bad mood right now","aff","positive","can be in a good mood sometimes","2",1.5,""
"1812","2","us","children","does that mean...?","cb1","S10",NA,NA,4.904109589,"male","I","of-color","some-asian","indian",NA,NA,NA,"exp1",2,"test",8,"aut","noise","is making sounds on its own","phy","glass_clay","is made out of glass","2",1.5,""
"1813","2","us","children","does that mean...?","cb1","S10",NA,NA,4.904109589,"male","I","of-color","some-asian","indian",NA,NA,NA,"exp1",2,"test",9,"per","hearing","can hear what's going on around it","aff","negative","can feel sad sometimes","2",0.5,"first said ""maybe"""
"1814","2","us","children","does that mean...?","cb1","S10",NA,NA,4.904109589,"male","I","of-color","some-asian","indian",NA,NA,NA,"exp1",2,"test",10,"aff","positive","feels happy right now","aut","movement","can move itself around the box","2",1.5,""
"1815","2","us","children","does that mean...?","cb1","S10",NA,NA,4.904109589,"male","I","of-color","some-asian","indian",NA,NA,NA,"exp1",2,"test",11,"phy","metal_plastic","is made out of metal","per","vision","can see me","2",0.5,""
"1816","2","us","children","does that mean...?","cb1","S20",NA,NA,5.024657534,"female","C","white","white-only","white",NA,NA,NA,"exp1",2,"practice",1,NA,NA,"is purple",NA,NA,"is green","1",-1.5,""
"1817","2","us","children","does that mean...?","cb1","S20",NA,NA,5.024657534,"female","C","white","white-only","white",NA,NA,NA,"exp1",2,"practice",2,NA,NA,"is walking around",NA,NA,"has legs","2",1.5,""
"1818","2","us","children","does that mean...?","cb1","S20",NA,NA,5.024657534,"female","C","white","white-only","white",NA,NA,NA,"exp1",2,"practice",3,NA,NA,"is made out of paper",NA,NA,"might rip sometime","2",0.5,"paper airplane"
"1819","2","us","children","does that mean...?","cb1","S20",NA,NA,5.024657534,"female","C","white","white-only","white",NA,NA,NA,"exp1",2,"test",4,"per","vision","can see what the box looks like","aut","noise","can make noises all by itself","2",0.5,"so it can move?"
"1820","2","us","children","does that mean...?","cb1","S20",NA,NA,5.024657534,"female","C","white","white-only","white",NA,NA,NA,"exp1",2,"test",5,"phy","glass_clay","is made out of clay","phy","metal_plastic","is made out of plastic","1",-1.5,""
"1821","2","us","children","does that mean...?","cb1","S20",NA,NA,5.024657534,"female","C","white","white-only","white",NA,NA,NA,"exp1",2,"test",6,"aut","movement","is moving itself from one side of the box to the other","per","hearing","can hear me","2",0.5,""
"1822","2","us","children","does that mean...?","cb1","S20",NA,NA,5.024657534,"female","C","white","white-only","white",NA,NA,NA,"exp1",2,"test",7,"aff","negative","is in a bad mood right now","aff","positive","can be in a good mood sometimes","2",1.5,""
"1823","2","us","children","does that mean...?","cb1","S20",NA,NA,5.024657534,"female","C","white","white-only","white",NA,NA,NA,"exp1",2,"test",8,"aut","noise","is making sounds on its own","phy","glass_clay","is made out of glass","1",-1.5,""
"1824","2","us","children","does that mean...?","cb1","S20",NA,NA,5.024657534,"female","C","white","white-only","white",NA,NA,NA,"exp1",2,"test",9,"per","hearing","can hear what's going on around it","aff","negative","can feel sad sometimes","2",1.5,""
"1825","2","us","children","does that mean...?","cb1","S20",NA,NA,5.024657534,"female","C","white","white-only","white",NA,NA,NA,"exp1",2,"test",10,"aff","positive","feels happy right now","aut","movement","can move itself around the box","2",0.5,""
"1826","2","us","children","does that mean...?","cb1","S20",NA,NA,5.024657534,"female","C","white","white-only","white",NA,NA,NA,"exp1",2,"test",11,"phy","metal_plastic","is made out of metal","per","vision","can see me","1",-1.5,""
"1827","2","us","children","does that mean...?","cb1","S28",NA,NA,4.912328767,"female","CH","of-color","other-nonwhite","multiracial",NA,NA,NA,"exp1",2,"practice",1,NA,NA,"is purple",NA,NA,"is green","1",-1.5,""
"1828","2","us","children","does that mean...?","cb1","S28",NA,NA,4.912328767,"female","CH","of-color","other-nonwhite","multiracial",NA,NA,NA,"exp1",2,"practice",2,NA,NA,"is walking around",NA,NA,"has legs","1",-0.5,""
"1829","2","us","children","does that mean...?","cb1","S28",NA,NA,4.912328767,"female","CH","of-color","other-nonwhite","multiracial",NA,NA,NA,"exp1",2,"practice",3,NA,NA,"is made out of paper",NA,NA,"might rip sometime","2",1.5,""
"1830","2","us","children","does that mean...?","cb1","S28",NA,NA,4.912328767,"female","CH","of-color","other-nonwhite","multiracial",NA,NA,NA,"exp1",2,"test",4,"per","vision","can see what the box looks like","aut","noise","can make noises all by itself","1",-1.5,""
"1831","2","us","children","does that mean...?","cb1","S28",NA,NA,4.912328767,"female","CH","of-color","other-nonwhite","multiracial",NA,NA,NA,"exp1",2,"test",5,"phy","glass_clay","is made out of clay","phy","metal_plastic","is made out of plastic","1",-1.5,""
"1832","2","us","children","does that mean...?","cb1","S28",NA,NA,4.912328767,"female","CH","of-color","other-nonwhite","multiracial",NA,NA,NA,"exp1",2,"test",6,"aut","movement","is moving itself from one side of the box to the other","per","hearing","can hear me","1",-1.5,""
"1833","2","us","children","does that mean...?","cb1","S28",NA,NA,4.912328767,"female","CH","of-color","other-nonwhite","multiracial",NA,NA,NA,"exp1",2,"test",7,"aff","negative","is in a bad mood right now","aff","positive","can be in a good mood sometimes","2",1.5,""
"1834","2","us","children","does that mean...?","cb1","S28",NA,NA,4.912328767,"female","CH","of-color","other-nonwhite","multiracial",NA,NA,NA,"exp1",2,"test",8,"aut","noise","is making sounds on its own","phy","glass_clay","is made out of glass","1",-0.5,""
"1835","2","us","children","does that mean...?","cb1","S28",NA,NA,4.912328767,"female","CH","of-color","other-nonwhite","multiracial",NA,NA,NA,"exp1",2,"test",9,"per","hearing","can hear what's going on around it","aff","negative","can feel sad sometimes","2",0.5,""
"1836","2","us","children","does that mean...?","cb1","S28",NA,NA,4.912328767,"female","CH","of-color","other-nonwhite","multiracial",NA,NA,NA,"exp1",2,"test",10,"aff","positive","feels happy right now","aut","movement","can move itself around the box","1",-0.5,""
"1837","2","us","children","does that mean...?","cb1","S28",NA,NA,4.912328767,"female","CH","of-color","other-nonwhite","multiracial",NA,NA,NA,"exp1",2,"test",11,"phy","metal_plastic","is made out of metal","per","vision","can see me","1",-1.5,""
"1838","2","us","children","does that mean...?","cb1","S36",NA,NA,4.526027397,"male","C","white","white-only","white",NA,NA,NA,"exp1",2,"practice",1,NA,NA,"is purple",NA,NA,"is green","1",-1.5,""
"1839","2","us","children","does that mean...?","cb1","S36",NA,NA,4.526027397,"male","C","white","white-only","white",NA,NA,NA,"exp1",2,"practice",2,NA,NA,"is walking around",NA,NA,"has legs","2",1.5,""
"1840","2","us","children","does that mean...?","cb1","S36",NA,NA,4.526027397,"male","C","white","white-only","white",NA,NA,NA,"exp1",2,"practice",3,NA,NA,"is made out of paper",NA,NA,"might rip sometime","2",1.5,""
"1841","2","us","children","does that mean...?","cb1","S36",NA,NA,4.526027397,"male","C","white","white-only","white",NA,NA,NA,"exp1",2,"test",4,"per","vision","can see what the box looks like","aut","noise","can make noises all by itself","2",1.5,""
"1842","2","us","children","does that mean...?","cb1","S36",NA,NA,4.526027397,"male","C","white","white-only","white",NA,NA,NA,"exp1",2,"test",5,"phy","glass_clay","is made out of clay","phy","metal_plastic","is made out of plastic","1",-0.5,""
"1843","2","us","children","does that mean...?","cb1","S36",NA,NA,4.526027397,"male","C","white","white-only","white",NA,NA,NA,"exp1",2,"test",6,"aut","movement","is moving itself from one side of the box to the other","per","hearing","can hear me","2",1.5,""
"1844","2","us","children","does that mean...?","cb1","S36",NA,NA,4.526027397,"male","C","white","white-only","white",NA,NA,NA,"exp1",2,"test",7,"aff","negative","is in a bad mood right now","aff","positive","can be in a good mood sometimes","2",1.5,""
"1845","2","us","children","does that mean...?","cb1","S36",NA,NA,4.526027397,"male","C","white","white-only","white",NA,NA,NA,"exp1",2,"test",8,"aut","noise","is making sounds on its own","phy","glass_clay","is made out of glass","1",-1.5,""
"1846","2","us","children","does that mean...?","cb1","S36",NA,NA,4.526027397,"male","C","white","white-only","white",NA,NA,NA,"exp1",2,"test",9,"per","hearing","can hear what's going on around it","aff","negative","can feel sad sometimes","1",-1.5,"First said ""sort of no"""
"1847","2","us","children","does that mean...?","cb1","S36",NA,NA,4.526027397,"male","C","white","white-only","white",NA,NA,NA,"exp1",2,"test",10,"aff","positive","feels happy right now","aut","movement","can move itself around the box","2",1.5,""
"1848","2","us","children","does that mean...?","cb1","S36",NA,NA,4.523287671,"male","C","white","white-only","white",NA,NA,NA,"exp1",2,"test",11,"phy","metal_plastic","is made out of metal","per","vision","can see me","1",-1.5,""
"1849","2","us","children","does that mean...?","cb1","C03",NA,NA,5.405479452,"male","A","of-color","some-asian","east-asian",NA,NA,NA,"exp2",3,"practice",1,NA,NA,"is purple",NA,NA,"is green","1",-0.5,""
"1850","2","us","children","does that mean...?","cb1","C03",NA,NA,5.405479452,"male","A","of-color","some-asian","east-asian",NA,NA,NA,"exp2",3,"practice",2,NA,NA,"is walking around",NA,NA,"has legs","2",1.5,""
"1851","2","us","children","does that mean...?","cb1","C03",NA,NA,5.405479452,"male","A","of-color","some-asian","east-asian",NA,NA,NA,"exp2",3,"practice",3,NA,NA,"is made out of paper",NA,NA,"might rip sometime","2",0.5,""
"1852","2","us","children","does that mean...?","cb1","C03",NA,NA,5.405479452,"male","A","of-color","some-asian","east-asian",NA,NA,NA,"exp2",3,"test",4,"aff","negative","feels sad right now","per","vision","can see what the box looks like","2",0.5,"small baby"
"1853","2","us","children","does that mean...?","cb1","C03",NA,NA,5.405479452,"male","A","of-color","some-asian","east-asian",NA,NA,NA,"exp2",3,"test",5,"per","hearing","can hear what's going on around it","phy","glass_clay","is made out of glass","2",1.5,"fish"
"1854","2","us","children","does that mean...?","cb1","C03",NA,NA,5.405479452,"male","A","of-color","some-asian","east-asian",NA,NA,NA,"exp2",3,"test",6,"phy","metal_plastic","is made out of plastic","aff","negative","can be in a bad mood sometimes","2",0.5,""
"1855","2","us","children","does that mean...?","cb1","C03",NA,NA,5.405479452,"male","A","of-color","some-asian","east-asian",NA,NA,NA,"exp2",3,"test",7,"aut","noise","is making noises all by itself","aut","movement","can move itself around the box","2",1.5,"doggie"
"1856","2","us","children","does that mean...?","cb1","C03",NA,NA,5.405479452,"male","A","of-color","some-asian","east-asian",NA,NA,NA,"exp2",3,"test",8,"aff","positive","is in a good mood right now","phy","metal_plastic","is made out of metal","2",0.5,"What's a good mood?"
"1857","2","us","children","does that mean...?","cb1","C03",NA,NA,5.405479452,"male","A","of-color","some-asian","east-asian",NA,NA,NA,"exp2",3,"test",9,"per","vision","can see me","per","hearing","can hear me","2",1.5,"First said ""no""; maybe a mirror"
"1858","2","us","children","does that mean...?","cb1","C03",NA,NA,5.405479452,"male","A","of-color","some-asian","east-asian",NA,NA,NA,"exp2",3,"test",10,"phy","glass_clay","is made out of clay","aut","noise","can make sounds on its own","2",1.5,"First said ""no"""
"1859","2","us","children","does that mean...?","cb1","C03",NA,NA,5.405479452,"male","A","of-color","some-asian","east-asian",NA,NA,NA,"exp2",3,"test",11,"aut","movement","is moving itself from one side of the box to the other","aff","positive","can feel happy sometimes","2",1.5,""
"1860","2","us","children","does that mean...?","cb1","C11",NA,NA,4.676712329,"female","AAME","of-color","some-asian","multiracial",NA,NA,NA,"exp2",3,"practice",1,NA,NA,"is purple",NA,NA,"is green","2",1.5,""
"1861","2","us","children","does that mean...?","cb1","C11",NA,NA,4.676712329,"female","AAME","of-color","some-asian","multiracial",NA,NA,NA,"exp2",3,"practice",2,NA,NA,"is walking around",NA,NA,"has legs","2",0.5,""
"1862","2","us","children","does that mean...?","cb1","C11",NA,NA,4.676712329,"female","AAME","of-color","some-asian","multiracial",NA,NA,NA,"exp2",3,"practice",3,NA,NA,"is made out of paper",NA,NA,"might rip sometime","2",1.5,""
"1863","2","us","children","does that mean...?","cb1","C11",NA,NA,4.676712329,"female","AAME","of-color","some-asian","multiracial",NA,NA,NA,"exp2",3,"test",4,"aff","negative","feels sad right now","per","vision","can see what the box looks like","2",0.5,""
"1864","2","us","children","does that mean...?","cb1","C11",NA,NA,4.676712329,"female","AAME","of-color","some-asian","multiracial",NA,NA,NA,"exp2",3,"test",5,"per","hearing","can hear what's going on around it","phy","glass_clay","is made out of glass","2",0.5,""
"1865","2","us","children","does that mean...?","cb1","C11",NA,NA,4.676712329,"female","AAME","of-color","some-asian","multiracial",NA,NA,NA,"exp2",3,"test",6,"phy","metal_plastic","is made out of plastic","aff","negative","can be in a bad mood sometimes","2",1.5,""
"1866","2","us","children","does that mean...?","cb1","C11",NA,NA,4.676712329,"female","AAME","of-color","some-asian","multiracial",NA,NA,NA,"exp2",3,"test",7,"aut","noise","is making noises all by itself","aut","movement","can move itself around the box","1",-1.5,""
"1867","2","us","children","does that mean...?","cb1","C11",NA,NA,4.676712329,"female","AAME","of-color","some-asian","multiracial",NA,NA,NA,"exp2",3,"test",8,"aff","positive","is in a good mood right now","phy","metal_plastic","is made out of metal","2",1.5,""
"1868","2","us","children","does that mean...?","cb1","C11",NA,NA,4.676712329,"female","AAME","of-color","some-asian","multiracial",NA,NA,NA,"exp2",3,"test",9,"per","vision","can see me","per","hearing","can hear me","2",1.5,""
"1869","2","us","children","does that mean...?","cb1","C11",NA,NA,4.676712329,"female","AAME","of-color","some-asian","multiracial",NA,NA,NA,"exp2",3,"test",10,"phy","glass_clay","is made out of clay","aut","noise","can make sounds on its own","2",1.5,"It's play doh"
"1870","2","us","children","does that mean...?","cb1","C11",NA,NA,4.676712329,"female","AAME","of-color","some-asian","multiracial",NA,NA,NA,"exp2",3,"test",11,"aut","movement","is moving itself from one side of the box to the other","aff","positive","can feel happy sometimes","2",1.5,""
"1871","2","us","children","does that mean...?","cb1","FC02",NA,NA,4.534246575,"female","C","white","white-only","white",NA,NA,NA,"exp2",3,"practice",1,NA,NA,"is purple",NA,NA,"is green","1",-1.5,""
"1872","2","us","children","does that mean...?","cb1","FC02",NA,NA,4.534246575,"female","C","white","white-only","white",NA,NA,NA,"exp2",3,"practice",2,NA,NA,"is walking around",NA,NA,"has legs","2",1.5,""
"1873","2","us","children","does that mean...?","cb1","FC02",NA,NA,4.534246575,"female","C","white","white-only","white",NA,NA,NA,"exp2",3,"practice",3,NA,NA,"is made out of paper",NA,NA,"might rip sometime","2",1.5,""
"1874","2","us","children","does that mean...?","cb1","FC02",NA,NA,4.534246575,"female","C","white","white-only","white",NA,NA,NA,"exp2",3,"test",4,"aff","negative","feels sad right now","per","vision","can see what the box looks like","2",1.5,""
"1875","2","us","children","does that mean...?","cb1","FC02",NA,NA,4.534246575,"female","C","white","white-only","white",NA,NA,NA,"exp2",3,"test",5,"per","hearing","can hear what's going on around it","phy","glass_clay","is made out of glass","2",1.5,""
"1876","2","us","children","does that mean...?","cb1","FC02",NA,NA,4.534246575,"female","C","white","white-only","white",NA,NA,NA,"exp2",3,"test",6,"phy","metal_plastic","is made out of plastic","aff","negative","can be in a bad mood sometimes","2",0.5,""
"1877","2","us","children","does that mean...?","cb1","FC02",NA,NA,4.534246575,"female","C","white","white-only","white",NA,NA,NA,"exp2",3,"test",7,"aut","noise","is making noises all by itself","aut","movement","can move itself around the box","2",1.5,""
"1878","2","us","children","does that mean...?","cb1","FC02",NA,NA,4.534246575,"female","C","white","white-only","white",NA,NA,NA,"exp2",3,"test",8,"aff","positive","is in a good mood right now","phy","metal_plastic","is made out of metal","2",1.5,""
"1879","2","us","children","does that mean...?","cb1","FC02",NA,NA,4.534246575,"female","C","white","white-only","white",NA,NA,NA,"exp2",3,"test",9,"per","vision","can see me","per","hearing","can hear me","2",1.5,""
"1880","2","us","children","does that mean...?","cb1","FC02",NA,NA,4.534246575,"female","C","white","white-only","white",NA,NA,NA,"exp2",3,"test",10,"phy","glass_clay","is made out of clay","aut","noise","can make sounds on its own","1",-1.5,""
"1881","2","us","children","does that mean...?","cb1","FC02",NA,NA,4.534246575,"female","C","white","white-only","white",NA,NA,NA,"exp2",3,"test",11,"aut","movement","is moving itself from one side of the box to the other","aff","positive","can feel happy sometimes","2",1.5,""
"1882","2","us","children","does that mean...?","cb1","S03",NA,NA,4.802739726,"male","ME","of-color","some-asian","middle-eastern",NA,NA,NA,"exp1",3,"practice",1,NA,NA,"is purple",NA,NA,"is green","1",-1.5,"turn into blue"
"1883","2","us","children","does that mean...?","cb1","S03",NA,NA,4.802739726,"male","ME","of-color","some-asian","middle-eastern",NA,NA,NA,"exp1",3,"practice",2,NA,NA,"is walking around",NA,NA,"has legs","2",1.5,""
"1884","2","us","children","does that mean...?","cb1","S03",NA,NA,4.802739726,"male","ME","of-color","some-asian","middle-eastern",NA,NA,NA,"exp1",3,"practice",3,NA,NA,"is made out of paper",NA,NA,"might rip sometime","2",1.5,""
"1885","2","us","children","does that mean...?","cb1","S03",NA,NA,4.802739726,"male","ME","of-color","some-asian","middle-eastern",NA,NA,NA,"exp1",3,"test",4,"aff","negative","feels sad right now","per","vision","can see what the box looks like","2",1.5,"it means it would look like smile"
"1886","2","us","children","does that mean...?","cb1","S03",NA,NA,4.802739726,"male","ME","of-color","some-asian","middle-eastern",NA,NA,NA,"exp1",3,"test",5,"per","hearing","can hear what's going on around it","phy","glass_clay","is made out of glass","2",1.5,""
"1887","2","us","children","does that mean...?","cb1","S03",NA,NA,4.802739726,"male","ME","of-color","some-asian","middle-eastern",NA,NA,NA,"exp1",3,"test",6,"phy","metal_plastic","is made out of plastic","aff","negative","can be in a bad mood sometimes","2",1.5,""
"1888","2","us","children","does that mean...?","cb1","S03",NA,NA,4.802739726,"male","ME","of-color","some-asian","middle-eastern",NA,NA,NA,"exp1",3,"test",7,"aut","noise","is making noises all by itself","aut","movement","can move itself around the box","2",1.5,""
"1889","2","us","children","does that mean...?","cb1","S03",NA,NA,4.802739726,"male","ME","of-color","some-asian","middle-eastern",NA,NA,NA,"exp1",3,"test",8,"aff","positive","is in a good mood right now","phy","metal_plastic","is made out of metal","1",NA,"first said yes, really yes; it'll turn into glass"
"1890","2","us","children","does that mean...?","cb1","S03",NA,NA,4.802739726,"male","ME","of-color","some-asian","middle-eastern",NA,NA,NA,"exp1",3,"test",9,"per","vision","can see me","per","hearing","can hear me","2",1.5,""
"1891","2","us","children","does that mean...?","cb1","S03",NA,NA,4.802739726,"male","ME","of-color","some-asian","middle-eastern",NA,NA,NA,"exp1",3,"test",10,"phy","glass_clay","is made out of clay","aut","noise","can make sounds on its own","2",1.5,"first said no; it'll make crazy stuff"
"1892","2","us","children","does that mean...?","cb1","S03",NA,NA,4.802739726,"male","ME","of-color","some-asian","middle-eastern",NA,NA,NA,"exp1",3,"test",11,"aut","movement","is moving itself from one side of the box to the other","aff","positive","can feel happy sometimes","2",1.5,"first said no; sometimes it would be scary"
"1893","2","us","children","does that mean...?","cb1","S19",NA,NA,4.736986301,"male","unknown",NA,NA,"unknown",NA,NA,NA,"exp1",3,"practice",1,NA,NA,"is purple",NA,NA,"is green","2",1.5,""
"1894","2","us","children","does that mean...?","cb1","S19",NA,NA,4.736986301,"male","unknown",NA,NA,"unknown",NA,NA,NA,"exp1",3,"practice",2,NA,NA,"is walking around",NA,NA,"has legs","2",1.5,"like an ant"
"1895","2","us","children","does that mean...?","cb1","S19",NA,NA,4.736986301,"male","unknown",NA,NA,"unknown",NA,NA,NA,"exp1",3,"practice",3,NA,NA,"is made out of paper",NA,NA,"might rip sometime","2",1.5,"a paper"
"1896","2","us","children","does that mean...?","cb1","S19",NA,NA,4.736986301,"male","unknown",NA,NA,"unknown",NA,NA,NA,"exp1",3,"test",4,"aff","negative","feels sad right now","per","vision","can see what the box looks like","2",1.5,""
"1897","2","us","children","does that mean...?","cb1","S19",NA,NA,4.736986301,"male","unknown",NA,NA,"unknown",NA,NA,NA,"exp1",3,"test",5,"per","hearing","can hear what's going on around it","phy","glass_clay","is made out of glass","1",-1.5,""
"1898","2","us","children","does that mean...?","cb1","S19",NA,NA,4.736986301,"male","unknown",NA,NA,"unknown",NA,NA,NA,"exp1",3,"test",6,"phy","metal_plastic","is made out of plastic","aff","negative","can be in a bad mood sometimes","1",-0.5,""
"1899","2","us","children","does that mean...?","cb1","S19",NA,NA,4.736986301,"male","unknown",NA,NA,"unknown",NA,NA,NA,"exp1",3,"test",7,"aut","noise","is making noises all by itself","aut","movement","can move itself around the box","2",0.5,""
"1900","2","us","children","does that mean...?","cb1","S19",NA,NA,4.736986301,"male","unknown",NA,NA,"unknown",NA,NA,NA,"exp1",3,"test",8,"aff","positive","is in a good mood right now","phy","metal_plastic","is made out of metal","1",-1.5,""
"1901","2","us","children","does that mean...?","cb1","S19",NA,NA,4.736986301,"male","unknown",NA,NA,"unknown",NA,NA,NA,"exp1",3,"test",9,"per","vision","can see me","per","hearing","can hear me","2",0.5,""
"1902","2","us","children","does that mean...?","cb1","S19",NA,NA,4.736986301,"male","unknown",NA,NA,"unknown",NA,NA,NA,"exp1",3,"test",10,"phy","glass_clay","is made out of clay","aut","noise","can make sounds on its own","2",0.5,""
"1903","2","us","children","does that mean...?","cb1","S19",NA,NA,4.736986301,"male","unknown",NA,NA,"unknown",NA,NA,NA,"exp1",3,"test",11,"aut","movement","is moving itself from one side of the box to the other","aff","positive","can feel happy sometimes","2",1.5,""
"1904","2","us","children","does that mean...?","cb1","S21",NA,NA,5.389041096,"female","AH","of-color","some-asian","multiracial",NA,NA,NA,"exp1",3,"practice",1,NA,NA,"is purple",NA,NA,"is green","1",-1.5,""
"1905","2","us","children","does that mean...?","cb1","S21",NA,NA,5.389041096,"female","AH","of-color","some-asian","multiracial",NA,NA,NA,"exp1",3,"practice",2,NA,NA,"is walking around",NA,NA,"has legs","2",1.5,""
"1906","2","us","children","does that mean...?","cb1","S21",NA,NA,5.389041096,"female","AH","of-color","some-asian","multiracial",NA,NA,NA,"exp1",3,"practice",3,NA,NA,"is made out of paper",NA,NA,"might rip sometime","2",1.5,""
"1907","2","us","children","does that mean...?","cb1","S21",NA,NA,5.389041096,"female","AH","of-color","some-asian","multiracial",NA,NA,NA,"exp1",3,"test",4,"aff","negative","feels sad right now","per","vision","can see what the box looks like","1",-0.5,""
"1908","2","us","children","does that mean...?","cb1","S21",NA,NA,5.389041096,"female","AH","of-color","some-asian","multiracial",NA,NA,NA,"exp1",3,"test",5,"per","hearing","can hear what's going on around it","phy","glass_clay","is made out of glass","1",-1.5,""
"1909","2","us","children","does that mean...?","cb1","S21",NA,NA,5.389041096,"female","AH","of-color","some-asian","multiracial",NA,NA,NA,"exp1",3,"test",6,"phy","metal_plastic","is made out of plastic","aff","negative","can be in a bad mood sometimes","1",-1.5,""
"1910","2","us","children","does that mean...?","cb1","S21",NA,NA,5.389041096,"female","AH","of-color","some-asian","multiracial",NA,NA,NA,"exp1",3,"test",7,"aut","noise","is making noises all by itself","aut","movement","can move itself around the box","1",-0.5,""
"1911","2","us","children","does that mean...?","cb1","S21",NA,NA,5.389041096,"female","AH","of-color","some-asian","multiracial",NA,NA,NA,"exp1",3,"test",8,"aff","positive","is in a good mood right now","phy","metal_plastic","is made out of metal","1",-1.5,""
"1912","2","us","children","does that mean...?","cb1","S21",NA,NA,5.389041096,"female","AH","of-color","some-asian","multiracial",NA,NA,NA,"exp1",3,"test",9,"per","vision","can see me","per","hearing","can hear me","2",1.5,""
"1913","2","us","children","does that mean...?","cb1","S21",NA,NA,5.389041096,"female","AH","of-color","some-asian","multiracial",NA,NA,NA,"exp1",3,"test",10,"phy","glass_clay","is made out of clay","aut","noise","can make sounds on its own","1",-1.5,""
"1914","2","us","children","does that mean...?","cb1","S21",NA,NA,5.389041096,"female","AH","of-color","some-asian","multiracial",NA,NA,NA,"exp1",3,"test",11,"aut","movement","is moving itself from one side of the box to the other","aff","positive","can feel happy sometimes","2",1.5,""
"1915","2","us","children","does that mean...?","cb1","S29",NA,NA,5.309589041,"male","CA","of-color","some-asian","multiracial",NA,NA,NA,"exp1",3,"practice",1,NA,NA,"is purple",NA,NA,"is green","1",-0.5,""
"1916","2","us","children","does that mean...?","cb1","S29",NA,NA,5.309589041,"male","CA","of-color","some-asian","multiracial",NA,NA,NA,"exp1",3,"practice",2,NA,NA,"is walking around",NA,NA,"has legs","2",1.5,"I don't know"
"1917","2","us","children","does that mean...?","cb1","S29",NA,NA,5.309589041,"male","CA","of-color","some-asian","multiracial",NA,NA,NA,"exp1",3,"practice",3,NA,NA,"is made out of paper",NA,NA,"might rip sometime","2",1.5,""
"1918","2","us","children","does that mean...?","cb1","S29",NA,NA,5.309589041,"male","CA","of-color","some-asian","multiracial",NA,NA,NA,"exp1",3,"test",4,"aff","negative","feels sad right now","per","vision","can see what the box looks like","1",-1.5,""
"1919","2","us","children","does that mean...?","cb1","S29",NA,NA,5.309589041,"male","CA","of-color","some-asian","multiracial",NA,NA,NA,"exp1",3,"test",5,"per","hearing","can hear what's going on around it","phy","glass_clay","is made out of glass","1",-0.5,""
"1920","2","us","children","does that mean...?","cb1","S29",NA,NA,5.309589041,"male","CA","of-color","some-asian","multiracial",NA,NA,NA,"exp1",3,"test",6,"phy","metal_plastic","is made out of plastic","aff","negative","can be in a bad mood sometimes","1",-1.5,""
"1921","2","us","children","does that mean...?","cb1","S29",NA,NA,5.309589041,"male","CA","of-color","some-asian","multiracial",NA,NA,NA,"exp1",3,"test",7,"aut","noise","is making noises all by itself","aut","movement","can move itself around the box","1",-1.5,""
"1922","2","us","children","does that mean...?","cb1","S29",NA,NA,5.309589041,"male","CA","of-color","some-asian","multiracial",NA,NA,NA,"exp1",3,"test",8,"aff","positive","is in a good mood right now","phy","metal_plastic","is made out of metal","1",-1.5,""
"1923","2","us","children","does that mean...?","cb1","S29",NA,NA,5.309589041,"male","CA","of-color","some-asian","multiracial",NA,NA,NA,"exp1",3,"test",9,"per","vision","can see me","per","hearing","can hear me","1",-1.5,""
"1924","2","us","children","does that mean...?","cb1","S29",NA,NA,5.309589041,"male","CA","of-color","some-asian","multiracial",NA,NA,NA,"exp1",3,"test",10,"phy","glass_clay","is made out of clay","aut","noise","can make sounds on its own","1",-0.5,""
"1925","2","us","children","does that mean...?","cb1","S29",NA,NA,5.309589041,"male","CA","of-color","some-asian","multiracial",NA,NA,NA,"exp1",3,"test",11,"aut","movement","is moving itself from one side of the box to the other","aff","positive","can feel happy sometimes","1",-1.5,""
"1926","2","us","children","does that mean...?","cb1","S37",NA,NA,4.915068493,"male","CHA","of-color","some-asian","multiracial",NA,NA,NA,"exp1",3,"practice",1,NA,NA,"is purple",NA,NA,"is green","1",-0.5,""
"1927","2","us","children","does that mean...?","cb1","S37",NA,NA,4.915068493,"male","CHA","of-color","some-asian","multiracial",NA,NA,NA,"exp1",3,"practice",2,NA,NA,"is walking around",NA,NA,"has legs","2",1.5,""
"1928","2","us","children","does that mean...?","cb1","S37",NA,NA,4.915068493,"male","CHA","of-color","some-asian","multiracial",NA,NA,NA,"exp1",3,"practice",3,NA,NA,"is made out of paper",NA,NA,"might rip sometime","2",0.5,""
"1929","2","us","children","does that mean...?","cb1","S37",NA,NA,4.915068493,"male","CHA","of-color","some-asian","multiracial",NA,NA,NA,"exp1",3,"test",4,"aff","negative","feels sad right now","per","vision","can see what the box looks like","1",-0.5,""
"1930","2","us","children","does that mean...?","cb1","S37",NA,NA,4.915068493,"male","CHA","of-color","some-asian","multiracial",NA,NA,NA,"exp1",3,"test",5,"per","hearing","can hear what's going on around it","phy","glass_clay","is made out of glass","1",-1.5,""
"1931","2","us","children","does that mean...?","cb1","S37",NA,NA,4.915068493,"male","CHA","of-color","some-asian","multiracial",NA,NA,NA,"exp1",3,"test",6,"phy","metal_plastic","is made out of plastic","aff","negative","can be in a bad mood sometimes","1",-0.5,""
"1932","2","us","children","does that mean...?","cb1","S37",NA,NA,4.915068493,"male","CHA","of-color","some-asian","multiracial",NA,NA,NA,"exp1",3,"test",7,"aut","noise","is making noises all by itself","aut","movement","can move itself around the box","2",0.5,""
"1933","2","us","children","does that mean...?","cb1","S37",NA,NA,4.915068493,"male","CHA","of-color","some-asian","multiracial",NA,NA,NA,"exp1",3,"test",8,"aff","positive","is in a good mood right now","phy","metal_plastic","is made out of metal","2",0.5,"maybe"
"1934","2","us","children","does that mean...?","cb1","S37",NA,NA,4.915068493,"male","CHA","of-color","some-asian","multiracial",NA,NA,NA,"exp1",3,"test",9,"per","vision","can see me","per","hearing","can hear me","2",1.5,""
"1935","2","us","children","does that mean...?","cb1","S37",NA,NA,4.915068493,"male","CHA","of-color","some-asian","multiracial",NA,NA,NA,"exp1",3,"test",10,"phy","glass_clay","is made out of clay","aut","noise","can make sounds on its own","2",0.5,""
"1936","2","us","children","does that mean...?","cb1","S37",NA,NA,4.915068493,"male","CHA","of-color","some-asian","multiracial",NA,NA,NA,"exp1",3,"test",11,"aut","movement","is moving itself from one side of the box to the other","aff","positive","can feel happy sometimes","2",1.5,""
"1937","2","us","children","does that mean...?","cb1","C04",NA,NA,5.328767123,"female","C","white","white-only","white",NA,NA,NA,"exp2",4,"practice",1,NA,NA,"is purple",NA,NA,"is green","1",-1.5,""
"1938","2","us","children","does that mean...?","cb1","C04",NA,NA,5.328767123,"female","C","white","white-only","white",NA,NA,NA,"exp2",4,"practice",2,NA,NA,"is walking around",NA,NA,"has legs","2",1.5,""
"1939","2","us","children","does that mean...?","cb1","C04",NA,NA,5.328767123,"female","C","white","white-only","white",NA,NA,NA,"exp2",4,"practice",3,NA,NA,"is made out of paper",NA,NA,"might rip sometime","2",1.5,""
"1940","2","us","children","does that mean...?","cb1","C04",NA,NA,5.328767123,"female","C","white","white-only","white",NA,NA,NA,"exp2",4,"test",4,"aut","noise","is making noises all by itself","aff","positive","can be in a good mood sometimes","2",0.5,""
"1941","2","us","children","does that mean...?","cb1","C04",NA,NA,5.328767123,"female","C","white","white-only","white",NA,NA,NA,"exp2",4,"test",5,"phy","metal_plastic","is made out of metal","aut","movement","can move itself from one side of the box to the other","1",-1.5,""
"1942","2","us","children","does that mean...?","cb1","C04",NA,NA,5.328767123,"female","C","white","white-only","white",NA,NA,NA,"exp2",4,"test",6,"per","vision","can see what the box looks like","per","hearing","can hear what's going on around it","2",0.5,"I don't know"
"1943","2","us","children","does that mean...?","cb1","C04",NA,NA,5.328767123,"female","C","white","white-only","white",NA,NA,NA,"exp2",4,"test",7,"aff","negative","is in a bad mood right now","phy","glass_clay","is made out of clay","1",-1.5,""
"1944","2","us","children","does that mean...?","cb1","C04",NA,NA,5.328767123,"female","C","white","white-only","white",NA,NA,NA,"exp2",4,"test",8,"aut","movement","is moving itself around the box","aut","noise","can make sounds on its own","2",0.5,"Maybe, I don't know"
"1945","2","us","children","does that mean...?","cb1","C04",NA,NA,5.328767123,"female","C","white","white-only","white",NA,NA,NA,"exp2",4,"test",9,"phy","glass_clay","is made out of glass","aff","negative","can feel sad sometimes","1",-1.5,""
"1946","2","us","children","does that mean...?","cb1","C04",NA,NA,5.328767123,"female","C","white","white-only","white",NA,NA,NA,"exp2",4,"test",10,"per","hearing","can hear me","phy","metal_plastic","is made out of plastic","1",-1.5,""
"1947","2","us","children","does that mean...?","cb1","C04",NA,NA,5.328767123,"female","C","white","white-only","white",NA,NA,NA,"exp2",4,"test",11,"aff","positive","feels happy right now","per","vision","can see me","2",1.5,""
"1948","2","us","children","does that mean...?","cb1","C12",NA,NA,4.983561644,"female","C","white","white-only","white",NA,NA,NA,"exp2",4,"practice",1,NA,NA,"is purple",NA,NA,"is green","2",0.5,"I kind of don't know; first said no"
"1949","2","us","children","does that mean...?","cb1","C12",NA,NA,4.983561644,"female","C","white","white-only","white",NA,NA,NA,"exp2",4,"practice",2,NA,NA,"is walking around",NA,NA,"has legs","2",1.5,""
"1950","2","us","children","does that mean...?","cb1","C12",NA,NA,4.983561644,"female","C","white","white-only","white",NA,NA,NA,"exp2",4,"practice",3,NA,NA,"is made out of paper",NA,NA,"might rip sometime","2",1.5,""
"1951","2","us","children","does that mean...?","cb1","C12",NA,NA,4.983561644,"female","C","white","white-only","white",NA,NA,NA,"exp2",4,"test",4,"aut","noise","is making noises all by itself","aff","positive","can be in a good mood sometimes","1",-1.5,"I don't know"
"1952","2","us","children","does that mean...?","cb1","C12",NA,NA,4.983561644,"female","C","white","white-only","white",NA,NA,NA,"exp2",4,"test",5,"phy","metal_plastic","is made out of metal","aut","movement","can move itself from one side of the box to the other","1",-1.5,""
"1953","2","us","children","does that mean...?","cb1","C12",NA,NA,4.983561644,"female","C","white","white-only","white",NA,NA,NA,"exp2",4,"test",6,"per","vision","can see what the box looks like","per","hearing","can hear what's going on around it","1",-0.5,"I don't know"
"1954","2","us","children","does that mean...?","cb1","C12",NA,NA,4.983561644,"female","C","white","white-only","white",NA,NA,NA,"exp2",4,"test",7,"aff","negative","is in a bad mood right now","phy","glass_clay","is made out of clay","1",-1.5,""
"1955","2","us","children","does that mean...?","cb1","C12",NA,NA,4.983561644,"female","C","white","white-only","white",NA,NA,NA,"exp2",4,"test",8,"aut","movement","is moving itself around the box","aut","noise","can make sounds on its own","1",-1.5,"I don't know;I can't see inside the box"
"1956","2","us","children","does that mean...?","cb1","C12",NA,NA,4.983561644,"female","C","white","white-only","white",NA,NA,NA,"exp2",4,"test",9,"phy","glass_clay","is made out of glass","aff","negative","can feel sad sometimes","1",-0.5,"I don't know"
"1957","2","us","children","does that mean...?","cb1","C12",NA,NA,4.983561644,"female","C","white","white-only","white",NA,NA,NA,"exp2",4,"test",10,"per","hearing","can hear me","phy","metal_plastic","is made out of plastic","1",-1.5,""
"1958","2","us","children","does that mean...?","cb1","C12",NA,NA,4.983561644,"female","C","white","white-only","white",NA,NA,NA,"exp2",4,"test",11,"aff","positive","feels happy right now","per","vision","can see me","2",1.5,"I don't know"
"1959","2","us","children","does that mean...?","cb1","C20",NA,NA,4.452054795,"female","CA","of-color","some-asian","multiracial",NA,NA,NA,"exp2",4,"practice",1,NA,NA,"is purple",NA,NA,"is green","1",NA,"[mumbles]"
"1960","2","us","children","does that mean...?","cb1","C20",NA,NA,4.452054795,"female","CA","of-color","some-asian","multiracial",NA,NA,NA,"exp2",4,"practice",2,NA,NA,"is walking around",NA,NA,"has legs","2",1.5,""
"1961","2","us","children","does that mean...?","cb1","C20",NA,NA,4.452054795,"female","CA","of-color","some-asian","multiracial",NA,NA,NA,"exp2",4,"practice",3,NA,NA,"is made out of paper",NA,NA,"might rip sometime","2",1.5,""
"1962","2","us","children","does that mean...?","cb1","C20",NA,NA,4.452054795,"female","CA","of-color","some-asian","multiracial",NA,NA,NA,"exp2",4,"test",4,"aut","noise","is making noises all by itself","aff","positive","can be in a good mood sometimes","2",1.5,""
"1963","2","us","children","does that mean...?","cb1","C20",NA,NA,4.452054795,"female","CA","of-color","some-asian","multiracial",NA,NA,NA,"exp2",4,"test",5,"phy","metal_plastic","is made out of metal","aut","movement","can move itself from one side of the box to the other","1",-1.5,""
"1964","2","us","children","does that mean...?","cb1","C20",NA,NA,4.452054795,"female","CA","of-color","some-asian","multiracial",NA,NA,NA,"exp2",4,"test",6,"per","vision","can see what the box looks like","per","hearing","can hear what's going on around it","2",1.5,""
"1965","2","us","children","does that mean...?","cb1","C20",NA,NA,4.452054795,"female","CA","of-color","some-asian","multiracial",NA,NA,NA,"exp2",4,"test",7,"aff","negative","is in a bad mood right now","phy","glass_clay","is made out of clay","2",1.5,"maybe Lenny's in the game room"
"1966","2","us","children","does that mean...?","cb1","C20",NA,NA,4.452054795,"female","CA","of-color","some-asian","multiracial",NA,NA,NA,"exp2",4,"test",8,"aut","movement","is moving itself around the box","aut","noise","can make sounds on its own","2",1.5,""
"1967","2","us","children","does that mean...?","cb1","C20",NA,NA,4.452054795,"female","CA","of-color","some-asian","multiracial",NA,NA,NA,"exp2",4,"test",9,"phy","glass_clay","is made out of glass","aff","negative","can feel sad sometimes","2",1.5,""
"1968","2","us","children","does that mean...?","cb1","C20",NA,NA,4.452054795,"female","CA","of-color","some-asian","multiracial",NA,NA,NA,"exp2",4,"test",10,"per","hearing","can hear me","phy","metal_plastic","is made out of plastic","2",1.5,""
"1969","2","us","children","does that mean...?","cb1","C20",NA,NA,4.452054795,"female","CA","of-color","some-asian","multiracial",NA,NA,NA,"exp2",4,"test",11,"aff","positive","feels happy right now","per","vision","can see me","2",1.5,""
"1970","2","us","children","does that mean...?","cb1","S04",NA,NA,5.42739726,"female","H","of-color","other-nonwhite","hispanic-latino",NA,NA,NA,"exp1",4,"practice",1,NA,NA,"is purple",NA,NA,"is green","1",-0.5,"first said really no"
"1971","2","us","children","does that mean...?","cb1","S04",NA,NA,5.42739726,"female","H","of-color","other-nonwhite","hispanic-latino",NA,NA,NA,"exp1",4,"practice",2,NA,NA,"is walking around",NA,NA,"has legs","2",0.5,""
"1972","2","us","children","does that mean...?","cb1","S04",NA,NA,5.42739726,"female","H","of-color","other-nonwhite","hispanic-latino",NA,NA,NA,"exp1",4,"practice",3,NA,NA,"is made out of paper",NA,NA,"might rip sometime","2",0.5,"sort of rip"
"1973","2","us","children","does that mean...?","cb1","S04",NA,NA,5.42739726,"female","H","of-color","other-nonwhite","hispanic-latino",NA,NA,NA,"exp1",4,"test",4,"aut","noise","is making noises all by itself","aff","positive","can be in a good mood sometimes","2",0.5,""
"1974","2","us","children","does that mean...?","cb1","S04",NA,NA,5.42739726,"female","H","of-color","other-nonwhite","hispanic-latino",NA,NA,NA,"exp1",4,"test",5,"phy","metal_plastic","is made out of metal","aut","movement","can move itself from one side of the box to the other","1",-0.5,""
"1975","2","us","children","does that mean...?","cb1","S04",NA,NA,5.42739726,"female","H","of-color","other-nonwhite","hispanic-latino",NA,NA,NA,"exp1",4,"test",6,"per","vision","can see what the box looks like","per","hearing","can hear what's going on around it","2",0.5,"said ""sort of yes"" first after base (before inf)"
"1976","2","us","children","does that mean...?","cb1","S04",NA,NA,5.42739726,"female","H","of-color","other-nonwhite","hispanic-latino",NA,NA,NA,"exp1",4,"test",7,"aff","negative","is in a bad mood right now","phy","glass_clay","is made out of clay","2",0.5,""
"1977","2","us","children","does that mean...?","cb1","S04",NA,NA,5.42739726,"female","H","of-color","other-nonwhite","hispanic-latino",NA,NA,NA,"exp1",4,"test",8,"aut","movement","is moving itself around the box","aut","noise","can make sounds on its own","2",0.5,""
"1978","2","us","children","does that mean...?","cb1","S04",NA,NA,5.42739726,"female","H","of-color","other-nonwhite","hispanic-latino",NA,NA,NA,"exp1",4,"test",9,"phy","glass_clay","is made out of glass","aff","negative","can feel sad sometimes","2",0.5,"when it breaks"
"1979","2","us","children","does that mean...?","cb1","S04",NA,NA,5.42739726,"female","H","of-color","other-nonwhite","hispanic-latino",NA,NA,NA,"exp1",4,"test",10,"per","hearing","can hear me","phy","metal_plastic","is made out of plastic","2",0.5,"said ""sort of yes"" first after base (before inf)"
"1980","2","us","children","does that mean...?","cb1","S04",NA,NA,5.42739726,"female","H","of-color","other-nonwhite","hispanic-latino",NA,NA,NA,"exp1",4,"test",11,"aff","positive","feels happy right now","per","vision","can see me","2",0.5,""
"1981","2","us","children","does that mean...?","cb1","S12",NA,NA,4.876712329,"male","C","white","white-only","white",NA,NA,NA,"exp1",4,"practice",1,NA,NA,"is purple",NA,NA,"is green","1",-1.5,"it's a plant"
"1982","2","us","children","does that mean...?","cb1","S12",NA,NA,4.876712329,"male","C","white","white-only","white",NA,NA,NA,"exp1",4,"practice",2,NA,NA,"is walking around",NA,NA,"has legs","2",1.5,"a bug"
"1983","2","us","children","does that mean...?","cb1","S12",NA,NA,4.876712329,"male","C","white","white-only","white",NA,NA,NA,"exp1",4,"practice",3,NA,NA,"is made out of paper",NA,NA,"might rip sometime","2",1.5,"first said ""I don't know""; a paper shape"
"1984","2","us","children","does that mean...?","cb1","S12",NA,NA,4.876712329,"male","C","white","white-only","white",NA,NA,NA,"exp1",4,"test",4,"aut","noise","is making noises all by itself","aff","positive","can be in a good mood sometimes","2",0.5,"monster"
"1985","2","us","children","does that mean...?","cb1","S12",NA,NA,4.876712329,"male","C","white","white-only","white",NA,NA,NA,"exp1",4,"test",5,"phy","metal_plastic","is made out of metal","aut","movement","can move itself from one side of the box to the other","1",-1.5,"computer"
"1986","2","us","children","does that mean...?","cb1","S12",NA,NA,4.876712329,"male","C","white","white-only","white",NA,NA,NA,"exp1",4,"test",6,"per","vision","can see what the box looks like","per","hearing","can hear what's going on around it","1",-1.5,"first said ""I don't know"""
"1987","2","us","children","does that mean...?","cb1","S12",NA,NA,4.876712329,"male","C","white","white-only","white",NA,NA,NA,"exp1",4,"test",7,"aff","negative","is in a bad mood right now","phy","glass_clay","is made out of clay","1",-1.5,"bee"
"1988","2","us","children","does that mean...?","cb1","S12",NA,NA,4.876712329,"male","C","white","white-only","white",NA,NA,NA,"exp1",4,"test",8,"aut","movement","is moving itself around the box","aut","noise","can make sounds on its own","2",1.5,"is it flying? A bee? Bzzzz"
"1989","2","us","children","does that mean...?","cb1","S12",NA,NA,4.876712329,"male","C","white","white-only","white",NA,NA,NA,"exp1",4,"test",9,"phy","glass_clay","is made out of glass","aff","negative","can feel sad sometimes","1",-1.5,"glass bottle? Or a window?"
"1990","2","us","children","does that mean...?","cb1","S12",NA,NA,4.876712329,"male","C","white","white-only","white",NA,NA,NA,"exp1",4,"test",10,"per","hearing","can hear me","phy","metal_plastic","is made out of plastic","1",-1.5,""
"1991","2","us","children","does that mean...?","cb1","S12",NA,NA,4.876712329,"male","C","white","white-only","white",NA,NA,NA,"exp1",4,"test",11,"aff","positive","feels happy right now","per","vision","can see me","2",1.5,"is it him [Lenny]?"
"1992","2","us","children","does that mean...?","cb1","S22",NA,NA,4.75890411,"female","AH","of-color","some-asian","multiracial",NA,NA,NA,"exp1",4,"practice",1,NA,NA,"is purple",NA,NA,"is green","1",-0.5,""
"1993","2","us","children","does that mean...?","cb1","S22",NA,NA,4.75890411,"female","AH","of-color","some-asian","multiracial",NA,NA,NA,"exp1",4,"practice",2,NA,NA,"is walking around",NA,NA,"has legs","2",1.5,""
"1994","2","us","children","does that mean...?","cb1","S22",NA,NA,4.75890411,"female","AH","of-color","some-asian","multiracial",NA,NA,NA,"exp1",4,"practice",3,NA,NA,"is made out of paper",NA,NA,"might rip sometime","2",0.5,""
"1995","2","us","children","does that mean...?","cb1","S22",NA,NA,4.75890411,"female","AH","of-color","some-asian","multiracial",NA,NA,NA,"exp1",4,"test",4,"aut","noise","is making noises all by itself","aff","positive","can be in a good mood sometimes","2",1.5,""
"1996","2","us","children","does that mean...?","cb1","S22",NA,NA,4.75890411,"female","AH","of-color","some-asian","multiracial",NA,NA,NA,"exp1",4,"test",5,"phy","metal_plastic","is made out of metal","aut","movement","can move itself from one side of the box to the other","2",0.5,""
"1997","2","us","children","does that mean...?","cb1","S22",NA,NA,4.75890411,"female","AH","of-color","some-asian","multiracial",NA,NA,NA,"exp1",4,"test",6,"per","vision","can see what the box looks like","per","hearing","can hear what's going on around it","2",1.5,""
"1998","2","us","children","does that mean...?","cb1","S22",NA,NA,4.75890411,"female","AH","of-color","some-asian","multiracial",NA,NA,NA,"exp1",4,"test",7,"aff","negative","is in a bad mood right now","phy","glass_clay","is made out of clay","2",1.5,""
"1999","2","us","children","does that mean...?","cb1","S22",NA,NA,4.75890411,"female","AH","of-color","some-asian","multiracial",NA,NA,NA,"exp1",4,"test",8,"aut","movement","is moving itself around the box","aut","noise","can make sounds on its own","2",1.5,""
"2000","2","us","children","does that mean...?","cb1","S22",NA,NA,4.75890411,"female","AH","of-color","some-asian","multiracial",NA,NA,NA,"exp1",4,"test",9,"phy","glass_clay","is made out of glass","aff","negative","can feel sad sometimes","2",0.5,""
"2001","2","us","children","does that mean...?","cb1","S22",NA,NA,4.75890411,"female","AH","of-color","some-asian","multiracial",NA,NA,NA,"exp1",4,"test",10,"per","hearing","can hear me","phy","metal_plastic","is made out of plastic","2",0.5,""
"2002","2","us","children","does that mean...?","cb1","S22",NA,NA,4.75890411,"female","AH","of-color","some-asian","multiracial",NA,NA,NA,"exp1",4,"test",11,"aff","positive","feels happy right now","per","vision","can see me","2",1.5,""
"2003","2","us","children","does that mean...?","cb1","S30",NA,NA,4.783561644,"female","C","white","white-only","white",NA,NA,NA,"exp1",4,"practice",1,NA,NA,"is purple",NA,NA,"is green",NA,NA,""
"2004","2","us","children","does that mean...?","cb1","S30",NA,NA,4.783561644,"female","C","white","white-only","white",NA,NA,NA,"exp1",4,"practice",2,NA,NA,"is walking around",NA,NA,"has legs","2",NA,""
"2005","2","us","children","does that mean...?","cb1","S30",NA,NA,4.783561644,"female","C","white","white-only","white",NA,NA,NA,"exp1",4,"practice",3,NA,NA,"is made out of paper",NA,NA,"might rip sometime","2",NA,""
"2006","2","us","children","does that mean...?","cb1","S30",NA,NA,4.783561644,"female","C","white","white-only","white",NA,NA,NA,"exp1",4,"test",4,"aut","noise","is making noises all by itself","aff","positive","can be in a good mood sometimes","2",NA,""
"2007","2","us","children","does that mean...?","cb1","S30",NA,NA,4.783561644,"female","C","white","white-only","white",NA,NA,NA,"exp1",4,"test",5,"phy","metal_plastic","is made out of metal","aut","movement","can move itself from one side of the box to the other","1",NA,""
"2008","2","us","children","does that mean...?","cb1","S30",NA,NA,4.783561644,"female","C","white","white-only","white",NA,NA,NA,"exp1",4,"test",6,"per","vision","can see what the box looks like","per","hearing","can hear what's going on around it","2",NA,""
"2009","2","us","children","does that mean...?","cb1","S30",NA,NA,4.783561644,"female","C","white","white-only","white",NA,NA,NA,"exp1",4,"test",7,"aff","negative","is in a bad mood right now","phy","glass_clay","is made out of clay","2",NA,""
"2010","2","us","children","does that mean...?","cb1","S30",NA,NA,4.783561644,"female","C","white","white-only","white",NA,NA,NA,"exp1",4,"test",8,"aut","movement","is moving itself around the box","aut","noise","can make sounds on its own","2",NA,""
"2011","2","us","children","does that mean...?","cb1","S30",NA,NA,4.783561644,"female","C","white","white-only","white",NA,NA,NA,"exp1",4,"test",9,"phy","glass_clay","is made out of glass","aff","negative","can feel sad sometimes","1",NA,""
"2012","2","us","children","does that mean...?","cb1","S30",NA,NA,4.783561644,"female","C","white","white-only","white",NA,NA,NA,"exp1",4,"test",10,"per","hearing","can hear me","phy","metal_plastic","is made out of plastic","1",NA,""
"2013","2","us","children","does that mean...?","cb1","S30",NA,NA,4.783561644,"female","C","white","white-only","white",NA,NA,NA,"exp1",4,"test",11,"aff","positive","feels happy right now","per","vision","can see me","2",NA,""
"2014","2","us","children","does that mean...?","cb1","S38",NA,NA,4.668493151,"male","unknown",NA,NA,"unknown",NA,NA,NA,"exp1",4,"practice",1,NA,NA,"is purple",NA,NA,"is green","1",-1.5,""
"2015","2","us","children","does that mean...?","cb1","S38",NA,NA,4.668493151,"male","unknown",NA,NA,"unknown",NA,NA,NA,"exp1",4,"practice",2,NA,NA,"is walking around",NA,NA,"has legs","2",1.5,"definitely"
"2016","2","us","children","does that mean...?","cb1","S38",NA,NA,4.668493151,"male","unknown",NA,NA,"unknown",NA,NA,NA,"exp1",4,"practice",3,NA,NA,"is made out of paper",NA,NA,"might rip sometime","2",0.5,""
"2017","2","us","children","does that mean...?","cb1","S38",NA,NA,4.668493151,"male","unknown",NA,NA,"unknown",NA,NA,NA,"exp1",4,"test",4,"aut","noise","is making noises all by itself","aff","positive","can be in a good mood sometimes","2",0.5,"maybe"
"2018","2","us","children","does that mean...?","cb1","S38",NA,NA,4.668493151,"male","unknown",NA,NA,"unknown",NA,NA,NA,"exp1",4,"test",5,"phy","metal_plastic","is made out of metal","aut","movement","can move itself from one side of the box to the other","1",-1.5,"if it's a robotic metal thingy it can walk"
"2019","2","us","children","does that mean...?","cb1","S38",NA,NA,4.668493151,"male","unknown",NA,NA,"unknown",NA,NA,NA,"exp1",4,"test",6,"per","vision","can see what the box looks like","per","hearing","can hear what's going on around it","2",0.5,"only if it could that mean it must have ears"
"2020","2","us","children","does that mean...?","cb1","S38",NA,NA,4.668493151,"male","unknown",NA,NA,"unknown",NA,NA,NA,"exp1",4,"test",7,"aff","negative","is in a bad mood right now","phy","glass_clay","is made out of clay","1",-1.5,""
"2021","2","us","children","does that mean...?","cb1","S38",NA,NA,4.668493151,"male","unknown",NA,NA,"unknown",NA,NA,NA,"exp1",4,"test",8,"aut","movement","is moving itself around the box","aut","noise","can make sounds on its own","2",0.5,"only if it has a mouth"
"2022","2","us","children","does that mean...?","cb1","S38",NA,NA,4.668493151,"male","unknown",NA,NA,"unknown",NA,NA,NA,"exp1",4,"test",9,"phy","glass_clay","is made out of glass","aff","negative","can feel sad sometimes","1",-0.5,"it can feel only if it was alive [metal is not alive]"
"2023","2","us","children","does that mean...?","cb1","S38",NA,NA,4.668493151,"male","unknown",NA,NA,"unknown",NA,NA,NA,"exp1",4,"test",10,"per","hearing","can hear me","phy","metal_plastic","is made out of plastic","1",-1.5,""
"2024","2","us","children","does that mean...?","cb1","S38",NA,NA,4.668493151,"male","unknown",NA,NA,"unknown",NA,NA,NA,"exp1",4,"test",11,"aff","positive","feels happy right now","per","vision","can see me","1",-0.5,"only if it had eyes; I don't nokw if it has eyes or not"
"2025","2","us","children","does that mean...?","cb1","C05",NA,NA,4.95890411,"female","AA","of-color","other-nonwhite","african-american",NA,NA,NA,"exp2",5,"practice",1,NA,NA,"is purple",NA,NA,"is green","2",1.5,""
"2026","2","us","children","does that mean...?","cb1","C05",NA,NA,4.95890411,"female","AA","of-color","other-nonwhite","african-american",NA,NA,NA,"exp2",5,"practice",2,NA,NA,"is walking around",NA,NA,"has legs","2",1.5,""
"2027","2","us","children","does that mean...?","cb1","C05",NA,NA,4.95890411,"female","AA","of-color","other-nonwhite","african-american",NA,NA,NA,"exp2",5,"practice",3,NA,NA,"is made out of paper",NA,NA,"might rip sometime","2",1.5,""
"2028","2","us","children","does that mean...?","cb1","C05",NA,NA,4.95890411,"female","AA","of-color","other-nonwhite","african-american",NA,NA,NA,"exp2",5,"test",4,"phy","glass_clay","is made out of clay","per","vision","can see what the box looks like","1",-1.5,"because it doesn't have eyes"
"2029","2","us","children","does that mean...?","cb1","C05",NA,NA,4.95890411,"female","AA","of-color","other-nonwhite","african-american",NA,NA,NA,"exp2",5,"test",5,"aff","negative","feels sad right now","aut","movement","can move itself from one side of the box to the other","2",1.5,""
"2030","2","us","children","does that mean...?","cb1","C05",NA,NA,4.95890411,"female","AA","of-color","other-nonwhite","african-american",NA,NA,NA,"exp2",5,"test",6,"per","hearing","can hear me","aff","positive","can be in a good mood sometimes","2",1.5,""
"2031","2","us","children","does that mean...?","cb1","C05",NA,NA,4.95890411,"female","AA","of-color","other-nonwhite","african-american",NA,NA,NA,"exp2",5,"test",7,"aut","noise","is making noises all by itself","phy","metal_plastic","is made out of metal","2",1.5,"First said ""no"""
"2032","2","us","children","does that mean...?","cb1","C05",NA,NA,4.95890411,"female","AA","of-color","other-nonwhite","african-american",NA,NA,NA,"exp2",5,"test",8,"aff","positive","feels happy right now","aff","negative","can be in a bad mood sometimes","2",1.5,""
"2033","2","us","children","does that mean...?","cb1","C05",NA,NA,4.95890411,"female","AA","of-color","other-nonwhite","african-american",NA,NA,NA,"exp2",5,"test",9,"aut","movement","is moving itself around the box","per","hearing","can hear what's going on around it","2",1.5,"First said ""no"""
"2034","2","us","children","does that mean...?","cb1","C05",NA,NA,4.95890411,"female","AA","of-color","other-nonwhite","african-american",NA,NA,NA,"exp2",5,"test",10,"phy","metal_plastic","is made out of plastic","phy","glass_clay","is made out of glass","2",1.5,"First said ""no"""
"2035","2","us","children","does that mean...?","cb1","C05",NA,NA,4.95890411,"female","AA","of-color","other-nonwhite","african-american",NA,NA,NA,"exp2",5,"test",11,"per","vision","can see me","aut","noise","can make sounds on its own","2",0.5,""
"2036","2","us","children","does that mean...?","cb1","C13",NA,NA,5.438356164,"female","CA","of-color","some-asian","multiracial",NA,NA,NA,"exp2",5,"practice",1,NA,NA,"is purple",NA,NA,"is green","1",-1.5,"purple on the inside, green on the outside"
"2037","2","us","children","does that mean...?","cb1","C13",NA,NA,5.438356164,"female","CA","of-color","some-asian","multiracial",NA,NA,NA,"exp2",5,"practice",2,NA,NA,"is walking around",NA,NA,"has legs","2",1.5,""
"2038","2","us","children","does that mean...?","cb1","C13",NA,NA,5.438356164,"female","CA","of-color","some-asian","multiracial",NA,NA,NA,"exp2",5,"practice",3,NA,NA,"is made out of paper",NA,NA,"might rip sometime","2",1.5,"I don't know; only if it gets wet, really yes if it gets wet, no if it's never gets wet"
"2039","2","us","children","does that mean...?","cb1","C13",NA,NA,5.438356164,"female","CA","of-color","some-asian","multiracial",NA,NA,NA,"exp2",5,"test",4,"phy","glass_clay","is made out of clay","per","vision","can see what the box looks like","1",-1.5,""
"2040","2","us","children","does that mean...?","cb1","C13",NA,NA,5.438356164,"female","CA","of-color","some-asian","multiracial",NA,NA,NA,"exp2",5,"test",5,"aff","negative","feels sad right now","aut","movement","can move itself from one side of the box to the other","1",-1.5,"only people and animals can feel sad, or sweaty; fruits cann be, vegetables can't, pets too"
"2041","2","us","children","does that mean...?","cb1","C13",NA,NA,5.438356164,"female","CA","of-color","some-asian","multiracial",NA,NA,NA,"exp2",5,"test",6,"per","hearing","can hear me","aff","positive","can be in a good mood sometimes","2",1.5,""
"2042","2","us","children","does that mean...?","cb1","C13",NA,NA,5.438356164,"female","CA","of-color","some-asian","multiracial",NA,NA,NA,"exp2",5,"test",7,"aut","noise","is making noises all by itself","phy","metal_plastic","is made out of metal","2",1.5,"Hmmm let me think"
"2043","2","us","children","does that mean...?","cb1","C13",NA,NA,5.438356164,"female","CA","of-color","some-asian","multiracial",NA,NA,NA,"exp2",5,"test",8,"aff","positive","feels happy right now","aff","negative","can be in a bad mood sometimes","1",-1.5,""
"2044","2","us","children","does that mean...?","cb1","C13",NA,NA,5.438356164,"female","CA","of-color","some-asian","multiracial",NA,NA,NA,"exp2",5,"test",9,"aut","movement","is moving itself around the box","per","hearing","can hear what's going on around it","2",1.5,"Let me think"
"2045","2","us","children","does that mean...?","cb1","C13",NA,NA,5.438356164,"female","CA","of-color","some-asian","multiracial",NA,NA,NA,"exp2",5,"test",10,"phy","metal_plastic","is made out of plastic","phy","glass_clay","is made out of glass","1",-1.5,""
"2046","2","us","children","does that mean...?","cb1","C13",NA,NA,5.438356164,"female","CA","of-color","some-asian","multiracial",NA,NA,NA,"exp2",5,"test",11,"per","vision","can see me","aut","noise","can make sounds on its own","1",-1.5,""
"2047","2","us","children","does that mean...?","cb1","C21",NA,NA,4.452054795,"female","IH","of-color","some-asian","multiracial",NA,NA,NA,"exp2",5,"practice",1,NA,NA,"is purple",NA,NA,"is green","1",-1.5,""
"2048","2","us","children","does that mean...?","cb1","C21",NA,NA,4.452054795,"female","IH","of-color","some-asian","multiracial",NA,NA,NA,"exp2",5,"practice",2,NA,NA,"is walking around",NA,NA,"has legs","2",1.5,""
"2049","2","us","children","does that mean...?","cb1","C21",NA,NA,4.452054795,"female","IH","of-color","some-asian","multiracial",NA,NA,NA,"exp2",5,"practice",3,NA,NA,"is made out of paper",NA,NA,"might rip sometime","2",1.5,""
"2050","2","us","children","does that mean...?","cb1","C21",NA,NA,4.452054795,"female","IH","of-color","some-asian","multiracial",NA,NA,NA,"exp2",5,"test",4,"phy","glass_clay","is made out of clay","per","vision","can see what the box looks like","2",0.5,""
"2051","2","us","children","does that mean...?","cb1","C21",NA,NA,4.452054795,"female","IH","of-color","some-asian","multiracial",NA,NA,NA,"exp2",5,"test",5,"aff","negative","feels sad right now","aut","movement","can move itself from one side of the box to the other","2",1.5,""
"2052","2","us","children","does that mean...?","cb1","C21",NA,NA,4.452054795,"female","IH","of-color","some-asian","multiracial",NA,NA,NA,"exp2",5,"test",6,"per","hearing","can hear me","aff","positive","can be in a good mood sometimes","2",0.5,""
"2053","2","us","children","does that mean...?","cb1","C21",NA,NA,4.452054795,"female","IH","of-color","some-asian","multiracial",NA,NA,NA,"exp2",5,"test",7,"aut","noise","is making noises all by itself","phy","metal_plastic","is made out of metal","1",-1.5,""
"2054","2","us","children","does that mean...?","cb1","C21",NA,NA,4.452054795,"female","IH","of-color","some-asian","multiracial",NA,NA,NA,"exp2",5,"test",8,"aff","positive","feels happy right now","aff","negative","can be in a bad mood sometimes","1",-0.5,""
"2055","2","us","children","does that mean...?","cb1","C21",NA,NA,4.452054795,"female","IH","of-color","some-asian","multiracial",NA,NA,NA,"exp2",5,"test",9,"aut","movement","is moving itself around the box","per","hearing","can hear what's going on around it","1",-1.5,""
"2056","2","us","children","does that mean...?","cb1","C21",NA,NA,4.452054795,"female","IH","of-color","some-asian","multiracial",NA,NA,NA,"exp2",5,"test",10,"phy","metal_plastic","is made out of plastic","phy","glass_clay","is made out of glass","2",1.5,""
"2057","2","us","children","does that mean...?","cb1","C21",NA,NA,4.452054795,"female","IH","of-color","some-asian","multiracial",NA,NA,NA,"exp2",5,"test",11,"per","vision","can see me","aut","noise","can make sounds on its own","1",-0.5,""
"2058","2","us","children","does that mean...?","cb1","FC03",NA,NA,4.501369863,"male","I","of-color","some-asian","indian",NA,NA,NA,"exp2",5,"practice",1,NA,NA,"is purple",NA,NA,"is green","1",-1.5,"not sure (shrugged)"
"2059","2","us","children","does that mean...?","cb1","FC03",NA,NA,4.501369863,"male","I","of-color","some-asian","indian",NA,NA,NA,"exp2",5,"practice",2,NA,NA,"is walking around",NA,NA,"has legs","2",1.5,""
"2060","2","us","children","does that mean...?","cb1","FC03",NA,NA,4.501369863,"male","I","of-color","some-asian","indian",NA,NA,NA,"exp2",5,"practice",3,NA,NA,"is made out of paper",NA,NA,"might rip sometime","2",1.5,""
"2061","2","us","children","does that mean...?","cb1","FC03",NA,NA,4.501369863,"male","I","of-color","some-asian","indian",NA,NA,NA,"exp2",5,"test",4,"phy","glass_clay","is made out of clay","per","vision","can see what the box looks like","1",-1.5,""
"2062","2","us","children","does that mean...?","cb1","FC03",NA,NA,4.501369863,"male","I","of-color","some-asian","indian",NA,NA,NA,"exp2",5,"test",5,"aff","negative","feels sad right now","aut","movement","can move itself from one side of the box to the other","2",1.5,"""always really"" [Co:You can give diff answers]"
"2063","2","us","children","does that mean...?","cb1","FC03",NA,NA,4.501369863,"male","I","of-color","some-asian","indian",NA,NA,NA,"exp2",5,"test",6,"per","hearing","can hear me","aff","positive","can be in a good mood sometimes","2",0.5,""
"2064","2","us","children","does that mean...?","cb1","FC03",NA,NA,4.501369863,"male","I","of-color","some-asian","indian",NA,NA,NA,"exp2",5,"test",7,"aut","noise","is making noises all by itself","phy","metal_plastic","is made out of metal","1",-1.5,""
"2065","2","us","children","does that mean...?","cb1","FC03",NA,NA,4.501369863,"male","I","of-color","some-asian","indian",NA,NA,NA,"exp2",5,"test",8,"aff","positive","feels happy right now","aff","negative","can be in a bad mood sometimes","2",0.5,""
"2066","2","us","children","does that mean...?","cb1","FC03",NA,NA,4.501369863,"male","I","of-color","some-asian","indian",NA,NA,NA,"exp2",5,"test",9,"aut","movement","is moving itself around the box","per","hearing","can hear what's going on around it","2",0.5,""
"2067","2","us","children","does that mean...?","cb1","FC03",NA,NA,4.501369863,"male","I","of-color","some-asian","indian",NA,NA,NA,"exp2",5,"test",10,"phy","metal_plastic","is made out of plastic","phy","glass_clay","is made out of glass","2",1.5,""
"2068","2","us","children","does that mean...?","cb1","FC03",NA,NA,4.501369863,"male","I","of-color","some-asian","indian",NA,NA,NA,"exp2",5,"test",11,"per","vision","can see me","aut","noise","can make sounds on its own","1",-1.5,""
"2069","2","us","children","does that mean...?","cb1","FC04",NA,NA,4.493150685,"male","C","white","white-only","white",NA,NA,NA,"exp2",5,"practice",1,NA,NA,"is purple",NA,NA,"is green","1",-1.5,""
"2070","2","us","children","does that mean...?","cb1","FC04",NA,NA,4.493150685,"male","C","white","white-only","white",NA,NA,NA,"exp2",5,"practice",2,NA,NA,"is walking around",NA,NA,"has legs","1",-0.5,"""not really no"" ""no-no?"""
"2071","2","us","children","does that mean...?","cb1","FC04",NA,NA,4.493150685,"male","C","white","white-only","white",NA,NA,NA,"exp2",5,"practice",3,NA,NA,"is made out of paper",NA,NA,"might rip sometime","1",-0.5,""
"2072","2","us","children","does that mean...?","cb1","FC04",NA,NA,4.493150685,"male","C","white","white-only","white",NA,NA,NA,"exp2",5,"test",4,"phy","glass_clay","is made out of clay","per","vision","can see what the box looks like","1",-1.5,"that means it'll rip; next one will be no no"
"2073","2","us","children","does that mean...?","cb1","FC04",NA,NA,4.493150685,"male","C","white","white-only","white",NA,NA,NA,"exp2",5,"test",5,"aff","negative","feels sad right now","aut","movement","can move itself from one side of the box to the other","1",-0.5,"so it feels sad, that means it might be really sleepy"
"2074","2","us","children","does that mean...?","cb1","FC04",NA,NA,4.493150685,"male","C","white","white-only","white",NA,NA,NA,"exp2",5,"test",6,"per","hearing","can hear me","aff","positive","can be in a good mood sometimes","1",-1.5,""
"2075","2","us","children","does that mean...?","cb1","FC04",NA,NA,4.493150685,"male","C","white","white-only","white",NA,NA,NA,"exp2",5,"test",7,"aut","noise","is making noises all by itself","phy","metal_plastic","is made out of metal","2",1.5,""
"2076","2","us","children","does that mean...?","cb1","FC04",NA,NA,4.493150685,"male","C","white","white-only","white",NA,NA,NA,"exp2",5,"test",8,"aff","positive","feels happy right now","aff","negative","can be in a bad mood sometimes","1",-0.5,"that means it might move on the camera"
"2077","2","us","children","does that mean...?","cb1","FC04",NA,NA,4.493150685,"male","C","white","white-only","white",NA,NA,NA,"exp2",5,"test",9,"aut","movement","is moving itself around the box","per","hearing","can hear what's going on around it","1",-0.5,""
"2078","2","us","children","does that mean...?","cb1","FC04",NA,NA,4.493150685,"male","C","white","white-only","white",NA,NA,NA,"exp2",5,"test",10,"phy","metal_plastic","is made out of plastic","phy","glass_clay","is made out of glass","1",-0.5,"no-no"
"2079","2","us","children","does that mean...?","cb1","FC04",NA,NA,4.493150685,"male","C","white","white-only","white",NA,NA,NA,"exp2",5,"test",11,"per","vision","can see me","aut","noise","can make sounds on its own","1",-0.5,"no-no?"
"2080","2","us","children","does that mean...?","cb1","S05",NA,NA,4.589041096,"female","H","of-color","other-nonwhite","hispanic-latino",NA,NA,NA,"exp1",5,"practice",1,NA,NA,"is purple",NA,NA,"is green","1",-1.5,""
"2081","2","us","children","does that mean...?","cb1","S05",NA,NA,4.589041096,"female","H","of-color","other-nonwhite","hispanic-latino",NA,NA,NA,"exp1",5,"practice",2,NA,NA,"is walking around",NA,NA,"has legs","2",1.5,""
"2082","2","us","children","does that mean...?","cb1","S05",NA,NA,4.589041096,"female","H","of-color","other-nonwhite","hispanic-latino",NA,NA,NA,"exp1",5,"practice",3,NA,NA,"is made out of paper",NA,NA,"might rip sometime","1",-1.5,""
"2083","2","us","children","does that mean...?","cb1","S05",NA,NA,4.589041096,"female","H","of-color","other-nonwhite","hispanic-latino",NA,NA,NA,"exp1",5,"test",4,"phy","glass_clay","is made out of clay","per","vision","can see what the box looks like","1",-0.5,""
"2084","2","us","children","does that mean...?","cb1","S05",NA,NA,4.589041096,"female","H","of-color","other-nonwhite","hispanic-latino",NA,NA,NA,"exp1",5,"test",5,"aff","negative","feels sad right now","aut","movement","can move itself from one side of the box to the other","2",1.5,""
"2085","2","us","children","does that mean...?","cb1","S05",NA,NA,4.589041096,"female","H","of-color","other-nonwhite","hispanic-latino",NA,NA,NA,"exp1",5,"test",6,"per","hearing","can hear me","aff","positive","can be in a good mood sometimes","2",0.5,""
"2086","2","us","children","does that mean...?","cb1","S05",NA,NA,4.589041096,"female","H","of-color","other-nonwhite","hispanic-latino",NA,NA,NA,"exp1",5,"test",7,"aut","noise","is making noises all by itself","phy","metal_plastic","is made out of metal","2",1.5,""
"2087","2","us","children","does that mean...?","cb1","S05",NA,NA,4.589041096,"female","H","of-color","other-nonwhite","hispanic-latino",NA,NA,NA,"exp1",5,"test",8,"aff","positive","feels happy right now","aff","negative","can be in a bad mood sometimes","2",1.5,""
"2088","2","us","children","does that mean...?","cb1","S05",NA,NA,4.589041096,"female","H","of-color","other-nonwhite","hispanic-latino",NA,NA,NA,"exp1",5,"test",9,"aut","movement","is moving itself around the box","per","hearing","can hear what's going on around it","2",0.5,""
"2089","2","us","children","does that mean...?","cb1","S05",NA,NA,4.589041096,"female","H","of-color","other-nonwhite","hispanic-latino",NA,NA,NA,"exp1",5,"test",10,"phy","metal_plastic","is made out of plastic","phy","glass_clay","is made out of glass","2",1.5,""
"2090","2","us","children","does that mean...?","cb1","S05",NA,NA,4.589041096,"female","H","of-color","other-nonwhite","hispanic-latino",NA,NA,NA,"exp1",5,"test",11,"per","vision","can see me","aut","noise","can make sounds on its own","2",1.5,""
"2091","2","us","children","does that mean...?","cb1","S18",NA,NA,5.457534247,"female","C","white","white-only","white",NA,NA,NA,"exp1",5,"practice",1,NA,NA,"is purple",NA,NA,"is green","1",-0.5,""
"2092","2","us","children","does that mean...?","cb1","S18",NA,NA,5.457534247,"female","C","white","white-only","white",NA,NA,NA,"exp1",5,"practice",2,NA,NA,"is walking around",NA,NA,"has legs","2",1.5,"if it's walking it has legs and it's a person"
"2093","2","us","children","does that mean...?","cb1","S18",NA,NA,5.457534247,"female","C","white","white-only","white",NA,NA,NA,"exp1",5,"practice",3,NA,NA,"is made out of paper",NA,NA,"might rip sometime","2",0.5,"kite; if it's a kite, it's a diamond which is even stretchier"
"2094","2","us","children","does that mean...?","cb1","S18",NA,NA,5.457534247,"female","C","white","white-only","white",NA,NA,NA,"exp1",5,"test",4,"phy","glass_clay","is made out of clay","per","vision","can see what the box looks like","1",-1.5,"because how could clay even see other stuff, it's not a person"
"2095","2","us","children","does that mean...?","cb1","S18",NA,NA,5.457534247,"female","C","white","white-only","white",NA,NA,NA,"exp1",5,"test",5,"aff","negative","feels sad right now","aut","movement","can move itself from one side of the box to the other","1",-1.5,"how could sad move itself around"
"2096","2","us","children","does that mean...?","cb1","S18",NA,NA,5.457534247,"female","C","white","white-only","white",NA,NA,NA,"exp1",5,"test",6,"per","hearing","can hear me","aff","positive","can be in a good mood sometimes","2",0.5,"person or animal"
"2097","2","us","children","does that mean...?","cb1","S18",NA,NA,5.457534247,"female","C","white","white-only","white",NA,NA,NA,"exp1",5,"test",7,"aut","noise","is making noises all by itself","phy","metal_plastic","is made out of metal","1",-1.5,"animal? Because how could it be metal if it was doing it by itself"
"2098","2","us","children","does that mean...?","cb1","S18",NA,NA,5.457534247,"female","C","white","white-only","white",NA,NA,NA,"exp1",5,"test",8,"aff","positive","feels happy right now","aff","negative","can be in a bad mood sometimes","2",0.5,"could it be a person?"
"2099","2","us","children","does that mean...?","cb1","S18",NA,NA,5.457534247,"female","C","white","white-only","white",NA,NA,NA,"exp1",5,"test",9,"aut","movement","is moving itself around the box","per","hearing","can hear what's going on around it","2",0.5,""
"2100","2","us","children","does that mean...?","cb1","S18",NA,NA,5.457534247,"female","C","white","white-only","white",NA,NA,NA,"exp1",5,"test",10,"phy","metal_plastic","is made out of plastic","phy","glass_clay","is made out of glass","1",-1.5,"what?!"
"2101","2","us","children","does that mean...?","cb1","S18",NA,NA,5.457534247,"female","C","white","white-only","white",NA,NA,NA,"exp1",5,"test",11,"per","vision","can see me","aut","noise","can make sounds on its own","2",1.5,"a puppy? A person?; first said no"
"2102","2","us","children","does that mean...?","cb1","S23",NA,NA,5.268493151,"male","C","white","white-only","white",NA,NA,NA,"exp1",5,"practice",1,NA,NA,"is purple",NA,NA,"is green","2",0.5,""
"2103","2","us","children","does that mean...?","cb1","S23",NA,NA,5.268493151,"male","C","white","white-only","white",NA,NA,NA,"exp1",5,"practice",2,NA,NA,"is walking around",NA,NA,"has legs","2",1.5,""
"2104","2","us","children","does that mean...?","cb1","S23",NA,NA,5.268493151,"male","C","white","white-only","white",NA,NA,NA,"exp1",5,"practice",3,NA,NA,"is made out of paper",NA,NA,"might rip sometime","2",1.5,""
"2105","2","us","children","does that mean...?","cb1","S23",NA,NA,5.268493151,"male","C","white","white-only","white",NA,NA,NA,"exp1",5,"test",4,"phy","glass_clay","is made out of clay","per","vision","can see what the box looks like","1",-1.5,""
"2106","2","us","children","does that mean...?","cb1","S23",NA,NA,5.268493151,"male","C","white","white-only","white",NA,NA,NA,"exp1",5,"test",5,"aff","negative","feels sad right now","aut","movement","can move itself from one side of the box to the other","1",-0.5,""
"2107","2","us","children","does that mean...?","cb1","S23",NA,NA,5.268493151,"male","C","white","white-only","white",NA,NA,NA,"exp1",5,"test",6,"per","hearing","can hear me","aff","positive","can be in a good mood sometimes","1",-0.5,"First said ""sort of yes and sort of no"""
"2108","2","us","children","does that mean...?","cb1","S23",NA,NA,5.268493151,"male","C","white","white-only","white",NA,NA,NA,"exp1",5,"test",7,"aut","noise","is making noises all by itself","phy","metal_plastic","is made out of metal","1",-1.5,""
"2109","2","us","children","does that mean...?","cb1","S23",NA,NA,5.268493151,"male","C","white","white-only","white",NA,NA,NA,"exp1",5,"test",8,"aff","positive","feels happy right now","aff","negative","can be in a bad mood sometimes","2",0.5,""
"2110","2","us","children","does that mean...?","cb1","S23",NA,NA,5.268493151,"male","C","white","white-only","white",NA,NA,NA,"exp1",5,"test",9,"aut","movement","is moving itself around the box","per","hearing","can hear what's going on around it","2",1.5,""
"2111","2","us","children","does that mean...?","cb1","S23",NA,NA,5.268493151,"male","C","white","white-only","white",NA,NA,NA,"exp1",5,"test",10,"phy","metal_plastic","is made out of plastic","phy","glass_clay","is made out of glass","1",-1.5,""
"2112","2","us","children","does that mean...?","cb1","S23",NA,NA,5.268493151,"male","C","white","white-only","white",NA,NA,NA,"exp1",5,"test",11,"per","vision","can see me","aut","noise","can make sounds on its own","2",0.5,""
"2113","2","us","children","does that mean...?","cb1","C06",NA,NA,4.715068493,"male","CCA","of-color","some-asian","multiracial",NA,NA,NA,"exp2",6,"practice",1,NA,NA,"is purple",NA,NA,"is green","1",-1.5,""
"2114","2","us","children","does that mean...?","cb1","C06",NA,NA,4.715068493,"male","CCA","of-color","some-asian","multiracial",NA,NA,NA,"exp2",6,"practice",2,NA,NA,"is walking around",NA,NA,"has legs","2",1.5,""
"2115","2","us","children","does that mean...?","cb1","C06",NA,NA,4.715068493,"male","CCA","of-color","some-asian","multiracial",NA,NA,NA,"exp2",6,"practice",3,NA,NA,"is made out of paper",NA,NA,"might rip sometime","2",1.5,""
"2116","2","us","children","does that mean...?","cb1","C06",NA,NA,4.715068493,"male","CCA","of-color","some-asian","multiracial",NA,NA,NA,"exp2",6,"test",4,"per","hearing","can hear what's going on around it","aut","movement","can move itself from one side of the box to the other","2",1.5,""
"2117","2","us","children","does that mean...?","cb1","C06",NA,NA,4.715068493,"male","CCA","of-color","some-asian","multiracial",NA,NA,NA,"exp2",6,"test",5,"phy","metal_plastic","is made out of metal","phy","glass_clay","is made out of clay","2",1.5,""
"2118","2","us","children","does that mean...?","cb1","C06",NA,NA,4.715068493,"male","CCA","of-color","some-asian","multiracial",NA,NA,NA,"exp2",6,"test",6,"aut","noise","is making noises all by itself","per","vision","can see me","2",1.5,""
"2119","2","us","children","does that mean...?","cb1","C06",NA,NA,4.715068493,"male","CCA","of-color","some-asian","multiracial",NA,NA,NA,"exp2",6,"test",7,"aff","positive","is in a good mood right now","aff","negative","can feel sad sometimes","2",0.5,""
"2120","2","us","children","does that mean...?","cb1","C06",NA,NA,4.715068493,"male","CCA","of-color","some-asian","multiracial",NA,NA,NA,"exp2",6,"test",8,"aut","movement","is moving itself around the box","phy","metal_plastic","is made out of plastic","2",0.5,""
"2121","2","us","children","does that mean...?","cb1","C06",NA,NA,4.715068493,"male","CCA","of-color","some-asian","multiracial",NA,NA,NA,"exp2",6,"test",9,"per","vision","can see what the box looks like","aff","positive","can feel happy sometimes","2",0.5,"binoculars"
"2122","2","us","children","does that mean...?","cb1","C06",NA,NA,4.715068493,"male","CCA","of-color","some-asian","multiracial",NA,NA,NA,"exp2",6,"test",10,"aff","negative","is in a bad mood right now","aut","noise","can make sounds on its own","2",0.5,""
"2123","2","us","children","does that mean...?","cb1","C06",NA,NA,4.715068493,"male","CCA","of-color","some-asian","multiracial",NA,NA,NA,"exp2",6,"test",11,"phy","glass_clay","is made out of glass","per","hearing","can hear me","2",0.5,"bottle"
"2124","2","us","children","does that mean...?","cb1","C14",NA,NA,4.783561644,"male","unknown",NA,NA,"unknown",NA,NA,NA,"exp2",6,"practice",1,NA,NA,"is purple",NA,NA,"is green","2",0.5,""
"2125","2","us","children","does that mean...?","cb1","C14",NA,NA,4.783561644,"male","unknown",NA,NA,"unknown",NA,NA,NA,"exp2",6,"practice",2,NA,NA,"is walking around",NA,NA,"has legs","1",-0.5,""
"2126","2","us","children","does that mean...?","cb1","C14",NA,NA,4.783561644,"male","unknown",NA,NA,"unknown",NA,NA,NA,"exp2",6,"practice",3,NA,NA,"is made out of paper",NA,NA,"might rip sometime","2",1.5,""
"2127","2","us","children","does that mean...?","cb1","C14",NA,NA,4.783561644,"male","unknown",NA,NA,"unknown",NA,NA,NA,"exp2",6,"test",4,"per","hearing","can hear what's going on around it","aut","movement","can move itself from one side of the box to the other","2",0.5,"this is my favorite"
"2128","2","us","children","does that mean...?","cb1","C14",NA,NA,4.783561644,"male","unknown",NA,NA,"unknown",NA,NA,NA,"exp2",6,"test",5,"phy","metal_plastic","is made out of metal","phy","glass_clay","is made out of clay","2",0.5,"it might break if you bend"
"2129","2","us","children","does that mean...?","cb1","C14",NA,NA,4.783561644,"male","unknown",NA,NA,"unknown",NA,NA,NA,"exp2",6,"test",6,"aut","noise","is making noises all by itself","per","vision","can see me","2",1.5,""
"2130","2","us","children","does that mean...?","cb1","C14",NA,NA,4.783561644,"male","unknown",NA,NA,"unknown",NA,NA,NA,"exp2",6,"test",7,"aff","positive","is in a good mood right now","aff","negative","can feel sad sometimes","2",0.5,""
"2131","2","us","children","does that mean...?","cb1","C14",NA,NA,4.783561644,"male","unknown",NA,NA,"unknown",NA,NA,NA,"exp2",6,"test",8,"aut","movement","is moving itself around the box","phy","metal_plastic","is made out of plastic","2",1.5,""
"2132","2","us","children","does that mean...?","cb1","C14",NA,NA,4.783561644,"male","unknown",NA,NA,"unknown",NA,NA,NA,"exp2",6,"test",9,"per","vision","can see what the box looks like","aff","positive","can feel happy sometimes","2",0.5,""
"2133","2","us","children","does that mean...?","cb1","C14",NA,NA,4.783561644,"male","unknown",NA,NA,"unknown",NA,NA,NA,"exp2",6,"test",10,"aff","negative","is in a bad mood right now","aut","noise","can make sounds on its own","2",0.5,""
"2134","2","us","children","does that mean...?","cb1","C14",NA,NA,4.783561644,"male","unknown",NA,NA,"unknown",NA,NA,NA,"exp2",6,"test",11,"phy","glass_clay","is made out of glass","per","hearing","can hear me","2",1.5,""
"2135","2","us","children","does that mean...?","cb1","C22",NA,NA,5.676712329,"male","MEI","of-color","some-asian","multiracial",NA,NA,NA,"exp2",6,"practice",1,NA,NA,"is purple",NA,NA,"is green","1",-1.5,""
"2136","2","us","children","does that mean...?","cb1","C22",NA,NA,5.676712329,"male","MEI","of-color","some-asian","multiracial",NA,NA,NA,"exp2",6,"practice",2,NA,NA,"is walking around",NA,NA,"has legs","2",1.5,"bug"
"2137","2","us","children","does that mean...?","cb1","C22",NA,NA,5.676712329,"male","MEI","of-color","some-asian","multiracial",NA,NA,NA,"exp2",6,"practice",3,NA,NA,"is made out of paper",NA,NA,"might rip sometime","2",1.5,"paper airplane"
"2138","2","us","children","does that mean...?","cb1","C22",NA,NA,5.676712329,"male","MEI","of-color","some-asian","multiracial",NA,NA,NA,"exp2",6,"test",4,"per","hearing","can hear what's going on around it","aut","movement","can move itself from one side of the box to the other","2",1.5,"snake can't hear"
"2139","2","us","children","does that mean...?","cb1","C22",NA,NA,5.676712329,"male","MEI","of-color","some-asian","multiracial",NA,NA,NA,"exp2",6,"test",5,"phy","metal_plastic","is made out of metal","phy","glass_clay","is made out of clay","1",-1.5,""
"2140","2","us","children","does that mean...?","cb1","C22",NA,NA,5.676712329,"male","MEI","of-color","some-asian","multiracial",NA,NA,NA,"exp2",6,"test",6,"aut","noise","is making noises all by itself","per","vision","can see me","2",1.5,""
"2141","2","us","children","does that mean...?","cb1","C22",NA,NA,5.676712329,"male","MEI","of-color","some-asian","multiracial",NA,NA,NA,"exp2",6,"test",7,"aff","positive","is in a good mood right now","aff","negative","can feel sad sometimes","2",1.5,"a just planted tree"
"2142","2","us","children","does that mean...?","cb1","C22",NA,NA,5.676712329,"male","MEI","of-color","some-asian","multiracial",NA,NA,NA,"exp2",6,"test",8,"aut","movement","is moving itself around the box","phy","metal_plastic","is made out of plastic","1",-1.5,"IDK"
"2143","2","us","children","does that mean...?","cb1","C22",NA,NA,5.676712329,"male","MEI","of-color","some-asian","multiracial",NA,NA,NA,"exp2",6,"test",9,"per","vision","can see what the box looks like","aff","positive","can feel happy sometimes","2",1.5,"I think so"
"2144","2","us","children","does that mean...?","cb1","C22",NA,NA,5.676712329,"male","MEI","of-color","some-asian","multiracial",NA,NA,NA,"exp2",6,"test",10,"aff","negative","is in a bad mood right now","aut","noise","can make sounds on its own","2",1.5,"Why? Maybe baby"
"2145","2","us","children","does that mean...?","cb1","C22",NA,NA,5.676712329,"male","MEI","of-color","some-asian","multiracial",NA,NA,NA,"exp2",6,"test",11,"phy","glass_clay","is made out of glass","per","hearing","can hear me","1",-1.5,""
"2146","2","us","children","does that mean...?","cb1","FC01",NA,NA,4.646575342,"male","unknown",NA,NA,"unknown",NA,NA,NA,"exp2",6,"practice",1,NA,NA,"is purple",NA,NA,"is green","1",-0.5,""
"2147","2","us","children","does that mean...?","cb1","FC01",NA,NA,4.646575342,"male","unknown",NA,NA,"unknown",NA,NA,NA,"exp2",6,"practice",2,NA,NA,"is walking around",NA,NA,"has legs","2",1.5,""
"2148","2","us","children","does that mean...?","cb1","FC01",NA,NA,4.646575342,"male","unknown",NA,NA,"unknown",NA,NA,NA,"exp2",6,"practice",3,NA,NA,"is made out of paper",NA,NA,"might rip sometime","2",1.5,"paper airplane"
"2149","2","us","children","does that mean...?","cb1","FC01",NA,NA,4.646575342,"male","unknown",NA,NA,"unknown",NA,NA,NA,"exp2",6,"test",4,"per","hearing","can hear what's going on around it","aut","movement","can move itself from one side of the box to the other","1",-1.5,""
"2150","2","us","children","does that mean...?","cb1","FC01",NA,NA,4.646575342,"male","unknown",NA,NA,"unknown",NA,NA,NA,"exp2",6,"test",5,"phy","metal_plastic","is made out of metal","phy","glass_clay","is made out of clay","1",-0.5,""
"2151","2","us","children","does that mean...?","cb1","FC01",NA,NA,4.646575342,"male","unknown",NA,NA,"unknown",NA,NA,NA,"exp2",6,"test",6,"aut","noise","is making noises all by itself","per","vision","can see me","2",1.5,""
"2152","2","us","children","does that mean...?","cb1","FC01",NA,NA,4.646575342,"male","unknown",NA,NA,"unknown",NA,NA,NA,"exp2",6,"test",7,"aff","positive","is in a good mood right now","aff","negative","can feel sad sometimes","2",1.5,""
"2153","2","us","children","does that mean...?","cb1","FC01",NA,NA,4.646575342,"male","unknown",NA,NA,"unknown",NA,NA,NA,"exp2",6,"test",8,"aut","movement","is moving itself around the box","phy","metal_plastic","is made out of plastic","1",-1.5,""
"2154","2","us","children","does that mean...?","cb1","FC01",NA,NA,4.646575342,"male","unknown",NA,NA,"unknown",NA,NA,NA,"exp2",6,"test",9,"per","vision","can see what the box looks like","aff","positive","can feel happy sometimes","2",1.5,""
"2155","2","us","children","does that mean...?","cb1","FC01",NA,NA,4.646575342,"male","unknown",NA,NA,"unknown",NA,NA,NA,"exp2",6,"test",10,"aff","negative","is in a bad mood right now","aut","noise","can make sounds on its own","2",1.5,""
"2156","2","us","children","does that mean...?","cb1","FC01",NA,NA,4.646575342,"male","unknown",NA,NA,"unknown",NA,NA,NA,"exp2",6,"test",11,"phy","glass_clay","is made out of glass","per","hearing","can hear me","1",-1.5,""
"2157","2","us","children","does that mean...?","cb1","S06",NA,NA,4.676712329,"male","CME","of-color","some-asian","multiracial",NA,NA,NA,"exp1",6,"practice",1,NA,NA,"is purple",NA,NA,"is green","1",-1.5,"green"
"2158","2","us","children","does that mean...?","cb1","S06",NA,NA,4.676712329,"male","CME","of-color","some-asian","multiracial",NA,NA,NA,"exp1",6,"practice",2,NA,NA,"is walking around",NA,NA,"has legs","2",1.5,"first said no"
"2159","2","us","children","does that mean...?","cb1","S06",NA,NA,4.676712329,"male","CME","of-color","some-asian","multiracial",NA,NA,NA,"exp1",6,"practice",3,NA,NA,"is made out of paper",NA,NA,"might rip sometime","1",-1.5,"first said yes, really yes; a paper shape"
"2160","2","us","children","does that mean...?","cb1","S06",NA,NA,4.676712329,"male","CME","of-color","some-asian","multiracial",NA,NA,NA,"exp1",6,"test",4,"per","hearing","can hear what's going on around it","aut","movement","can move itself from one side of the box to the other","1",-1.5,"dog, man"
"2161","2","us","children","does that mean...?","cb1","S06",NA,NA,4.676712329,"male","CME","of-color","some-asian","multiracial",NA,NA,NA,"exp1",6,"test",5,"phy","metal_plastic","is made out of metal","phy","glass_clay","is made out of clay","2",1.5,"magnet"
"2162","2","us","children","does that mean...?","cb1","S06",NA,NA,4.676712329,"male","CME","of-color","some-asian","multiracial",NA,NA,NA,"exp1",6,"test",6,"aut","noise","is making noises all by itself","per","vision","can see me","1",-0.5,"also said sort of yes, after sort of no: ""also sort of no - sort of yes but sort of no"""
"2163","2","us","children","does that mean...?","cb1","S06",NA,NA,4.676712329,"male","CME","of-color","some-asian","multiracial",NA,NA,NA,"exp1",6,"test",7,"aff","positive","is in a good mood right now","aff","negative","can feel sad sometimes","2",1.5,""
"2164","2","us","children","does that mean...?","cb1","S06",NA,NA,4.676712329,"male","CME","of-color","some-asian","multiracial",NA,NA,NA,"exp1",6,"test",8,"aut","movement","is moving itself around the box","phy","metal_plastic","is made out of plastic","2",1.5,"""yes or no, yes or no, yes and no  more like no or yes, just do yes, really yes"""
"2165","2","us","children","does that mean...?","cb1","S06",NA,NA,4.676712329,"male","CME","of-color","some-asian","multiracial",NA,NA,NA,"exp1",6,"test",9,"per","vision","can see what the box looks like","aff","positive","can feel happy sometimes","1",-1.5,"cuz it looks like something inside - I think it's plastic - oh, that was #8, #9 can see, I think it's eyeballs"
"2166","2","us","children","does that mean...?","cb1","S06",NA,NA,4.676712329,"male","CME","of-color","some-asian","multiracial",NA,NA,NA,"exp1",6,"test",10,"aff","negative","is in a bad mood right now","aut","noise","can make sounds on its own","2",1.5,"R: ""how do you know?"" S: I just knowed"
"2167","2","us","children","does that mean...?","cb1","S06",NA,NA,4.676712329,"male","CME","of-color","some-asian","multiracial",NA,NA,NA,"exp1",6,"test",11,"phy","glass_clay","is made out of glass","per","hearing","can hear me","1",-0.5,"glass bottle or bowl; R: ""how do you know?"" S: I knowed"""
"2168","2","us","children","does that mean...?","cb1","S14",NA,NA,4.734246575,"male","CHI","of-color","some-asian","multiracial",NA,NA,NA,"exp1",6,"practice",1,NA,NA,"is purple",NA,NA,"is green","1",-1.5,""
"2169","2","us","children","does that mean...?","cb1","S14",NA,NA,4.734246575,"male","CHI","of-color","some-asian","multiracial",NA,NA,NA,"exp1",6,"practice",2,NA,NA,"is walking around",NA,NA,"has legs","2",1.5,""
"2170","2","us","children","does that mean...?","cb1","S14",NA,NA,4.734246575,"male","CHI","of-color","some-asian","multiracial",NA,NA,NA,"exp1",6,"practice",3,NA,NA,"is made out of paper",NA,NA,"might rip sometime","2",0.5,""
"2171","2","us","children","does that mean...?","cb1","S14",NA,NA,4.734246575,"male","CHI","of-color","some-asian","multiracial",NA,NA,NA,"exp1",6,"test",4,"per","hearing","can hear what's going on around it","aut","movement","can move itself from one side of the box to the other","2",0.5,""
"2172","2","us","children","does that mean...?","cb1","S14",NA,NA,4.734246575,"male","CHI","of-color","some-asian","multiracial",NA,NA,NA,"exp1",6,"test",5,"phy","metal_plastic","is made out of metal","phy","glass_clay","is made out of clay","1",-1.5,""
"2173","2","us","children","does that mean...?","cb1","S14",NA,NA,4.734246575,"male","CHI","of-color","some-asian","multiracial",NA,NA,NA,"exp1",6,"test",6,"aut","noise","is making noises all by itself","per","vision","can see me","2",1.5,""
"2174","2","us","children","does that mean...?","cb1","S14",NA,NA,4.734246575,"male","CHI","of-color","some-asian","multiracial",NA,NA,NA,"exp1",6,"test",7,"aff","positive","is in a good mood right now","aff","negative","can feel sad sometimes","2",0.5,""
"2175","2","us","children","does that mean...?","cb1","S14",NA,NA,4.734246575,"male","CHI","of-color","some-asian","multiracial",NA,NA,NA,"exp1",6,"test",8,"aut","movement","is moving itself around the box","phy","metal_plastic","is made out of plastic","2",1.5,""
"2176","2","us","children","does that mean...?","cb1","S14",NA,NA,4.734246575,"male","CHI","of-color","some-asian","multiracial",NA,NA,NA,"exp1",6,"test",9,"per","vision","can see what the box looks like","aff","positive","can feel happy sometimes","1",-1.5,""
"2177","2","us","children","does that mean...?","cb1","S14",NA,NA,4.734246575,"male","CHI","of-color","some-asian","multiracial",NA,NA,NA,"exp1",6,"test",10,"aff","negative","is in a bad mood right now","aut","noise","can make sounds on its own","2",1.5,""
"2178","2","us","children","does that mean...?","cb1","S14",NA,NA,4.734246575,"male","CHI","of-color","some-asian","multiracial",NA,NA,NA,"exp1",6,"test",11,"phy","glass_clay","is made out of glass","per","hearing","can hear me","2",1.5,""
"2179","2","us","children","does that mean...?","cb1","S24",NA,NA,5.095890411,"female","AI","of-color","some-asian","multiracial",NA,NA,NA,"exp1",6,"practice",1,NA,NA,"is purple",NA,NA,"is green","1",-1.5,""
"2180","2","us","children","does that mean...?","cb1","S24",NA,NA,5.095890411,"female","AI","of-color","some-asian","multiracial",NA,NA,NA,"exp1",6,"practice",2,NA,NA,"is walking around",NA,NA,"has legs","2",1.5,""
"2181","2","us","children","does that mean...?","cb1","S24",NA,NA,5.095890411,"female","AI","of-color","some-asian","multiracial",NA,NA,NA,"exp1",6,"practice",3,NA,NA,"is made out of paper",NA,NA,"might rip sometime","1",-0.5,""
"2182","2","us","children","does that mean...?","cb1","S24",NA,NA,5.095890411,"female","AI","of-color","some-asian","multiracial",NA,NA,NA,"exp1",6,"test",4,"per","hearing","can hear what's going on around it","aut","movement","can move itself from one side of the box to the other","1",-0.5,"I don't know, maybe no"
"2183","2","us","children","does that mean...?","cb1","S24",NA,NA,5.095890411,"female","AI","of-color","some-asian","multiracial",NA,NA,NA,"exp1",6,"test",5,"phy","metal_plastic","is made out of metal","phy","glass_clay","is made out of clay","1",-0.5,""
"2184","2","us","children","does that mean...?","cb1","S24",NA,NA,5.095890411,"female","AI","of-color","some-asian","multiracial",NA,NA,NA,"exp1",6,"test",6,"aut","noise","is making noises all by itself","per","vision","can see me","1",-0.5,""
"2185","2","us","children","does that mean...?","cb1","S24",NA,NA,5.095890411,"female","AI","of-color","some-asian","multiracial",NA,NA,NA,"exp1",6,"test",7,"aff","positive","is in a good mood right now","aff","negative","can feel sad sometimes","1",-0.5,"I don't know"
"2186","2","us","children","does that mean...?","cb1","S24",NA,NA,5.095890411,"female","AI","of-color","some-asian","multiracial",NA,NA,NA,"exp1",6,"test",8,"aut","movement","is moving itself around the box","phy","metal_plastic","is made out of plastic","1",-0.5,""
"2187","2","us","children","does that mean...?","cb1","S24",NA,NA,5.095890411,"female","AI","of-color","some-asian","multiracial",NA,NA,NA,"exp1",6,"test",9,"per","vision","can see what the box looks like","aff","positive","can feel happy sometimes","1",-0.5,""
"2188","2","us","children","does that mean...?","cb1","S24",NA,NA,5.095890411,"female","AI","of-color","some-asian","multiracial",NA,NA,NA,"exp1",6,"test",10,"aff","negative","is in a bad mood right now","aut","noise","can make sounds on its own","1",-0.5,""
"2189","2","us","children","does that mean...?","cb1","S24",NA,NA,5.095890411,"female","AI","of-color","some-asian","multiracial",NA,NA,NA,"exp1",6,"test",11,"phy","glass_clay","is made out of glass","per","hearing","can hear me","1",-0.5,""
"2190","2","us","children","does that mean...?","cb1","S32",NA,NA,5.079452055,"female","C","white","white-only","white",NA,NA,NA,"exp1",6,"practice",1,NA,NA,"is purple",NA,NA,"is green","1",-1.5,""
"2191","2","us","children","does that mean...?","cb1","S32",NA,NA,5.079452055,"female","C","white","white-only","white",NA,NA,NA,"exp1",6,"practice",2,NA,NA,"is walking around",NA,NA,"has legs","2",1.5,""
"2192","2","us","children","does that mean...?","cb1","S32",NA,NA,5.079452055,"female","C","white","white-only","white",NA,NA,NA,"exp1",6,"practice",3,NA,NA,"is made out of paper",NA,NA,"might rip sometime","1",-1.5,""
"2193","2","us","children","does that mean...?","cb1","S32",NA,NA,5.079452055,"female","C","white","white-only","white",NA,NA,NA,"exp1",6,"test",4,"per","hearing","can hear what's going on around it","aut","movement","can move itself from one side of the box to the other","2",1.5,""
"2194","2","us","children","does that mean...?","cb1","S32",NA,NA,5.079452055,"female","C","white","white-only","white",NA,NA,NA,"exp1",6,"test",5,"phy","metal_plastic","is made out of metal","phy","glass_clay","is made out of clay","2",1.5,""
"2195","2","us","children","does that mean...?","cb1","S32",NA,NA,5.079452055,"female","C","white","white-only","white",NA,NA,NA,"exp1",6,"test",6,"aut","noise","is making noises all by itself","per","vision","can see me","2",1.5,""
"2196","2","us","children","does that mean...?","cb1","S32",NA,NA,5.079452055,"female","C","white","white-only","white",NA,NA,NA,"exp1",6,"test",7,"aff","positive","is in a good mood right now","aff","negative","can feel sad sometimes","2",1.5,""
"2197","2","us","children","does that mean...?","cb1","S32",NA,NA,5.079452055,"female","C","white","white-only","white",NA,NA,NA,"exp1",6,"test",8,"aut","movement","is moving itself around the box","phy","metal_plastic","is made out of plastic","1",-0.5,""
"2198","2","us","children","does that mean...?","cb1","S32",NA,NA,5.079452055,"female","C","white","white-only","white",NA,NA,NA,"exp1",6,"test",9,"per","vision","can see what the box looks like","aff","positive","can feel happy sometimes","2",0.5,""
"2199","2","us","children","does that mean...?","cb1","S32",NA,NA,5.079452055,"female","C","white","white-only","white",NA,NA,NA,"exp1",6,"test",10,"aff","negative","is in a bad mood right now","aut","noise","can make sounds on its own","2",1.5,""
"2200","2","us","children","does that mean...?","cb1","S32",NA,NA,5.079452055,"female","C","white","white-only","white",NA,NA,NA,"exp1",6,"test",11,"phy","glass_clay","is made out of glass","per","hearing","can hear me","2",1.5,""
"2201","2","us","children","does that mean...?","cb1","C07",NA,NA,4.953424658,"female","C","white","white-only","white",NA,NA,NA,"exp2",7,"practice",1,NA,NA,"is purple",NA,NA,"is green","1",-0.5,""
"2202","2","us","children","does that mean...?","cb1","C07",NA,NA,4.953424658,"female","C","white","white-only","white",NA,NA,NA,"exp2",7,"practice",2,NA,NA,"is walking around",NA,NA,"has legs","2",0.5,""
"2203","2","us","children","does that mean...?","cb1","C07",NA,NA,4.953424658,"female","C","white","white-only","white",NA,NA,NA,"exp2",7,"practice",3,NA,NA,"is made out of paper",NA,NA,"might rip sometime","2",1.5,""
"2204","2","us","children","does that mean...?","cb1","C07",NA,NA,4.953424658,"female","C","white","white-only","white",NA,NA,NA,"exp2",7,"test",4,"aff","positive","is in a good mood right now","per","hearing","can hear what's going on around it","1",-0.5,""
"2205","2","us","children","does that mean...?","cb1","C07",NA,NA,4.953424658,"female","C","white","white-only","white",NA,NA,NA,"exp2",7,"test",5,"per","vision","can see me","phy","metal_plastic","is made out of metal","2",0.5,""
"2206","2","us","children","does that mean...?","cb1","C07",NA,NA,4.953424658,"female","C","white","white-only","white",NA,NA,NA,"exp2",7,"test",6,"phy","glass_clay","is made out of clay","aff","positive","can feel happy sometimes","1",-1.5,""
"2207","2","us","children","does that mean...?","cb1","C07",NA,NA,4.953424658,"female","C","white","white-only","white",NA,NA,NA,"exp2",7,"test",7,"aut","movement","is moving itself from one side of the box to the other","aut","noise","can make noises all by itself","2",1.5,""
"2208","2","us","children","does that mean...?","cb1","C07",NA,NA,4.953424658,"female","C","white","white-only","white",NA,NA,NA,"exp2",7,"test",8,"aff","negative","feels sad right now","phy","glass_clay","is made out of glass","1",-1.5,""
"2209","2","us","children","does that mean...?","cb1","C07",NA,NA,4.953424658,"female","C","white","white-only","white",NA,NA,NA,"exp2",7,"test",9,"per","hearing","can hear me","per","vision","can see what the box looks like","1",-1.5,""
"2210","2","us","children","does that mean...?","cb1","C07",NA,NA,4.953424658,"female","C","white","white-only","white",NA,NA,NA,"exp2",7,"test",10,"phy","metal_plastic","is made out of plastic","aut","movement","can move itself around the box","1",-0.5,""
"2211","2","us","children","does that mean...?","cb1","C07",NA,NA,4.953424658,"female","C","white","white-only","white",NA,NA,NA,"exp2",7,"test",11,"aut","noise","is making sounds on its own","aff","negative","can be in a bad mood sometimes","2",1.5,""
"2212","2","us","children","does that mean...?","cb1","C15",NA,NA,5.298630137,"male","CME","of-color","some-asian","multiracial",NA,NA,NA,"exp2",7,"practice",1,NA,NA,"is purple",NA,NA,"is green","2",0.5,""
"2213","2","us","children","does that mean...?","cb1","C15",NA,NA,5.298630137,"male","CME","of-color","some-asian","multiracial",NA,NA,NA,"exp2",7,"practice",2,NA,NA,"is walking around",NA,NA,"has legs","2",1.5,""
"2214","2","us","children","does that mean...?","cb1","C15",NA,NA,5.298630137,"male","CME","of-color","some-asian","multiracial",NA,NA,NA,"exp2",7,"practice",3,NA,NA,"is made out of paper",NA,NA,"might rip sometime","2",1.5,""
"2215","2","us","children","does that mean...?","cb1","C15",NA,NA,5.298630137,"male","CME","of-color","some-asian","multiracial",NA,NA,NA,"exp2",7,"test",4,"aff","positive","is in a good mood right now","per","hearing","can hear what's going on around it","2",0.5,""
"2216","2","us","children","does that mean...?","cb1","C15",NA,NA,5.298630137,"male","CME","of-color","some-asian","multiracial",NA,NA,NA,"exp2",7,"test",5,"per","vision","can see me","phy","metal_plastic","is made out of metal","2",0.5,""
"2217","2","us","children","does that mean...?","cb1","C15",NA,NA,5.298630137,"male","CME","of-color","some-asian","multiracial",NA,NA,NA,"exp2",7,"test",6,"phy","glass_clay","is made out of clay","aff","positive","can feel happy sometimes","2",0.5,""
"2218","2","us","children","does that mean...?","cb1","C15",NA,NA,5.298630137,"male","CME","of-color","some-asian","multiracial",NA,NA,NA,"exp2",7,"test",7,"aut","movement","is moving itself from one side of the box to the other","aut","noise","can make noises all by itself","2",0.5,""
"2219","2","us","children","does that mean...?","cb1","C15",NA,NA,5.298630137,"male","CME","of-color","some-asian","multiracial",NA,NA,NA,"exp2",7,"test",8,"aff","negative","feels sad right now","phy","glass_clay","is made out of glass","2",0.5,""
"2220","2","us","children","does that mean...?","cb1","C15",NA,NA,5.298630137,"male","CME","of-color","some-asian","multiracial",NA,NA,NA,"exp2",7,"test",9,"per","hearing","can hear me","per","vision","can see what the box looks like","2",0.5,""
"2221","2","us","children","does that mean...?","cb1","C15",NA,NA,5.298630137,"male","CME","of-color","some-asian","multiracial",NA,NA,NA,"exp2",7,"test",10,"phy","metal_plastic","is made out of plastic","aut","movement","can move itself around the box","2",0.5,""
"2222","2","us","children","does that mean...?","cb1","C15",NA,NA,5.298630137,"male","CME","of-color","some-asian","multiracial",NA,NA,NA,"exp2",7,"test",11,"aut","noise","is making sounds on its own","aff","negative","can be in a bad mood sometimes","2",0.5,""
"2223","2","us","children","does that mean...?","cb1","C23",NA,NA,4.734246575,"male","CA","of-color","some-asian","multiracial",NA,NA,NA,"exp2",7,"practice",1,NA,NA,"is purple",NA,NA,"is green","1",-1.5,""
"2224","2","us","children","does that mean...?","cb1","C23",NA,NA,4.734246575,"male","CA","of-color","some-asian","multiracial",NA,NA,NA,"exp2",7,"practice",2,NA,NA,"is walking around",NA,NA,"has legs","2",1.5,""
"2225","2","us","children","does that mean...?","cb1","C23",NA,NA,4.734246575,"male","CA","of-color","some-asian","multiracial",NA,NA,NA,"exp2",7,"practice",3,NA,NA,"is made out of paper",NA,NA,"might rip sometime","2",1.5,""
"2226","2","us","children","does that mean...?","cb1","C23",NA,NA,4.734246575,"male","CA","of-color","some-asian","multiracial",NA,NA,NA,"exp2",7,"test",4,"aff","positive","is in a good mood right now","per","hearing","can hear what's going on around it","1",-1.5,""
"2227","2","us","children","does that mean...?","cb1","C23",NA,NA,4.734246575,"male","CA","of-color","some-asian","multiracial",NA,NA,NA,"exp2",7,"test",5,"per","vision","can see me","phy","metal_plastic","is made out of metal","1",-1.5,""
"2228","2","us","children","does that mean...?","cb1","C23",NA,NA,4.734246575,"male","CA","of-color","some-asian","multiracial",NA,NA,NA,"exp2",7,"test",6,"phy","glass_clay","is made out of clay","aff","positive","can feel happy sometimes","1",-1.5,""
"2229","2","us","children","does that mean...?","cb1","C23",NA,NA,4.734246575,"male","CA","of-color","some-asian","multiracial",NA,NA,NA,"exp2",7,"test",7,"aut","movement","is moving itself from one side of the box to the other","aut","noise","can make noises all by itself","1",-0.5,"IDK, maybe"
"2230","2","us","children","does that mean...?","cb1","C23",NA,NA,4.734246575,"male","CA","of-color","some-asian","multiracial",NA,NA,NA,"exp2",7,"test",8,"aff","negative","feels sad right now","phy","glass_clay","is made out of glass","1",-1.5,""
"2231","2","us","children","does that mean...?","cb1","C23",NA,NA,4.734246575,"male","CA","of-color","some-asian","multiracial",NA,NA,NA,"exp2",7,"test",9,"per","hearing","can hear me","per","vision","can see what the box looks like","1",-1.5,""
"2232","2","us","children","does that mean...?","cb1","C23",NA,NA,4.734246575,"male","CA","of-color","some-asian","multiracial",NA,NA,NA,"exp2",7,"test",10,"phy","metal_plastic","is made out of plastic","aut","movement","can move itself around the box","1",-1.5,""
"2233","2","us","children","does that mean...?","cb1","C23",NA,NA,4.734246575,"male","CA","of-color","some-asian","multiracial",NA,NA,NA,"exp2",7,"test",11,"aut","noise","is making sounds on its own","aff","negative","can be in a bad mood sometimes","1",-1.5,""
"2234","2","us","children","does that mean...?","cb1","FC05",NA,NA,4.578082192,"female","CHI","of-color","some-asian","multiracial",NA,NA,NA,"exp2",7,"practice",1,NA,NA,"is purple",NA,NA,"is green","1",-1.5,""
"2235","2","us","children","does that mean...?","cb1","FC05",NA,NA,4.578082192,"female","CHI","of-color","some-asian","multiracial",NA,NA,NA,"exp2",7,"practice",2,NA,NA,"is walking around",NA,NA,"has legs","2",1.5,""
"2236","2","us","children","does that mean...?","cb1","FC05",NA,NA,4.578082192,"female","CHI","of-color","some-asian","multiracial",NA,NA,NA,"exp2",7,"practice",3,NA,NA,"is made out of paper",NA,NA,"might rip sometime","2",1.5,""
"2237","2","us","children","does that mean...?","cb1","FC05",NA,NA,4.578082192,"female","CHI","of-color","some-asian","multiracial",NA,NA,NA,"exp2",7,"test",4,"aff","positive","is in a good mood right now","per","hearing","can hear what's going on around it","2",1.5,""
"2238","2","us","children","does that mean...?","cb1","FC05",NA,NA,4.578082192,"female","CHI","of-color","some-asian","multiracial",NA,NA,NA,"exp2",7,"test",5,"per","vision","can see me","phy","metal_plastic","is made out of metal","1",-1.5,""
"2239","2","us","children","does that mean...?","cb1","FC05",NA,NA,4.578082192,"female","CHI","of-color","some-asian","multiracial",NA,NA,NA,"exp2",7,"test",6,"phy","glass_clay","is made out of clay","aff","positive","can feel happy sometimes","2",1.5,""
"2240","2","us","children","does that mean...?","cb1","FC05",NA,NA,4.578082192,"female","CHI","of-color","some-asian","multiracial",NA,NA,NA,"exp2",7,"test",7,"aut","movement","is moving itself from one side of the box to the other","aut","noise","can make noises all by itself","2",1.5,""
"2241","2","us","children","does that mean...?","cb1","FC05",NA,NA,4.578082192,"female","CHI","of-color","some-asian","multiracial",NA,NA,NA,"exp2",7,"test",8,"aff","negative","feels sad right now","phy","glass_clay","is made out of glass","1",-1.5,""
"2242","2","us","children","does that mean...?","cb1","FC05",NA,NA,4.578082192,"female","CHI","of-color","some-asian","multiracial",NA,NA,NA,"exp2",7,"test",9,"per","hearing","can hear me","per","vision","can see what the box looks like","2",1.5,""
"2243","2","us","children","does that mean...?","cb1","FC05",NA,NA,4.578082192,"female","CHI","of-color","some-asian","multiracial",NA,NA,NA,"exp2",7,"test",10,"phy","metal_plastic","is made out of plastic","aut","movement","can move itself around the box","1",-1.5,""
"2244","2","us","children","does that mean...?","cb1","FC05",NA,NA,4.578082192,"female","CHI","of-color","some-asian","multiracial",NA,NA,NA,"exp2",7,"test",11,"aut","noise","is making sounds on its own","aff","negative","can be in a bad mood sometimes","2",1.5,""
"2245","2","us","children","does that mean...?","cb1","S07",NA,NA,4.863013699,"male","CME","of-color","some-asian","multiracial",NA,NA,NA,"exp1",7,"practice",1,NA,NA,"is purple",NA,NA,"is green","1",-1.5,""
"2246","2","us","children","does that mean...?","cb1","S07",NA,NA,4.863013699,"male","CME","of-color","some-asian","multiracial",NA,NA,NA,"exp1",7,"practice",2,NA,NA,"is walking around",NA,NA,"has legs","2",1.5,""
"2247","2","us","children","does that mean...?","cb1","S07",NA,NA,4.863013699,"male","CME","of-color","some-asian","multiracial",NA,NA,NA,"exp1",7,"practice",3,NA,NA,"is made out of paper",NA,NA,"might rip sometime","2",1.5,""
"2248","2","us","children","does that mean...?","cb1","S07",NA,NA,4.863013699,"male","CME","of-color","some-asian","multiracial",NA,NA,NA,"exp1",7,"test",4,"aff","positive","is in a good mood right now","per","hearing","can hear what's going on around it","2",0.5,""
"2249","2","us","children","does that mean...?","cb1","S07",NA,NA,4.863013699,"male","CME","of-color","some-asian","multiracial",NA,NA,NA,"exp1",7,"test",5,"per","vision","can see me","phy","metal_plastic","is made out of metal","1",-1.5,""
"2250","2","us","children","does that mean...?","cb1","S07",NA,NA,4.863013699,"male","CME","of-color","some-asian","multiracial",NA,NA,NA,"exp1",7,"test",6,"phy","glass_clay","is made out of clay","aff","positive","can feel happy sometimes","1",-1.5,"R first said ""see me"", then corrected, and repeated question"
"2251","2","us","children","does that mean...?","cb1","S07",NA,NA,4.863013699,"male","CME","of-color","some-asian","multiracial",NA,NA,NA,"exp1",7,"test",7,"aut","movement","is moving itself from one side of the box to the other","aut","noise","can make noises all by itself","2",1.5,""
"2252","2","us","children","does that mean...?","cb1","S07",NA,NA,4.863013699,"male","CME","of-color","some-asian","multiracial",NA,NA,NA,"exp1",7,"test",8,"aff","negative","feels sad right now","phy","glass_clay","is made out of glass","1",-1.5,""
"2253","2","us","children","does that mean...?","cb1","S07",NA,NA,4.863013699,"male","CME","of-color","some-asian","multiracial",NA,NA,NA,"exp1",7,"test",9,"per","hearing","can hear me","per","vision","can see what the box looks like","2",1.5,""
"2254","2","us","children","does that mean...?","cb1","S07",NA,NA,4.863013699,"male","CME","of-color","some-asian","multiracial",NA,NA,NA,"exp1",7,"test",10,"phy","metal_plastic","is made out of plastic","aut","movement","can move itself around the box","1",-1.5,""
"2255","2","us","children","does that mean...?","cb1","S07",NA,NA,4.863013699,"male","CME","of-color","some-asian","multiracial",NA,NA,NA,"exp1",7,"test",11,"aut","noise","is making sounds on its own","aff","negative","can be in a bad mood sometimes","1",-0.5,""
"2256","2","us","children","does that mean...?","cb1","S15",NA,NA,5.126027397,"male","C","white","white-only","white",NA,NA,NA,"exp1",7,"practice",1,NA,NA,"is purple",NA,NA,"is green","1",-0.5,""
"2257","2","us","children","does that mean...?","cb1","S15",NA,NA,5.126027397,"male","C","white","white-only","white",NA,NA,NA,"exp1",7,"practice",2,NA,NA,"is walking around",NA,NA,"has legs","1",-1.5,""
"2258","2","us","children","does that mean...?","cb1","S15",NA,NA,5.126027397,"male","C","white","white-only","white",NA,NA,NA,"exp1",7,"practice",3,NA,NA,"is made out of paper",NA,NA,"might rip sometime","2",0.5,""
"2259","2","us","children","does that mean...?","cb1","S15",NA,NA,5.126027397,"male","C","white","white-only","white",NA,NA,NA,"exp1",7,"test",4,"aff","positive","is in a good mood right now","per","hearing","can hear what's going on around it","1",-0.5,""
"2260","2","us","children","does that mean...?","cb1","S15",NA,NA,5.126027397,"male","C","white","white-only","white",NA,NA,NA,"exp1",7,"test",5,"per","vision","can see me","phy","metal_plastic","is made out of metal","1",-0.5,""
"2261","2","us","children","does that mean...?","cb1","S15",NA,NA,5.126027397,"male","C","white","white-only","white",NA,NA,NA,"exp1",7,"test",6,"phy","glass_clay","is made out of clay","aff","positive","can feel happy sometimes","1",-0.5,""
"2262","2","us","children","does that mean...?","cb1","S15",NA,NA,5.126027397,"male","C","white","white-only","white",NA,NA,NA,"exp1",7,"test",7,"aut","movement","is moving itself from one side of the box to the other","aut","noise","can make noises all by itself","1",-0.5,""
"2263","2","us","children","does that mean...?","cb1","S15",NA,NA,5.126027397,"male","C","white","white-only","white",NA,NA,NA,"exp1",7,"test",8,"aff","negative","feels sad right now","phy","glass_clay","is made out of glass","1",-1.5,""
"2264","2","us","children","does that mean...?","cb1","S15",NA,NA,5.126027397,"male","C","white","white-only","white",NA,NA,NA,"exp1",7,"test",9,"per","hearing","can hear me","per","vision","can see what the box looks like","1",-0.5,""
"2265","2","us","children","does that mean...?","cb1","S15",NA,NA,5.126027397,"male","C","white","white-only","white",NA,NA,NA,"exp1",7,"test",10,"phy","metal_plastic","is made out of plastic","aut","movement","can move itself around the box","1",-0.5,""
"2266","2","us","children","does that mean...?","cb1","S15",NA,NA,5.126027397,"male","C","white","white-only","white",NA,NA,NA,"exp1",7,"test",11,"aut","noise","is making sounds on its own","aff","negative","can be in a bad mood sometimes","1",-0.5,""
"2267","2","us","children","does that mean...?","cb1","S25",NA,NA,4.528767123,"female","AI","of-color","some-asian","multiracial",NA,NA,NA,"exp1",7,"practice",1,NA,NA,"is purple",NA,NA,"is green","1",-0.5,""
"2268","2","us","children","does that mean...?","cb1","S25",NA,NA,4.528767123,"female","AI","of-color","some-asian","multiracial",NA,NA,NA,"exp1",7,"practice",2,NA,NA,"is walking around",NA,NA,"has legs","2",1.5,""
"2269","2","us","children","does that mean...?","cb1","S25",NA,NA,4.528767123,"female","AI","of-color","some-asian","multiracial",NA,NA,NA,"exp1",7,"practice",3,NA,NA,"is made out of paper",NA,NA,"might rip sometime","2",1.5,""
"2270","2","us","children","does that mean...?","cb1","S25",NA,NA,4.528767123,"female","AI","of-color","some-asian","multiracial",NA,NA,NA,"exp1",7,"test",4,"aff","positive","is in a good mood right now","per","hearing","can hear what's going on around it","2",1.5,"with or without ears?"
"2271","2","us","children","does that mean...?","cb1","S25",NA,NA,4.528767123,"female","AI","of-color","some-asian","multiracial",NA,NA,NA,"exp1",7,"test",5,"per","vision","can see me","phy","metal_plastic","is made out of metal","1",-1.5,""
"2272","2","us","children","does that mean...?","cb1","S25",NA,NA,4.528767123,"female","AI","of-color","some-asian","multiracial",NA,NA,NA,"exp1",7,"test",6,"phy","glass_clay","is made out of clay","aff","positive","can feel happy sometimes","1",-1.5,"it doesn't talk and it doesn't have a face and it doesn't hear anything"
"2273","2","us","children","does that mean...?","cb1","S25",NA,NA,4.528767123,"female","AI","of-color","some-asian","multiracial",NA,NA,NA,"exp1",7,"test",7,"aut","movement","is moving itself from one side of the box to the other","aut","noise","can make noises all by itself","2",1.5,"stomping noise"
"2274","2","us","children","does that mean...?","cb1","S25",NA,NA,4.528767123,"female","AI","of-color","some-asian","multiracial",NA,NA,NA,"exp1",7,"test",8,"aff","negative","feels sad right now","phy","glass_clay","is made out of glass","1",-1.5,""
"2275","2","us","children","does that mean...?","cb1","S25",NA,NA,4.528767123,"female","AI","of-color","some-asian","multiracial",NA,NA,NA,"exp1",7,"test",9,"per","hearing","can hear me","per","vision","can see what the box looks like","1",-1.5,"doesn't have eyes"
"2276","2","us","children","does that mean...?","cb1","S25",NA,NA,4.528767123,"female","AI","of-color","some-asian","multiracial",NA,NA,NA,"exp1",7,"test",10,"phy","metal_plastic","is made out of plastic","aut","movement","can move itself around the box","1",-1.5,"it could be a fridge"
"2277","2","us","children","does that mean...?","cb1","S25",NA,NA,4.528767123,"female","AI","of-color","some-asian","multiracial",NA,NA,NA,"exp1",7,"test",11,"aut","noise","is making sounds on its own","aff","negative","can be in a bad mood sometimes","1",-1.5,"stomping sounds; it kind runs around the box maybe?"
"2278","2","us","children","does that mean...?","cb1","S33",NA,NA,5.501369863,"male","H","of-color","other-nonwhite","hispanic-latino",NA,NA,NA,"exp1",7,"practice",1,NA,NA,"is purple",NA,NA,"is green","1",-1.5,""
"2279","2","us","children","does that mean...?","cb1","S33",NA,NA,5.501369863,"male","H","of-color","other-nonwhite","hispanic-latino",NA,NA,NA,"exp1",7,"practice",2,NA,NA,"is walking around",NA,NA,"has legs","2",0.5,"it could walk on its hands"
"2280","2","us","children","does that mean...?","cb1","S33",NA,NA,5.501369863,"male","H","of-color","other-nonwhite","hispanic-latino",NA,NA,NA,"exp1",7,"practice",3,NA,NA,"is made out of paper",NA,NA,"might rip sometime","2",1.5,""
"2281","2","us","children","does that mean...?","cb1","S33",NA,NA,5.501369863,"male","H","of-color","other-nonwhite","hispanic-latino",NA,NA,NA,"exp1",7,"test",4,"aff","positive","is in a good mood right now","per","hearing","can hear what's going on around it","2",1.5,""
"2282","2","us","children","does that mean...?","cb1","S33",NA,NA,5.501369863,"male","H","of-color","other-nonwhite","hispanic-latino",NA,NA,NA,"exp1",7,"test",5,"per","vision","can see me","phy","metal_plastic","is made out of metal","1",-1.5,"because metal can't see unless you make a robot with it"
"2283","2","us","children","does that mean...?","cb1","S33",NA,NA,5.501369863,"male","H","of-color","other-nonwhite","hispanic-latino",NA,NA,NA,"exp1",7,"test",6,"phy","glass_clay","is made out of clay","aff","positive","can feel happy sometimes","1",-1.5,""
"2284","2","us","children","does that mean...?","cb1","S33",NA,NA,5.501369863,"male","H","of-color","other-nonwhite","hispanic-latino",NA,NA,NA,"exp1",7,"test",7,"aut","movement","is moving itself from one side of the box to the other","aut","noise","can make noises all by itself","2",1.5,"because if it walks and it can make a little sound [footsteps]"
"2285","2","us","children","does that mean...?","cb1","S33",NA,NA,5.501369863,"male","H","of-color","other-nonwhite","hispanic-latino",NA,NA,NA,"exp1",7,"test",8,"aff","negative","feels sad right now","phy","glass_clay","is made out of glass","1",-0.5,"because you could make a sad robot out of glass (and wires and stuff)"
"2286","2","us","children","does that mean...?","cb1","S33",NA,NA,5.501369863,"male","H","of-color","other-nonwhite","hispanic-latino",NA,NA,NA,"exp1",7,"test",9,"per","hearing","can hear me","per","vision","can see what the box looks like","2",0.5,""
"2287","2","us","children","does that mean...?","cb1","S33",NA,NA,5.501369863,"male","H","of-color","other-nonwhite","hispanic-latino",NA,NA,NA,"exp1",7,"test",10,"phy","metal_plastic","is made out of plastic","aut","movement","can move itself around the box","2",0.5,"[hand motion]"
"2288","2","us","children","does that mean...?","cb1","S33",NA,NA,5.501369863,"male","H","of-color","other-nonwhite","hispanic-latino",NA,NA,NA,"exp1",7,"test",11,"aut","noise","is making sounds on its own","aff","negative","can be in a bad mood sometimes","2",0.5,""
"2289","2","us","children","does that mean...?","cb1","C08",NA,NA,4.471232877,"female","C","white","white-only","white",NA,NA,NA,"exp2",8,"practice",1,NA,NA,"is purple",NA,NA,"is green","1",-1.5,""
"2290","2","us","children","does that mean...?","cb1","C08",NA,NA,4.471232877,"female","C","white","white-only","white",NA,NA,NA,"exp2",8,"practice",2,NA,NA,"is walking around",NA,NA,"has legs","2",1.5,""
"2291","2","us","children","does that mean...?","cb1","C08",NA,NA,4.471232877,"female","C","white","white-only","white",NA,NA,NA,"exp2",8,"practice",3,NA,NA,"is made out of paper",NA,NA,"might rip sometime","2",1.5,""
"2292","2","us","children","does that mean...?","cb1","C08",NA,NA,4.471232877,"female","C","white","white-only","white",NA,NA,NA,"exp2",8,"test",4,"aut","movement","is moving itself around the box","aff","negative","can feel sad sometimes","2",0.5,""
"2293","2","us","children","does that mean...?","cb1","C08",NA,NA,4.471232877,"female","C","white","white-only","white",NA,NA,NA,"exp2",8,"test",5,"phy","glass_clay","is made out of glass","aut","noise","can make noises all by itself","1",-1.5,""
"2294","2","us","children","does that mean...?","cb1","C08",NA,NA,4.471232877,"female","C","white","white-only","white",NA,NA,NA,"exp2",8,"test",6,"per","hearing","can hear what's going on around it","per","vision","can see me","2",1.5,""
"2295","2","us","children","does that mean...?","cb1","C08",NA,NA,4.471232877,"female","C","white","white-only","white",NA,NA,NA,"exp2",8,"test",7,"aff","positive","feels happy right now","phy","metal_plastic","is made out of plastic","1",-1.5,""
"2296","2","us","children","does that mean...?","cb1","C08",NA,NA,4.471232877,"female","C","white","white-only","white",NA,NA,NA,"exp2",8,"test",8,"aut","noise","is making sounds on its own","aut","movement","can move itself from one side of the box to the other","2",1.5,""
"2297","2","us","children","does that mean...?","cb1","C08",NA,NA,4.471232877,"female","C","white","white-only","white",NA,NA,NA,"exp2",8,"test",9,"phy","metal_plastic","is made out of metal","aff","positive","can be in a good mood sometimes","2",1.5,""
"2298","2","us","children","does that mean...?","cb1","C08",NA,NA,4.471232877,"female","C","white","white-only","white",NA,NA,NA,"exp2",8,"test",10,"per","vision","can see what the box looks like","phy","glass_clay","is made out of clay","1",-1.5,""
"2299","2","us","children","does that mean...?","cb1","C08",NA,NA,4.471232877,"female","C","white","white-only","white",NA,NA,NA,"exp2",8,"test",11,"aff","negative","is in a bad mood right now","per","hearing","can hear me","2",1.5,""
"2300","2","us","children","does that mean...?","cb1","C24",NA,NA,5.58630137,"male","I","of-color","some-asian","indian",NA,NA,NA,"exp2",8,"practice",1,NA,NA,"is purple",NA,NA,"is green","1",-0.5,"sort of yes and no"
"2301","2","us","children","does that mean...?","cb1","C24",NA,NA,5.58630137,"male","I","of-color","some-asian","indian",NA,NA,NA,"exp2",8,"practice",2,NA,NA,"is walking around",NA,NA,"has legs","2",1.5,""
"2302","2","us","children","does that mean...?","cb1","C24",NA,NA,5.58630137,"male","I","of-color","some-asian","indian",NA,NA,NA,"exp2",8,"practice",3,NA,NA,"is made out of paper",NA,NA,"might rip sometime","2",1.5,""
"2303","2","us","children","does that mean...?","cb1","C24",NA,NA,5.58630137,"male","I","of-color","some-asian","indian",NA,NA,NA,"exp2",8,"test",4,"aut","movement","is moving itself around the box","aff","negative","can feel sad sometimes","2",1.5,""
"2304","2","us","children","does that mean...?","cb1","C24",NA,NA,5.58630137,"male","I","of-color","some-asian","indian",NA,NA,NA,"exp2",8,"test",5,"phy","glass_clay","is made out of glass","aut","noise","can make noises all by itself","1",-1.5,"you have to drop it"
"2305","2","us","children","does that mean...?","cb1","C24",NA,NA,5.58630137,"male","I","of-color","some-asian","indian",NA,NA,NA,"exp2",8,"test",6,"per","hearing","can hear what's going on around it","per","vision","can see me","1",-1.5,"IDK"
"2306","2","us","children","does that mean...?","cb1","C24",NA,NA,5.58630137,"male","I","of-color","some-asian","indian",NA,NA,NA,"exp2",8,"test",7,"aff","positive","feels happy right now","phy","metal_plastic","is made out of plastic","1",-0.5,"IDK"
"2307","2","us","children","does that mean...?","cb1","C24",NA,NA,5.58630137,"male","I","of-color","some-asian","indian",NA,NA,NA,"exp2",8,"test",8,"aut","noise","is making sounds on its own","aut","movement","can move itself from one side of the box to the other","1",-0.5,""
"2308","2","us","children","does that mean...?","cb1","C24",NA,NA,5.58630137,"male","I","of-color","some-asian","indian",NA,NA,NA,"exp2",8,"test",9,"phy","metal_plastic","is made out of metal","aff","positive","can be in a good mood sometimes","2",0.5,""
"2309","2","us","children","does that mean...?","cb1","C24",NA,NA,5.58630137,"male","I","of-color","some-asian","indian",NA,NA,NA,"exp2",8,"test",10,"per","vision","can see what the box looks like","phy","glass_clay","is made out of clay","1",-0.5,"IDK"
"2310","2","us","children","does that mean...?","cb1","C24",NA,NA,5.58630137,"male","I","of-color","some-asian","indian",NA,NA,NA,"exp2",8,"test",11,"aff","negative","is in a bad mood right now","per","hearing","can hear me","1",-0.5,""
"2311","2","us","children","does that mean...?","cb1","FC06",NA,NA,4.939726027,"female","CA","of-color","some-asian","multiracial",NA,NA,NA,"exp2",8,"practice",1,NA,NA,"is purple",NA,NA,"is green","1",-1.5,""
"2312","2","us","children","does that mean...?","cb1","FC06",NA,NA,4.939726027,"female","CA","of-color","some-asian","multiracial",NA,NA,NA,"exp2",8,"practice",2,NA,NA,"is walking around",NA,NA,"has legs","2",1.5,""
"2313","2","us","children","does that mean...?","cb1","FC06",NA,NA,4.939726027,"female","CA","of-color","some-asian","multiracial",NA,NA,NA,"exp2",8,"practice",3,NA,NA,"is made out of paper",NA,NA,"might rip sometime","2",1.5,""
"2314","2","us","children","does that mean...?","cb1","FC06",NA,NA,4.939726027,"female","CA","of-color","some-asian","multiracial",NA,NA,NA,"exp2",8,"test",4,"aut","movement","is moving itself around the box","aff","negative","can feel sad sometimes","1",-1.5,""
"2315","2","us","children","does that mean...?","cb1","FC06",NA,NA,4.939726027,"female","CA","of-color","some-asian","multiracial",NA,NA,NA,"exp2",8,"test",5,"phy","glass_clay","is made out of glass","aut","noise","can make noises all by itself","1",-1.5,""
"2316","2","us","children","does that mean...?","cb1","FC06",NA,NA,4.939726027,"female","CA","of-color","some-asian","multiracial",NA,NA,NA,"exp2",8,"test",6,"per","hearing","can hear what's going on around it","per","vision","can see me","1",-1.5,""
"2317","2","us","children","does that mean...?","cb1","FC06",NA,NA,4.939726027,"female","CA","of-color","some-asian","multiracial",NA,NA,NA,"exp2",8,"test",7,"aff","positive","feels happy right now","phy","metal_plastic","is made out of plastic","1",-1.5,""
"2318","2","us","children","does that mean...?","cb1","FC06",NA,NA,4.939726027,"female","CA","of-color","some-asian","multiracial",NA,NA,NA,"exp2",8,"test",8,"aut","noise","is making sounds on its own","aut","movement","can move itself from one side of the box to the other","2",1.5,""
"2319","2","us","children","does that mean...?","cb1","FC06",NA,NA,4.939726027,"female","CA","of-color","some-asian","multiracial",NA,NA,NA,"exp2",8,"test",9,"phy","metal_plastic","is made out of metal","aff","positive","can be in a good mood sometimes","2",1.5,""
"2320","2","us","children","does that mean...?","cb1","FC06",NA,NA,4.939726027,"female","CA","of-color","some-asian","multiracial",NA,NA,NA,"exp2",8,"test",10,"per","vision","can see what the box looks like","phy","glass_clay","is made out of clay","1",-1.5,""
"2321","2","us","children","does that mean...?","cb1","FC06",NA,NA,4.939726027,"female","CA","of-color","some-asian","multiracial",NA,NA,NA,"exp2",8,"test",11,"aff","negative","is in a bad mood right now","per","hearing","can hear me","2",0.5,""
"2322","2","us","children","does that mean...?","cb1","S08",NA,NA,4.698630137,"male","unknown",NA,NA,"unknown",NA,NA,NA,"exp1",8,"practice",1,NA,NA,"is purple",NA,NA,"is green","1",-1.5,""
"2323","2","us","children","does that mean...?","cb1","S08",NA,NA,4.698630137,"male","unknown",NA,NA,"unknown",NA,NA,NA,"exp1",8,"practice",2,NA,NA,"is walking around",NA,NA,"has legs","2",1.5,""
"2324","2","us","children","does that mean...?","cb1","S08",NA,NA,4.698630137,"male","unknown",NA,NA,"unknown",NA,NA,NA,"exp1",8,"practice",3,NA,NA,"is made out of paper",NA,NA,"might rip sometime","2",1.5,""
"2325","2","us","children","does that mean...?","cb1","S08",NA,NA,4.698630137,"male","unknown",NA,NA,"unknown",NA,NA,NA,"exp1",8,"test",4,"aut","movement","is moving itself around the box","aff","negative","can feel sad sometimes","1",-1.5,""
"2326","2","us","children","does that mean...?","cb1","S08",NA,NA,4.698630137,"male","unknown",NA,NA,"unknown",NA,NA,NA,"exp1",8,"test",5,"phy","glass_clay","is made out of glass","aut","noise","can make noises all by itself","1",-1.5,"if you drop it it can make noise"
"2327","2","us","children","does that mean...?","cb1","S08",NA,NA,4.698630137,"male","unknown",NA,NA,"unknown",NA,NA,NA,"exp1",8,"test",6,"per","hearing","can hear what's going on around it","per","vision","can see me","1",-0.5,""
"2328","2","us","children","does that mean...?","cb1","S08",NA,NA,4.698630137,"male","unknown",NA,NA,"unknown",NA,NA,NA,"exp1",8,"test",7,"aff","positive","feels happy right now","phy","metal_plastic","is made out of plastic","1",-1.5,"it's made out of bones"
"2329","2","us","children","does that mean...?","cb1","S08",NA,NA,4.698630137,"male","unknown",NA,NA,"unknown",NA,NA,NA,"exp1",8,"test",8,"aut","noise","is making sounds on its own","aut","movement","can move itself from one side of the box to the other","2",1.5,"a baby giraffe cuz that's what can make sounds and move"
"2330","2","us","children","does that mean...?","cb1","S08",NA,NA,4.698630137,"male","unknown",NA,NA,"unknown",NA,NA,NA,"exp1",8,"test",9,"phy","metal_plastic","is made out of metal","aff","positive","can be in a good mood sometimes","1",-1.5,"it only can be a bar - like in the grove yard, or like the street line, the thing that holds up the stop sign"
"2331","2","us","children","does that mean...?","cb1","S08",NA,NA,4.698630137,"male","unknown",NA,NA,"unknown",NA,NA,NA,"exp1",8,"test",10,"per","vision","can see what the box looks like","phy","glass_clay","is made out of clay","1",-1.5,"it can only be an animal"
"2332","2","us","children","does that mean...?","cb1","S08",NA,NA,4.698630137,"male","unknown",NA,NA,"unknown",NA,NA,NA,"exp1",8,"test",11,"aff","negative","is in a bad mood right now","per","hearing","can hear me","1",-1.5,"it can only be an animal"
"2333","2","us","children","does that mean...?","cb1","S100",NA,NA,5.04109589,"female","A","of-color","some-asian","east-asian",NA,NA,NA,"exp1",8,"practice",1,NA,NA,"is purple",NA,NA,"is green","2",0.5,"plant"
"2334","2","us","children","does that mean...?","cb1","S100",NA,NA,5.04109589,"female","A","of-color","some-asian","east-asian",NA,NA,NA,"exp1",8,"practice",2,NA,NA,"is walking around",NA,NA,"has legs","2",0.5,"dinosaur; robot"
"2335","2","us","children","does that mean...?","cb1","S100",NA,NA,5.04109589,"female","A","of-color","some-asian","east-asian",NA,NA,NA,"exp1",8,"practice",3,NA,NA,"is made out of paper",NA,NA,"might rip sometime","1",-0.5,"piece of paper?"
"2336","2","us","children","does that mean...?","cb1","S100",NA,NA,5.04109589,"female","A","of-color","some-asian","east-asian",NA,NA,NA,"exp1",8,"test",4,"aut","movement","is moving itself around the box","aff","negative","can feel sad sometimes","1",-0.5,"no idea"
"2337","2","us","children","does that mean...?","cb1","S100",NA,NA,5.04109589,"female","A","of-color","some-asian","east-asian",NA,NA,NA,"exp1",8,"test",5,"phy","glass_clay","is made out of glass","aut","noise","can make noises all by itself","2",1.5,"it's a cup and it can break"
"2338","2","us","children","does that mean...?","cb1","S100",NA,NA,5.04109589,"female","A","of-color","some-asian","east-asian",NA,NA,NA,"exp1",8,"test",6,"per","hearing","can hear what's going on around it","per","vision","can see me","1",-1.5,"no idea"
"2339","2","us","children","does that mean...?","cb1","S100",NA,NA,5.04109589,"female","A","of-color","some-asian","east-asian",NA,NA,NA,"exp1",8,"test",7,"aff","positive","feels happy right now","phy","metal_plastic","is made out of plastic","2",1.5,""
"2340","2","us","children","does that mean...?","cb1","S100",NA,NA,5.04109589,"female","A","of-color","some-asian","east-asian",NA,NA,NA,"exp1",8,"test",8,"aut","noise","is making sounds on its own","aut","movement","can move itself from one side of the box to the other","2",1.5,"it's a mouse!"
"2341","2","us","children","does that mean...?","cb1","S100",NA,NA,5.04109589,"female","A","of-color","some-asian","east-asian",NA,NA,NA,"exp1",8,"test",9,"phy","metal_plastic","is made out of metal","aff","positive","can be in a good mood sometimes","2",0.5,"it's a tin man"
"2342","2","us","children","does that mean...?","cb1","S100",NA,NA,5.04109589,"female","A","of-color","some-asian","east-asian",NA,NA,NA,"exp1",8,"test",10,"per","vision","can see what the box looks like","phy","glass_clay","is made out of clay","2",0.5,"it is a clay model"
"2343","2","us","children","does that mean...?","cb1","S100",NA,NA,5.04109589,"female","A","of-color","some-asian","east-asian",NA,NA,NA,"exp1",8,"test",11,"aff","negative","is in a bad mood right now","per","hearing","can hear me","2",1.5,"it's a wizard"
"2344","2","us","children","does that mean...?","cb1","S16",NA,NA,5.126027397,"male","C","white","white-only","white",NA,NA,NA,"exp1",8,"practice",1,NA,NA,"is purple",NA,NA,"is green","1",-1.5,""
"2345","2","us","children","does that mean...?","cb1","S16",NA,NA,5.126027397,"male","C","white","white-only","white",NA,NA,NA,"exp1",8,"practice",2,NA,NA,"is walking around",NA,NA,"has legs","2",0.5,"I don't know"
"2346","2","us","children","does that mean...?","cb1","S16",NA,NA,5.126027397,"male","C","white","white-only","white",NA,NA,NA,"exp1",8,"practice",3,NA,NA,"is made out of paper",NA,NA,"might rip sometime","2",1.5,""
"2347","2","us","children","does that mean...?","cb1","S16",NA,NA,5.126027397,"male","C","white","white-only","white",NA,NA,NA,"exp1",8,"test",4,"aut","movement","is moving itself around the box","aff","negative","can feel sad sometimes","2",0.5,"I don't know"
"2348","2","us","children","does that mean...?","cb1","S16",NA,NA,5.126027397,"male","C","white","white-only","white",NA,NA,NA,"exp1",8,"test",5,"phy","glass_clay","is made out of glass","aut","noise","can make noises all by itself","1",-0.5,""
"2349","2","us","children","does that mean...?","cb1","S16",NA,NA,5.126027397,"male","C","white","white-only","white",NA,NA,NA,"exp1",8,"test",6,"per","hearing","can hear what's going on around it","per","vision","can see me","2",1.5,""
"2350","2","us","children","does that mean...?","cb1","S16",NA,NA,5.126027397,"male","C","white","white-only","white",NA,NA,NA,"exp1",8,"test",7,"aff","positive","feels happy right now","phy","metal_plastic","is made out of plastic","1",-1.5,""
"2351","2","us","children","does that mean...?","cb1","S16",NA,NA,5.126027397,"male","C","white","white-only","white",NA,NA,NA,"exp1",8,"test",8,"aut","noise","is making sounds on its own","aut","movement","can move itself from one side of the box to the other","2",0.5,"maybe yes"
"2352","2","us","children","does that mean...?","cb1","S16",NA,NA,5.126027397,"male","C","white","white-only","white",NA,NA,NA,"exp1",8,"test",9,"phy","metal_plastic","is made out of metal","aff","positive","can be in a good mood sometimes","1",-1.5,""
"2353","2","us","children","does that mean...?","cb1","S16",NA,NA,5.126027397,"male","C","white","white-only","white",NA,NA,NA,"exp1",8,"test",10,"per","vision","can see what the box looks like","phy","glass_clay","is made out of clay","1",-1.5,""
"2354","2","us","children","does that mean...?","cb1","S16",NA,NA,5.126027397,"male","C","white","white-only","white",NA,NA,NA,"exp1",8,"test",11,"aff","negative","is in a bad mood right now","per","hearing","can hear me","2",1.5,""
"2355","2","us","children","does that mean...?","cb1","S26",NA,NA,4.531506849,"male","C","white","white-only","white",NA,NA,NA,"exp1",8,"practice",1,NA,NA,"is purple",NA,NA,"is green","1",-1.5,""
"2356","2","us","children","does that mean...?","cb1","S26",NA,NA,4.531506849,"male","C","white","white-only","white",NA,NA,NA,"exp1",8,"practice",2,NA,NA,"is walking around",NA,NA,"has legs","2",1.5,""
"2357","2","us","children","does that mean...?","cb1","S26",NA,NA,4.531506849,"male","C","white","white-only","white",NA,NA,NA,"exp1",8,"practice",3,NA,NA,"is made out of paper",NA,NA,"might rip sometime","2",1.5,""
"2358","2","us","children","does that mean...?","cb1","S26",NA,NA,4.531506849,"male","C","white","white-only","white",NA,NA,NA,"exp1",8,"test",4,"aut","movement","is moving itself around the box","aff","negative","can feel sad sometimes","2",1.5,"if it hits its head it will feel sad"
"2359","2","us","children","does that mean...?","cb1","S26",NA,NA,4.531506849,"male","C","white","white-only","white",NA,NA,NA,"exp1",8,"test",5,"phy","glass_clay","is made out of glass","aut","noise","can make noises all by itself","2",1.5,"it could break"
"2360","2","us","children","does that mean...?","cb1","S26",NA,NA,4.531506849,"male","C","white","white-only","white",NA,NA,NA,"exp1",8,"test",6,"per","hearing","can hear what's going on around it","per","vision","can see me","2",1.5,"cuz it has ears"
"2361","2","us","children","does that mean...?","cb1","S26",NA,NA,4.531506849,"male","C","white","white-only","white",NA,NA,NA,"exp1",8,"test",7,"aff","positive","feels happy right now","phy","metal_plastic","is made out of plastic","2",1.5,""
"2362","2","us","children","does that mean...?","cb1","S26",NA,NA,4.531506849,"male","C","white","white-only","white",NA,NA,NA,"exp1",8,"test",8,"aut","noise","is making sounds on its own","aut","movement","can move itself from one side of the box to the other","2",1.5,""
"2363","2","us","children","does that mean...?","cb1","S26",NA,NA,4.531506849,"male","C","white","white-only","white",NA,NA,NA,"exp1",8,"test",9,"phy","metal_plastic","is made out of metal","aff","positive","can be in a good mood sometimes","2",1.5,"steel is a kind of metal that is really strong"
"2364","2","us","children","does that mean...?","cb1","S26",NA,NA,4.531506849,"male","C","white","white-only","white",NA,NA,NA,"exp1",8,"test",10,"per","vision","can see what the box looks like","phy","glass_clay","is made out of clay","2",0.5,""
"2365","2","us","children","does that mean...?","cb1","S26",NA,NA,4.531506849,"male","C","white","white-only","white",NA,NA,NA,"exp1",8,"test",11,"aff","negative","is in a bad mood right now","per","hearing","can hear me","2",0.5,""
"2366","2","us","children","does that mean...?","cb1","S34",NA,NA,4.712328767,"female","C","white","white-only","white",NA,NA,NA,"exp1",8,"practice",1,NA,NA,"is purple",NA,NA,"is green","1",-1.5,""
"2367","2","us","children","does that mean...?","cb1","S34",NA,NA,4.712328767,"female","C","white","white-only","white",NA,NA,NA,"exp1",8,"practice",2,NA,NA,"is walking around",NA,NA,"has legs","2",1.5,""
"2368","2","us","children","does that mean...?","cb1","S34",NA,NA,4.712328767,"female","C","white","white-only","white",NA,NA,NA,"exp1",8,"practice",3,NA,NA,"is made out of paper",NA,NA,"might rip sometime","2",1.5,""
"2369","2","us","children","does that mean...?","cb1","S34",NA,NA,4.712328767,"female","C","white","white-only","white",NA,NA,NA,"exp1",8,"test",4,"aut","movement","is moving itself around the box","aff","negative","can feel sad sometimes","1",-1.5,""
"2370","2","us","children","does that mean...?","cb1","S34",NA,NA,4.712328767,"female","C","white","white-only","white",NA,NA,NA,"exp1",8,"test",5,"phy","glass_clay","is made out of glass","aut","noise","can make noises all by itself","2",1.5,""
"2371","2","us","children","does that mean...?","cb1","S34",NA,NA,4.712328767,"female","C","white","white-only","white",NA,NA,NA,"exp1",8,"test",6,"per","hearing","can hear what's going on around it","per","vision","can see me","1",-0.5,""
"2372","2","us","children","does that mean...?","cb1","S34",NA,NA,4.712328767,"female","C","white","white-only","white",NA,NA,NA,"exp1",8,"test",7,"aff","positive","feels happy right now","phy","metal_plastic","is made out of plastic","1",-0.5,""
"2373","2","us","children","does that mean...?","cb1","S34",NA,NA,4.712328767,"female","C","white","white-only","white",NA,NA,NA,"exp1",8,"test",8,"aut","noise","is making sounds on its own","aut","movement","can move itself from one side of the box to the other","1",-0.5,""
"2374","2","us","children","does that mean...?","cb1","S34",NA,NA,4.712328767,"female","C","white","white-only","white",NA,NA,NA,"exp1",8,"test",9,"phy","metal_plastic","is made out of metal","aff","positive","can be in a good mood sometimes","2",0.5,""
"2375","2","us","children","does that mean...?","cb1","S34",NA,NA,4.712328767,"female","C","white","white-only","white",NA,NA,NA,"exp1",8,"test",10,"per","vision","can see what the box looks like","phy","glass_clay","is made out of clay","1",-1.5,""
"2376","2","us","children","does that mean...?","cb1","S34",NA,NA,4.712328767,"female","C","white","white-only","white",NA,NA,NA,"exp1",8,"test",11,"aff","negative","is in a bad mood right now","per","hearing","can hear me","1",-1.5,""
"2377","3","india","adults","does that mean...?","cb1","R_0k7R0TYOfjrCgkZ","2014-06-17 19:57:00",2,NA,NA,NA,NA,NA,NA,NA,NA,NA,NA,1,"practice",1,NA,NA,"is purple",NA,NA,"is green","y",0.5,NA
"2378","3","india","adults","does that mean...?","cb1","R_0k7R0TYOfjrCgkZ","2014-06-17 19:57:00",2,NA,NA,NA,NA,NA,NA,NA,NA,NA,NA,1,"practice",2,NA,NA,"is walking around",NA,NA,"has legs","y",0.5,NA
"2379","3","india","adults","does that mean...?","cb1","R_0k7R0TYOfjrCgkZ","2014-06-17 19:57:00",2,NA,NA,NA,NA,NA,NA,NA,NA,NA,NA,1,"practice",3,NA,NA,"is made out of paper",NA,NA,"might rip sometime","y",0.5,NA
"2380","3","india","adults","does that mean...?","cb1","R_0k7R0TYOfjrCgkZ","2014-06-17 19:57:00",2,NA,NA,NA,NA,NA,NA,NA,NA,NA,NA,1,"test",4,"phy","metal_plastic","is made out of plastic","per","hearing","can hear what's going on around it","n",-0.5,NA
"2381","3","india","adults","does that mean...?","cb1","R_0k7R0TYOfjrCgkZ","2014-06-17 19:57:00",2,NA,NA,NA,NA,NA,NA,NA,NA,NA,NA,1,"test",5,"aff","positive","is in a good mood right now","aut","noise","can make noises all by itself","y",1.5,NA
"2382","3","india","adults","does that mean...?","cb1","R_0k7R0TYOfjrCgkZ","2014-06-17 19:57:00",2,NA,NA,NA,NA,NA,NA,NA,NA,NA,NA,1,"test",6,"per","vision","can see me","aff","negative","can be in a bad mood sometimes","n",-0.5,NA
"2383","3","india","adults","does that mean...?","cb1","R_0k7R0TYOfjrCgkZ","2014-06-17 19:57:00",2,NA,NA,NA,NA,NA,NA,NA,NA,NA,NA,1,"test",7,"aut","movement","is moving itself from one side of the box to the other","phy","glass_clay","is made out of clay","y",0.5,NA
"2384","3","india","adults","does that mean...?","cb1","R_0k7R0TYOfjrCgkZ","2014-06-17 19:57:00",2,NA,NA,NA,NA,NA,NA,NA,NA,NA,NA,1,"test",8,"aff","negative","feels sad right now","aff","positive","can feel happy sometimes","n",-1.5,NA
"2385","3","india","adults","does that mean...?","cb1","R_0k7R0TYOfjrCgkZ","2014-06-17 19:57:00",2,NA,NA,NA,NA,NA,NA,NA,NA,NA,NA,1,"test",9,"aut","noise","is making sounds on its own","per","vision","can see what the box looks like","y",1.5,NA
"2386","3","india","adults","does that mean...?","cb1","R_0k7R0TYOfjrCgkZ","2014-06-17 19:57:00",2,NA,NA,NA,NA,NA,NA,NA,NA,NA,NA,1,"test",10,"phy","glass_clay","is made out of glass","phy","metal_plastic","is made out of metal","n",-0.5,NA
"2387","3","india","adults","does that mean...?","cb1","R_0k7R0TYOfjrCgkZ","2014-06-17 19:57:00",2,NA,NA,NA,NA,NA,NA,NA,NA,NA,NA,1,"test",11,"per","hearing","can hear me","aut","movement","can move itself around the box","y",0.5,NA
"2388","3","india","adults","does that mean...?","cb1","R_0ptWcaMe98HnZ4h","2014-06-17 20:03:00",5,NA,NA,NA,NA,NA,NA,NA,NA,NA,NA,1,"practice",1,NA,NA,"is purple",NA,NA,"is green","n",-1.5,NA
"2389","3","india","adults","does that mean...?","cb1","R_0ptWcaMe98HnZ4h","2014-06-17 20:03:00",5,NA,NA,NA,NA,NA,NA,NA,NA,NA,NA,1,"practice",2,NA,NA,"is walking around",NA,NA,"has legs","y",0.5,NA
"2390","3","india","adults","does that mean...?","cb1","R_0ptWcaMe98HnZ4h","2014-06-17 20:03:00",5,NA,NA,NA,NA,NA,NA,NA,NA,NA,NA,1,"practice",3,NA,NA,"is made out of paper",NA,NA,"might rip sometime","y",0.5,NA
"2391","3","india","adults","does that mean...?","cb1","R_0ptWcaMe98HnZ4h","2014-06-17 20:03:00",5,NA,NA,NA,NA,NA,NA,NA,NA,NA,NA,1,"test",4,"phy","metal_plastic","is made out of plastic","per","hearing","can hear what's going on around it","n",-1.5,NA
"2392","3","india","adults","does that mean...?","cb1","R_0ptWcaMe98HnZ4h","2014-06-17 20:03:00",5,NA,NA,NA,NA,NA,NA,NA,NA,NA,NA,1,"test",5,"aff","positive","is in a good mood right now","aut","noise","can make noises all by itself","y",0.5,NA
"2393","3","india","adults","does that mean...?","cb1","R_0ptWcaMe98HnZ4h","2014-06-17 20:03:00",5,NA,NA,NA,NA,NA,NA,NA,NA,NA,NA,1,"test",6,"per","vision","can see me","aff","negative","can be in a bad mood sometimes","n",-0.5,NA
"2394","3","india","adults","does that mean...?","cb1","R_0ptWcaMe98HnZ4h","2014-06-17 20:03:00",5,NA,NA,NA,NA,NA,NA,NA,NA,NA,NA,1,"test",7,"aut","movement","is moving itself from one side of the box to the other","phy","glass_clay","is made out of clay","n",-1.5,NA
"2395","3","india","adults","does that mean...?","cb1","R_0ptWcaMe98HnZ4h","2014-06-17 20:03:00",5,NA,NA,NA,NA,NA,NA,NA,NA,NA,NA,1,"test",8,"aff","negative","feels sad right now","aff","positive","can feel happy sometimes","y",0.5,NA
"2396","3","india","adults","does that mean...?","cb1","R_0ptWcaMe98HnZ4h","2014-06-17 20:03:00",5,NA,NA,NA,NA,NA,NA,NA,NA,NA,NA,1,"test",9,"aut","noise","is making sounds on its own","per","vision","can see what the box looks like","y",0.5,NA
"2397","3","india","adults","does that mean...?","cb1","R_0ptWcaMe98HnZ4h","2014-06-17 20:03:00",5,NA,NA,NA,NA,NA,NA,NA,NA,NA,NA,1,"test",10,"phy","glass_clay","is made out of glass","phy","metal_plastic","is made out of metal","n",-1.5,NA
"2398","3","india","adults","does that mean...?","cb1","R_0ptWcaMe98HnZ4h","2014-06-17 20:03:00",5,NA,NA,NA,NA,NA,NA,NA,NA,NA,NA,1,"test",11,"per","hearing","can hear me","aut","movement","can move itself around the box","y",0.5,NA
"2399","3","india","adults","does that mean...?","cb1","R_29sVmUToQBnKg2p","2014-06-17 20:09:00",3,NA,NA,NA,NA,NA,NA,NA,NA,NA,NA,1,"practice",1,NA,NA,"is purple",NA,NA,"is green","n",-1.5,NA
"2400","3","india","adults","does that mean...?","cb1","R_29sVmUToQBnKg2p","2014-06-17 20:09:00",3,NA,NA,NA,NA,NA,NA,NA,NA,NA,NA,1,"practice",2,NA,NA,"is walking around",NA,NA,"has legs","y",1.5,NA
"2401","3","india","adults","does that mean...?","cb1","R_29sVmUToQBnKg2p","2014-06-17 20:09:00",3,NA,NA,NA,NA,NA,NA,NA,NA,NA,NA,1,"practice",3,NA,NA,"is made out of paper",NA,NA,"might rip sometime","y",1.5,NA
"2402","3","india","adults","does that mean...?","cb1","R_29sVmUToQBnKg2p","2014-06-17 20:09:00",3,NA,NA,NA,NA,NA,NA,NA,NA,NA,NA,1,"test",4,"phy","metal_plastic","is made out of plastic","per","hearing","can hear what's going on around it","n",-1.5,NA
"2403","3","india","adults","does that mean...?","cb1","R_29sVmUToQBnKg2p","2014-06-17 20:09:00",3,NA,NA,NA,NA,NA,NA,NA,NA,NA,NA,1,"test",5,"aff","positive","is in a good mood right now","aut","noise","can make noises all by itself","y",1.5,NA
"2404","3","india","adults","does that mean...?","cb1","R_29sVmUToQBnKg2p","2014-06-17 20:09:00",3,NA,NA,NA,NA,NA,NA,NA,NA,NA,NA,1,"test",6,"per","vision","can see me","aff","negative","can be in a bad mood sometimes","y",1.5,NA
"2405","3","india","adults","does that mean...?","cb1","R_29sVmUToQBnKg2p","2014-06-17 20:09:00",3,NA,NA,NA,NA,NA,NA,NA,NA,NA,NA,1,"test",7,"aut","movement","is moving itself from one side of the box to the other","phy","glass_clay","is made out of clay","n",-1.5,NA
"2406","3","india","adults","does that mean...?","cb1","R_29sVmUToQBnKg2p","2014-06-17 20:09:00",3,NA,NA,NA,NA,NA,NA,NA,NA,NA,NA,1,"test",8,"aff","negative","feels sad right now","aff","positive","can feel happy sometimes","y",1.5,NA
"2407","3","india","adults","does that mean...?","cb1","R_29sVmUToQBnKg2p","2014-06-17 20:09:00",3,NA,NA,NA,NA,NA,NA,NA,NA,NA,NA,1,"test",9,"aut","noise","is making sounds on its own","per","vision","can see what the box looks like","y",1.5,NA
"2408","3","india","adults","does that mean...?","cb1","R_29sVmUToQBnKg2p","2014-06-17 20:09:00",3,NA,NA,NA,NA,NA,NA,NA,NA,NA,NA,1,"test",10,"phy","glass_clay","is made out of glass","phy","metal_plastic","is made out of metal","n",-1.5,NA
"2409","3","india","adults","does that mean...?","cb1","R_29sVmUToQBnKg2p","2014-06-17 20:09:00",3,NA,NA,NA,NA,NA,NA,NA,NA,NA,NA,1,"test",11,"per","hearing","can hear me","aut","movement","can move itself around the box","y",1.5,NA
"2410","3","india","adults","does that mean...?","cb1","R_3q1WH9PzbEuHYHj","2014-06-17 20:14:00",5,NA,NA,NA,NA,NA,NA,NA,NA,NA,NA,1,"practice",1,NA,NA,"is purple",NA,NA,"is green","y",0.5,NA
"2411","3","india","adults","does that mean...?","cb1","R_3q1WH9PzbEuHYHj","2014-06-17 20:14:00",5,NA,NA,NA,NA,NA,NA,NA,NA,NA,NA,1,"practice",2,NA,NA,"is walking around",NA,NA,"has legs","y",1.5,NA
"2412","3","india","adults","does that mean...?","cb1","R_3q1WH9PzbEuHYHj","2014-06-17 20:14:00",5,NA,NA,NA,NA,NA,NA,NA,NA,NA,NA,1,"practice",3,NA,NA,"is made out of paper",NA,NA,"might rip sometime","n",-1.5,NA
"2413","3","india","adults","does that mean...?","cb1","R_3q1WH9PzbEuHYHj","2014-06-17 20:14:00",5,NA,NA,NA,NA,NA,NA,NA,NA,NA,NA,1,"test",4,"phy","metal_plastic","is made out of plastic","per","hearing","can hear what's going on around it","y",0.5,NA
"2414","3","india","adults","does that mean...?","cb1","R_3q1WH9PzbEuHYHj","2014-06-17 20:14:00",5,NA,NA,NA,NA,NA,NA,NA,NA,NA,NA,1,"test",5,"aff","positive","is in a good mood right now","aut","noise","can make noises all by itself","y",0.5,NA
"2415","3","india","adults","does that mean...?","cb1","R_3q1WH9PzbEuHYHj","2014-06-17 20:14:00",5,NA,NA,NA,NA,NA,NA,NA,NA,NA,NA,1,"test",6,"per","vision","can see me","aff","negative","can be in a bad mood sometimes","n",-1.5,NA
"2416","3","india","adults","does that mean...?","cb1","R_3q1WH9PzbEuHYHj","2014-06-17 20:14:00",5,NA,NA,NA,NA,NA,NA,NA,NA,NA,NA,1,"test",7,"aut","movement","is moving itself from one side of the box to the other","phy","glass_clay","is made out of clay","n",-0.5,NA
"2417","3","india","adults","does that mean...?","cb1","R_3q1WH9PzbEuHYHj","2014-06-17 20:14:00",5,NA,NA,NA,NA,NA,NA,NA,NA,NA,NA,1,"test",8,"aff","negative","feels sad right now","aff","positive","can feel happy sometimes","n",-1.5,NA
"2418","3","india","adults","does that mean...?","cb1","R_3q1WH9PzbEuHYHj","2014-06-17 20:14:00",5,NA,NA,NA,NA,NA,NA,NA,NA,NA,NA,1,"test",9,"aut","noise","is making sounds on its own","per","vision","can see what the box looks like","y",1.5,NA
"2419","3","india","adults","does that mean...?","cb1","R_3q1WH9PzbEuHYHj","2014-06-17 20:14:00",5,NA,NA,NA,NA,NA,NA,NA,NA,NA,NA,1,"test",10,"phy","glass_clay","is made out of glass","phy","metal_plastic","is made out of metal","y",0.5,NA
"2420","3","india","adults","does that mean...?","cb1","R_3q1WH9PzbEuHYHj","2014-06-17 20:14:00",5,NA,NA,NA,NA,NA,NA,NA,NA,NA,NA,1,"test",11,"per","hearing","can hear me","aut","movement","can move itself around the box","y",1.5,NA
"2421","3","india","adults","does that mean...?","cb1","R_3vJ1APVXeLNuGyh","2014-06-17 20:21:00",12,NA,NA,NA,NA,NA,NA,NA,NA,"nice task",NA,1,"practice",1,NA,NA,"is purple",NA,NA,"is green","n",-1.5,NA
"2422","3","india","adults","does that mean...?","cb1","R_3vJ1APVXeLNuGyh","2014-06-17 20:21:00",12,NA,NA,NA,NA,NA,NA,NA,NA,"nice task",NA,1,"practice",2,NA,NA,"is walking around",NA,NA,"has legs","y",1.5,NA
"2423","3","india","adults","does that mean...?","cb1","R_3vJ1APVXeLNuGyh","2014-06-17 20:21:00",12,NA,NA,NA,NA,NA,NA,NA,NA,"nice task",NA,1,"practice",3,NA,NA,"is made out of paper",NA,NA,"might rip sometime","y",0.5,NA
"2424","3","india","adults","does that mean...?","cb1","R_3vJ1APVXeLNuGyh","2014-06-17 20:21:00",12,NA,NA,NA,NA,NA,NA,NA,NA,"nice task",NA,1,"test",4,"phy","metal_plastic","is made out of plastic","per","hearing","can hear what's going on around it","n",-1.5,NA
"2425","3","india","adults","does that mean...?","cb1","R_3vJ1APVXeLNuGyh","2014-06-17 20:21:00",12,NA,NA,NA,NA,NA,NA,NA,NA,"nice task",NA,1,"test",5,"aff","positive","is in a good mood right now","aut","noise","can make noises all by itself","n",-0.5,NA
"2426","3","india","adults","does that mean...?","cb1","R_3vJ1APVXeLNuGyh","2014-06-17 20:21:00",12,NA,NA,NA,NA,NA,NA,NA,NA,"nice task",NA,1,"test",6,"per","vision","can see me","aff","negative","can be in a bad mood sometimes","n",-1.5,NA
"2427","3","india","adults","does that mean...?","cb1","R_3vJ1APVXeLNuGyh","2014-06-17 20:21:00",12,NA,NA,NA,NA,NA,NA,NA,NA,"nice task",NA,1,"test",7,"aut","movement","is moving itself from one side of the box to the other","phy","glass_clay","is made out of clay","n",-1.5,NA
"2428","3","india","adults","does that mean...?","cb1","R_3vJ1APVXeLNuGyh","2014-06-17 20:21:00",12,NA,NA,NA,NA,NA,NA,NA,NA,"nice task",NA,1,"test",8,"aff","negative","feels sad right now","aff","positive","can feel happy sometimes","y",1.5,NA
"2429","3","india","adults","does that mean...?","cb1","R_3vJ1APVXeLNuGyh","2014-06-17 20:21:00",12,NA,NA,NA,NA,NA,NA,NA,NA,"nice task",NA,1,"test",9,"aut","noise","is making sounds on its own","per","vision","can see what the box looks like","n",-1.5,NA
"2430","3","india","adults","does that mean...?","cb1","R_3vJ1APVXeLNuGyh","2014-06-17 20:21:00",12,NA,NA,NA,NA,NA,NA,NA,NA,"nice task",NA,1,"test",10,"phy","glass_clay","is made out of glass","phy","metal_plastic","is made out of metal","n",-1.5,NA
"2431","3","india","adults","does that mean...?","cb1","R_3vJ1APVXeLNuGyh","2014-06-17 20:21:00",12,NA,NA,NA,NA,NA,NA,NA,NA,"nice task",NA,1,"test",11,"per","hearing","can hear me","aut","movement","can move itself around the box","n",-1.5,NA
"2432","3","india","adults","does that mean...?","cb1","R_6YiKWiLdATv3m9T","2014-06-17 20:16:00",6,NA,NA,NA,NA,NA,NA,NA,NA,NA,NA,1,"practice",1,NA,NA,"is purple",NA,NA,"is green","n",-1.5,NA
"2433","3","india","adults","does that mean...?","cb1","R_6YiKWiLdATv3m9T","2014-06-17 20:16:00",6,NA,NA,NA,NA,NA,NA,NA,NA,NA,NA,1,"practice",2,NA,NA,"is walking around",NA,NA,"has legs","n",-1.5,NA
"2434","3","india","adults","does that mean...?","cb1","R_6YiKWiLdATv3m9T","2014-06-17 20:16:00",6,NA,NA,NA,NA,NA,NA,NA,NA,NA,NA,1,"practice",3,NA,NA,"is made out of paper",NA,NA,"might rip sometime","y",1.5,NA
"2435","3","india","adults","does that mean...?","cb1","R_6YiKWiLdATv3m9T","2014-06-17 20:16:00",6,NA,NA,NA,NA,NA,NA,NA,NA,NA,NA,1,"test",4,"phy","metal_plastic","is made out of plastic","per","hearing","can hear what's going on around it","n",-1.5,NA
"2436","3","india","adults","does that mean...?","cb1","R_6YiKWiLdATv3m9T","2014-06-17 20:16:00",6,NA,NA,NA,NA,NA,NA,NA,NA,NA,NA,1,"test",5,"aff","positive","is in a good mood right now","aut","noise","can make noises all by itself","n",-0.5,NA
"2437","3","india","adults","does that mean...?","cb1","R_6YiKWiLdATv3m9T","2014-06-17 20:16:00",6,NA,NA,NA,NA,NA,NA,NA,NA,NA,NA,1,"test",6,"per","vision","can see me","aff","negative","can be in a bad mood sometimes","y",0.5,NA
"2438","3","india","adults","does that mean...?","cb1","R_6YiKWiLdATv3m9T","2014-06-17 20:16:00",6,NA,NA,NA,NA,NA,NA,NA,NA,NA,NA,1,"test",7,"aut","movement","is moving itself from one side of the box to the other","phy","glass_clay","is made out of clay","n",-1.5,NA
"2439","3","india","adults","does that mean...?","cb1","R_6YiKWiLdATv3m9T","2014-06-17 20:16:00",6,NA,NA,NA,NA,NA,NA,NA,NA,NA,NA,1,"test",8,"aff","negative","feels sad right now","aff","positive","can feel happy sometimes","n",-0.5,NA
"2440","3","india","adults","does that mean...?","cb1","R_6YiKWiLdATv3m9T","2014-06-17 20:16:00",6,NA,NA,NA,NA,NA,NA,NA,NA,NA,NA,1,"test",9,"aut","noise","is making sounds on its own","per","vision","can see what the box looks like","y",0.5,NA
"2441","3","india","adults","does that mean...?","cb1","R_6YiKWiLdATv3m9T","2014-06-17 20:16:00",6,NA,NA,NA,NA,NA,NA,NA,NA,NA,NA,1,"test",10,"phy","glass_clay","is made out of glass","phy","metal_plastic","is made out of metal","n",-1.5,NA
"2442","3","india","adults","does that mean...?","cb1","R_6YiKWiLdATv3m9T","2014-06-17 20:16:00",6,NA,NA,NA,NA,NA,NA,NA,NA,NA,NA,1,"test",11,"per","hearing","can hear me","aut","movement","can move itself around the box","n",-1.5,NA
"2443","3","india","adults","does that mean...?","cb1","R_78MQI4XH15cRcs5","2014-06-17 19:56:00",5,NA,NA,NA,NA,NA,NA,NA,NA,"Very good survey. Instructions were clear. ",NA,1,"practice",1,NA,NA,"is purple",NA,NA,"is green","n",-1.5,NA
"2444","3","india","adults","does that mean...?","cb1","R_78MQI4XH15cRcs5","2014-06-17 19:56:00",5,NA,NA,NA,NA,NA,NA,NA,NA,"Very good survey. Instructions were clear. ",NA,1,"practice",2,NA,NA,"is walking around",NA,NA,"has legs","y",1.5,NA
"2445","3","india","adults","does that mean...?","cb1","R_78MQI4XH15cRcs5","2014-06-17 19:56:00",5,NA,NA,NA,NA,NA,NA,NA,NA,"Very good survey. Instructions were clear. ",NA,1,"practice",3,NA,NA,"is made out of paper",NA,NA,"might rip sometime","y",1.5,NA
"2446","3","india","adults","does that mean...?","cb1","R_78MQI4XH15cRcs5","2014-06-17 19:56:00",5,NA,NA,NA,NA,NA,NA,NA,NA,"Very good survey. Instructions were clear. ",NA,1,"test",4,"phy","metal_plastic","is made out of plastic","per","hearing","can hear what's going on around it","n",-1.5,NA
"2447","3","india","adults","does that mean...?","cb1","R_78MQI4XH15cRcs5","2014-06-17 19:56:00",5,NA,NA,NA,NA,NA,NA,NA,NA,"Very good survey. Instructions were clear. ",NA,1,"test",5,"aff","positive","is in a good mood right now","aut","noise","can make noises all by itself","y",0.5,NA
"2448","3","india","adults","does that mean...?","cb1","R_78MQI4XH15cRcs5","2014-06-17 19:56:00",5,NA,NA,NA,NA,NA,NA,NA,NA,"Very good survey. Instructions were clear. ",NA,1,"test",6,"per","vision","can see me","aff","negative","can be in a bad mood sometimes","y",1.5,NA
"2449","3","india","adults","does that mean...?","cb1","R_78MQI4XH15cRcs5","2014-06-17 19:56:00",5,NA,NA,NA,NA,NA,NA,NA,NA,"Very good survey. Instructions were clear. ",NA,1,"test",7,"aut","movement","is moving itself from one side of the box to the other","phy","glass_clay","is made out of clay","n",-1.5,NA
"2450","3","india","adults","does that mean...?","cb1","R_78MQI4XH15cRcs5","2014-06-17 19:56:00",5,NA,NA,NA,NA,NA,NA,NA,NA,"Very good survey. Instructions were clear. ",NA,1,"test",8,"aff","negative","feels sad right now","aff","positive","can feel happy sometimes","y",1.5,NA
"2451","3","india","adults","does that mean...?","cb1","R_78MQI4XH15cRcs5","2014-06-17 19:56:00",5,NA,NA,NA,NA,NA,NA,NA,NA,"Very good survey. Instructions were clear. ",NA,1,"test",9,"aut","noise","is making sounds on its own","per","vision","can see what the box looks like","y",0.5,NA
"2452","3","india","adults","does that mean...?","cb1","R_78MQI4XH15cRcs5","2014-06-17 19:56:00",5,NA,NA,NA,NA,NA,NA,NA,NA,"Very good survey. Instructions were clear. ",NA,1,"test",10,"phy","glass_clay","is made out of glass","phy","metal_plastic","is made out of metal","n",-1.5,NA
"2453","3","india","adults","does that mean...?","cb1","R_78MQI4XH15cRcs5","2014-06-17 19:56:00",5,NA,NA,NA,NA,NA,NA,NA,NA,"Very good survey. Instructions were clear. ",NA,1,"test",11,"per","hearing","can hear me","aut","movement","can move itself around the box","y",0.5,NA
"2454","3","india","adults","does that mean...?","cb1","R_8etx6cG3MvogaXz","2014-06-17 19:52:00",6,NA,NA,NA,NA,NA,NA,NA,NA,NA,NA,1,"practice",1,NA,NA,"is purple",NA,NA,"is green","y",0.5,NA
"2455","3","india","adults","does that mean...?","cb1","R_8etx6cG3MvogaXz","2014-06-17 19:52:00",6,NA,NA,NA,NA,NA,NA,NA,NA,NA,NA,1,"practice",2,NA,NA,"is walking around",NA,NA,"has legs","y",0.5,NA
"2456","3","india","adults","does that mean...?","cb1","R_8etx6cG3MvogaXz","2014-06-17 19:52:00",6,NA,NA,NA,NA,NA,NA,NA,NA,NA,NA,1,"practice",3,NA,NA,"is made out of paper",NA,NA,"might rip sometime","n",-0.5,NA
"2457","3","india","adults","does that mean...?","cb1","R_8etx6cG3MvogaXz","2014-06-17 19:52:00",6,NA,NA,NA,NA,NA,NA,NA,NA,NA,NA,1,"test",4,"phy","metal_plastic","is made out of plastic","per","hearing","can hear what's going on around it","y",0.5,NA
"2458","3","india","adults","does that mean...?","cb1","R_8etx6cG3MvogaXz","2014-06-17 19:52:00",6,NA,NA,NA,NA,NA,NA,NA,NA,NA,NA,1,"test",5,"aff","positive","is in a good mood right now","aut","noise","can make noises all by itself","n",-0.5,NA
"2459","3","india","adults","does that mean...?","cb1","R_8etx6cG3MvogaXz","2014-06-17 19:52:00",6,NA,NA,NA,NA,NA,NA,NA,NA,NA,NA,1,"test",6,"per","vision","can see me","aff","negative","can be in a bad mood sometimes","y",0.5,NA
"2460","3","india","adults","does that mean...?","cb1","R_8etx6cG3MvogaXz","2014-06-17 19:52:00",6,NA,NA,NA,NA,NA,NA,NA,NA,NA,NA,1,"test",7,"aut","movement","is moving itself from one side of the box to the other","phy","glass_clay","is made out of clay","y",0.5,NA
"2461","3","india","adults","does that mean...?","cb1","R_8etx6cG3MvogaXz","2014-06-17 19:52:00",6,NA,NA,NA,NA,NA,NA,NA,NA,NA,NA,1,"test",8,"aff","negative","feels sad right now","aff","positive","can feel happy sometimes","y",1.5,NA
"2462","3","india","adults","does that mean...?","cb1","R_8etx6cG3MvogaXz","2014-06-17 19:52:00",6,NA,NA,NA,NA,NA,NA,NA,NA,NA,NA,1,"test",9,"aut","noise","is making sounds on its own","per","vision","can see what the box looks like","n",-0.5,NA
"2463","3","india","adults","does that mean...?","cb1","R_8etx6cG3MvogaXz","2014-06-17 19:52:00",6,NA,NA,NA,NA,NA,NA,NA,NA,NA,NA,1,"test",10,"phy","glass_clay","is made out of glass","phy","metal_plastic","is made out of metal","y",1.5,NA
"2464","3","india","adults","does that mean...?","cb1","R_8etx6cG3MvogaXz","2014-06-17 19:52:00",6,NA,NA,NA,NA,NA,NA,NA,NA,NA,NA,1,"test",11,"per","hearing","can hear me","aut","movement","can move itself around the box","y",0.5,NA
"2465","3","india","adults","does that mean...?","cb1","R_8IhrUQMSfJqRqUB","2014-06-17 20:04:00",2,NA,NA,NA,NA,NA,NA,NA,NA,"no comments.",NA,1,"practice",1,NA,NA,"is purple",NA,NA,"is green","y",0.5,NA
"2466","3","india","adults","does that mean...?","cb1","R_8IhrUQMSfJqRqUB","2014-06-17 20:04:00",2,NA,NA,NA,NA,NA,NA,NA,NA,"no comments.",NA,1,"practice",2,NA,NA,"is walking around",NA,NA,"has legs","y",0.5,NA
"2467","3","india","adults","does that mean...?","cb1","R_8IhrUQMSfJqRqUB","2014-06-17 20:04:00",2,NA,NA,NA,NA,NA,NA,NA,NA,"no comments.",NA,1,"practice",3,NA,NA,"is made out of paper",NA,NA,"might rip sometime","n",-0.5,NA
"2468","3","india","adults","does that mean...?","cb1","R_8IhrUQMSfJqRqUB","2014-06-17 20:04:00",2,NA,NA,NA,NA,NA,NA,NA,NA,"no comments.",NA,1,"test",4,"phy","metal_plastic","is made out of plastic","per","hearing","can hear what's going on around it","n",-0.5,NA
"2469","3","india","adults","does that mean...?","cb1","R_8IhrUQMSfJqRqUB","2014-06-17 20:04:00",2,NA,NA,NA,NA,NA,NA,NA,NA,"no comments.",NA,1,"test",5,"aff","positive","is in a good mood right now","aut","noise","can make noises all by itself","n",-0.5,NA
"2470","3","india","adults","does that mean...?","cb1","R_8IhrUQMSfJqRqUB","2014-06-17 20:04:00",2,NA,NA,NA,NA,NA,NA,NA,NA,"no comments.",NA,1,"test",6,"per","vision","can see me","aff","negative","can be in a bad mood sometimes","n",-0.5,NA
"2471","3","india","adults","does that mean...?","cb1","R_8IhrUQMSfJqRqUB","2014-06-17 20:04:00",2,NA,NA,NA,NA,NA,NA,NA,NA,"no comments.",NA,1,"test",7,"aut","movement","is moving itself from one side of the box to the other","phy","glass_clay","is made out of clay","y",0.5,NA
"2472","3","india","adults","does that mean...?","cb1","R_8IhrUQMSfJqRqUB","2014-06-17 20:04:00",2,NA,NA,NA,NA,NA,NA,NA,NA,"no comments.",NA,1,"test",8,"aff","negative","feels sad right now","aff","positive","can feel happy sometimes","n",-0.5,NA
"2473","3","india","adults","does that mean...?","cb1","R_8IhrUQMSfJqRqUB","2014-06-17 20:04:00",2,NA,NA,NA,NA,NA,NA,NA,NA,"no comments.",NA,1,"test",9,"aut","noise","is making sounds on its own","per","vision","can see what the box looks like","n",-0.5,NA
"2474","3","india","adults","does that mean...?","cb1","R_8IhrUQMSfJqRqUB","2014-06-17 20:04:00",2,NA,NA,NA,NA,NA,NA,NA,NA,"no comments.",NA,1,"test",10,"phy","glass_clay","is made out of glass","phy","metal_plastic","is made out of metal","n",-0.5,NA
"2475","3","india","adults","does that mean...?","cb1","R_8IhrUQMSfJqRqUB","2014-06-17 20:04:00",2,NA,NA,NA,NA,NA,NA,NA,NA,"no comments.",NA,1,"test",11,"per","hearing","can hear me","aut","movement","can move itself around the box","y",0.5,NA
"2476","3","india","adults","does that mean...?","cb1","R_9Try4aHnJ5AsttX","2014-06-17 20:20:00",6,NA,NA,NA,NA,NA,NA,NA,NA,"No problem persist  while doing survey.Easy to access the survey",NA,1,"practice",1,NA,NA,"is purple",NA,NA,"is green","n",-1.5,NA
"2477","3","india","adults","does that mean...?","cb1","R_9Try4aHnJ5AsttX","2014-06-17 20:20:00",6,NA,NA,NA,NA,NA,NA,NA,NA,"No problem persist  while doing survey.Easy to access the survey",NA,1,"practice",2,NA,NA,"is walking around",NA,NA,"has legs","y",1.5,NA
"2478","3","india","adults","does that mean...?","cb1","R_9Try4aHnJ5AsttX","2014-06-17 20:20:00",6,NA,NA,NA,NA,NA,NA,NA,NA,"No problem persist  while doing survey.Easy to access the survey",NA,1,"practice",3,NA,NA,"is made out of paper",NA,NA,"might rip sometime","y",0.5,NA
"2479","3","india","adults","does that mean...?","cb1","R_9Try4aHnJ5AsttX","2014-06-17 20:20:00",6,NA,NA,NA,NA,NA,NA,NA,NA,"No problem persist  while doing survey.Easy to access the survey",NA,1,"test",4,"phy","metal_plastic","is made out of plastic","per","hearing","can hear what's going on around it","n",-0.5,NA
"2480","3","india","adults","does that mean...?","cb1","R_9Try4aHnJ5AsttX","2014-06-17 20:20:00",6,NA,NA,NA,NA,NA,NA,NA,NA,"No problem persist  while doing survey.Easy to access the survey",NA,1,"test",5,"aff","positive","is in a good mood right now","aut","noise","can make noises all by itself","n",-1.5,NA
"2481","3","india","adults","does that mean...?","cb1","R_9Try4aHnJ5AsttX","2014-06-17 20:20:00",6,NA,NA,NA,NA,NA,NA,NA,NA,"No problem persist  while doing survey.Easy to access the survey",NA,1,"test",6,"per","vision","can see me","aff","negative","can be in a bad mood sometimes","n",-0.5,NA
"2482","3","india","adults","does that mean...?","cb1","R_9Try4aHnJ5AsttX","2014-06-17 20:20:00",6,NA,NA,NA,NA,NA,NA,NA,NA,"No problem persist  while doing survey.Easy to access the survey",NA,1,"test",7,"aut","movement","is moving itself from one side of the box to the other","phy","glass_clay","is made out of clay","n",-1.5,NA
"2483","3","india","adults","does that mean...?","cb1","R_9Try4aHnJ5AsttX","2014-06-17 20:20:00",6,NA,NA,NA,NA,NA,NA,NA,NA,"No problem persist  while doing survey.Easy to access the survey",NA,1,"test",8,"aff","negative","feels sad right now","aff","positive","can feel happy sometimes","n",-1.5,NA
"2484","3","india","adults","does that mean...?","cb1","R_9Try4aHnJ5AsttX","2014-06-17 20:20:00",6,NA,NA,NA,NA,NA,NA,NA,NA,"No problem persist  while doing survey.Easy to access the survey",NA,1,"test",9,"aut","noise","is making sounds on its own","per","vision","can see what the box looks like","y",0.5,NA
"2485","3","india","adults","does that mean...?","cb1","R_9Try4aHnJ5AsttX","2014-06-17 20:20:00",6,NA,NA,NA,NA,NA,NA,NA,NA,"No problem persist  while doing survey.Easy to access the survey",NA,1,"test",10,"phy","glass_clay","is made out of glass","phy","metal_plastic","is made out of metal","n",-1.5,NA
"2486","3","india","adults","does that mean...?","cb1","R_9Try4aHnJ5AsttX","2014-06-17 20:20:00",6,NA,NA,NA,NA,NA,NA,NA,NA,"No problem persist  while doing survey.Easy to access the survey",NA,1,"test",11,"per","hearing","can hear me","aut","movement","can move itself around the box","y",0.5,NA
"2487","3","india","adults","does that mean...?","cb1","R_0w8LNALq9Yx7zRX","2014-06-17 19:19:00",11,NA,NA,NA,NA,NA,NA,NA,NA,NA,NA,2,"practice",1,NA,NA,"is purple",NA,NA,"is green","y",0.5,NA
"2488","3","india","adults","does that mean...?","cb1","R_0w8LNALq9Yx7zRX","2014-06-17 19:19:00",11,NA,NA,NA,NA,NA,NA,NA,NA,NA,NA,2,"practice",2,NA,NA,"is walking around",NA,NA,"has legs","y",1.5,NA
"2489","3","india","adults","does that mean...?","cb1","R_0w8LNALq9Yx7zRX","2014-06-17 19:19:00",11,NA,NA,NA,NA,NA,NA,NA,NA,NA,NA,2,"practice",3,NA,NA,"is made out of paper",NA,NA,"might rip sometime","y",0.5,NA
"2490","3","india","adults","does that mean...?","cb1","R_0w8LNALq9Yx7zRX","2014-06-17 19:19:00",11,NA,NA,NA,NA,NA,NA,NA,NA,NA,NA,2,"test",4,"per","vision","can see what the box looks like","aut","noise","can make noises all by itself","y",0.5,NA
"2491","3","india","adults","does that mean...?","cb1","R_0w8LNALq9Yx7zRX","2014-06-17 19:19:00",11,NA,NA,NA,NA,NA,NA,NA,NA,NA,NA,2,"test",5,"phy","glass_clay","is made out of clay","phy","metal_plastic","is made out of plastic","y",0.5,NA
"2492","3","india","adults","does that mean...?","cb1","R_0w8LNALq9Yx7zRX","2014-06-17 19:19:00",11,NA,NA,NA,NA,NA,NA,NA,NA,NA,NA,2,"test",6,"aut","movement","is moving itself from one side of the box to the other","per","hearing","can hear me","y",0.5,NA
"2493","3","india","adults","does that mean...?","cb1","R_0w8LNALq9Yx7zRX","2014-06-17 19:19:00",11,NA,NA,NA,NA,NA,NA,NA,NA,NA,NA,2,"test",7,"aff","negative","is in a bad mood right now","aff","positive","can be in a good mood sometimes","y",1.5,NA
"2494","3","india","adults","does that mean...?","cb1","R_0w8LNALq9Yx7zRX","2014-06-17 19:19:00",11,NA,NA,NA,NA,NA,NA,NA,NA,NA,NA,2,"test",8,"aut","noise","is making sounds on its own","phy","glass_clay","is made out of glass","y",1.5,NA
"2495","3","india","adults","does that mean...?","cb1","R_0w8LNALq9Yx7zRX","2014-06-17 19:19:00",11,NA,NA,NA,NA,NA,NA,NA,NA,NA,NA,2,"test",9,"per","hearing","can hear what's going on around it","aff","negative","can feel sad sometimes","y",1.5,NA
"2496","3","india","adults","does that mean...?","cb1","R_0w8LNALq9Yx7zRX","2014-06-17 19:19:00",11,NA,NA,NA,NA,NA,NA,NA,NA,NA,NA,2,"test",10,"aff","positive","feels happy right now","aut","movement","can move itself around the box","y",1.5,NA
"2497","3","india","adults","does that mean...?","cb1","R_0w8LNALq9Yx7zRX","2014-06-17 19:19:00",11,NA,NA,NA,NA,NA,NA,NA,NA,NA,NA,2,"test",11,"phy","metal_plastic","is made out of metal","per","vision","can see me","n",-1.5,NA
"2498","3","india","adults","does that mean...?","cb1","R_1Ff41BzoDImtIAl","2014-06-17 19:27:00",7,NA,NA,NA,NA,NA,NA,NA,NA,NA,NA,2,"practice",1,NA,NA,"is purple",NA,NA,"is green","n",-1.5,NA
"2499","3","india","adults","does that mean...?","cb1","R_1Ff41BzoDImtIAl","2014-06-17 19:27:00",7,NA,NA,NA,NA,NA,NA,NA,NA,NA,NA,2,"practice",2,NA,NA,"is walking around",NA,NA,"has legs","y",1.5,NA
"2500","3","india","adults","does that mean...?","cb1","R_1Ff41BzoDImtIAl","2014-06-17 19:27:00",7,NA,NA,NA,NA,NA,NA,NA,NA,NA,NA,2,"practice",3,NA,NA,"is made out of paper",NA,NA,"might rip sometime","n",-1.5,NA
"2501","3","india","adults","does that mean...?","cb1","R_1Ff41BzoDImtIAl","2014-06-17 19:27:00",7,NA,NA,NA,NA,NA,NA,NA,NA,NA,NA,2,"test",4,"per","vision","can see what the box looks like","aut","noise","can make noises all by itself","y",1.5,NA
"2502","3","india","adults","does that mean...?","cb1","R_1Ff41BzoDImtIAl","2014-06-17 19:27:00",7,NA,NA,NA,NA,NA,NA,NA,NA,NA,NA,2,"test",5,"phy","glass_clay","is made out of clay","phy","metal_plastic","is made out of plastic","n",-1.5,NA
"2503","3","india","adults","does that mean...?","cb1","R_1Ff41BzoDImtIAl","2014-06-17 19:27:00",7,NA,NA,NA,NA,NA,NA,NA,NA,NA,NA,2,"test",6,"aut","movement","is moving itself from one side of the box to the other","per","hearing","can hear me","y",1.5,NA
"2504","3","india","adults","does that mean...?","cb1","R_1Ff41BzoDImtIAl","2014-06-17 19:27:00",7,NA,NA,NA,NA,NA,NA,NA,NA,NA,NA,2,"test",7,"aff","negative","is in a bad mood right now","aff","positive","can be in a good mood sometimes","n",-0.5,NA
"2505","3","india","adults","does that mean...?","cb1","R_1Ff41BzoDImtIAl","2014-06-17 19:27:00",7,NA,NA,NA,NA,NA,NA,NA,NA,NA,NA,2,"test",8,"aut","noise","is making sounds on its own","phy","glass_clay","is made out of glass","y",0.5,NA
"2506","3","india","adults","does that mean...?","cb1","R_1Ff41BzoDImtIAl","2014-06-17 19:27:00",7,NA,NA,NA,NA,NA,NA,NA,NA,NA,NA,2,"test",9,"per","hearing","can hear what's going on around it","aff","negative","can feel sad sometimes","y",1.5,NA
"2507","3","india","adults","does that mean...?","cb1","R_1Ff41BzoDImtIAl","2014-06-17 19:27:00",7,NA,NA,NA,NA,NA,NA,NA,NA,NA,NA,2,"test",10,"aff","positive","feels happy right now","aut","movement","can move itself around the box","y",0.5,NA
"2508","3","india","adults","does that mean...?","cb1","R_1Ff41BzoDImtIAl","2014-06-17 19:27:00",7,NA,NA,NA,NA,NA,NA,NA,NA,NA,NA,2,"test",11,"phy","metal_plastic","is made out of metal","per","vision","can see me","n",-1.5,NA
"2509","3","india","adults","does that mean...?","cb1","R_3yn4PB6RcAvITw9","2014-06-17 19:49:00",12,NA,NA,NA,NA,NA,NA,NA,NA,NA,NA,2,"practice",1,NA,NA,"is purple",NA,NA,"is green","n",-0.5,NA
"2510","3","india","adults","does that mean...?","cb1","R_3yn4PB6RcAvITw9","2014-06-17 19:49:00",12,NA,NA,NA,NA,NA,NA,NA,NA,NA,NA,2,"practice",2,NA,NA,"is walking around",NA,NA,"has legs","n",-1.5,NA
"2511","3","india","adults","does that mean...?","cb1","R_3yn4PB6RcAvITw9","2014-06-17 19:49:00",12,NA,NA,NA,NA,NA,NA,NA,NA,NA,NA,2,"practice",3,NA,NA,"is made out of paper",NA,NA,"might rip sometime","y",1.5,NA
"2512","3","india","adults","does that mean...?","cb1","R_3yn4PB6RcAvITw9","2014-06-17 19:49:00",12,NA,NA,NA,NA,NA,NA,NA,NA,NA,NA,2,"test",4,"per","vision","can see what the box looks like","aut","noise","can make noises all by itself","y",1.5,NA
"2513","3","india","adults","does that mean...?","cb1","R_3yn4PB6RcAvITw9","2014-06-17 19:49:00",12,NA,NA,NA,NA,NA,NA,NA,NA,NA,NA,2,"test",5,"phy","glass_clay","is made out of clay","phy","metal_plastic","is made out of plastic","n",-1.5,NA
"2514","3","india","adults","does that mean...?","cb1","R_3yn4PB6RcAvITw9","2014-06-17 19:49:00",12,NA,NA,NA,NA,NA,NA,NA,NA,NA,NA,2,"test",6,"aut","movement","is moving itself from one side of the box to the other","per","hearing","can hear me","y",0.5,NA
"2515","3","india","adults","does that mean...?","cb1","R_3yn4PB6RcAvITw9","2014-06-17 19:49:00",12,NA,NA,NA,NA,NA,NA,NA,NA,NA,NA,2,"test",7,"aff","negative","is in a bad mood right now","aff","positive","can be in a good mood sometimes","y",1.5,NA
"2516","3","india","adults","does that mean...?","cb1","R_3yn4PB6RcAvITw9","2014-06-17 19:49:00",12,NA,NA,NA,NA,NA,NA,NA,NA,NA,NA,2,"test",8,"aut","noise","is making sounds on its own","phy","glass_clay","is made out of glass","n",-0.5,NA
"2517","3","india","adults","does that mean...?","cb1","R_3yn4PB6RcAvITw9","2014-06-17 19:49:00",12,NA,NA,NA,NA,NA,NA,NA,NA,NA,NA,2,"test",9,"per","hearing","can hear what's going on around it","aff","negative","can feel sad sometimes","n",-0.5,NA
"2518","3","india","adults","does that mean...?","cb1","R_3yn4PB6RcAvITw9","2014-06-17 19:49:00",12,NA,NA,NA,NA,NA,NA,NA,NA,NA,NA,2,"test",10,"aff","positive","feels happy right now","aut","movement","can move itself around the box","y",0.5,NA
"2519","3","india","adults","does that mean...?","cb1","R_3yn4PB6RcAvITw9","2014-06-17 19:49:00",12,NA,NA,NA,NA,NA,NA,NA,NA,NA,NA,2,"test",11,"phy","metal_plastic","is made out of metal","per","vision","can see me","y",1.5,NA
"2520","3","india","adults","does that mean...?","cb1","R_5gUo15jRzejhFml","2014-06-17 20:30:00",5,NA,NA,NA,NA,NA,NA,NA,NA,NA,NA,2,"practice",1,NA,NA,"is purple",NA,NA,"is green","n",-1.5,NA
"2521","3","india","adults","does that mean...?","cb1","R_5gUo15jRzejhFml","2014-06-17 20:30:00",5,NA,NA,NA,NA,NA,NA,NA,NA,NA,NA,2,"practice",2,NA,NA,"is walking around",NA,NA,"has legs","y",0.5,NA
"2522","3","india","adults","does that mean...?","cb1","R_5gUo15jRzejhFml","2014-06-17 20:30:00",5,NA,NA,NA,NA,NA,NA,NA,NA,NA,NA,2,"practice",3,NA,NA,"is made out of paper",NA,NA,"might rip sometime","n",-0.5,NA
"2523","3","india","adults","does that mean...?","cb1","R_5gUo15jRzejhFml","2014-06-17 20:30:00",5,NA,NA,NA,NA,NA,NA,NA,NA,NA,NA,2,"test",4,"per","vision","can see what the box looks like","aut","noise","can make noises all by itself","y",0.5,NA
"2524","3","india","adults","does that mean...?","cb1","R_5gUo15jRzejhFml","2014-06-17 20:30:00",5,NA,NA,NA,NA,NA,NA,NA,NA,NA,NA,2,"test",5,"phy","glass_clay","is made out of clay","phy","metal_plastic","is made out of plastic","y",0.5,NA
"2525","3","india","adults","does that mean...?","cb1","R_5gUo15jRzejhFml","2014-06-17 20:30:00",5,NA,NA,NA,NA,NA,NA,NA,NA,NA,NA,2,"test",6,"aut","movement","is moving itself from one side of the box to the other","per","hearing","can hear me","n",-0.5,NA
"2526","3","india","adults","does that mean...?","cb1","R_5gUo15jRzejhFml","2014-06-17 20:30:00",5,NA,NA,NA,NA,NA,NA,NA,NA,NA,NA,2,"test",7,"aff","negative","is in a bad mood right now","aff","positive","can be in a good mood sometimes","y",1.5,NA
"2527","3","india","adults","does that mean...?","cb1","R_5gUo15jRzejhFml","2014-06-17 20:30:00",5,NA,NA,NA,NA,NA,NA,NA,NA,NA,NA,2,"test",8,"aut","noise","is making sounds on its own","phy","glass_clay","is made out of glass","y",0.5,NA
"2528","3","india","adults","does that mean...?","cb1","R_5gUo15jRzejhFml","2014-06-17 20:30:00",5,NA,NA,NA,NA,NA,NA,NA,NA,NA,NA,2,"test",9,"per","hearing","can hear what's going on around it","aff","negative","can feel sad sometimes","n",-0.5,NA
"2529","3","india","adults","does that mean...?","cb1","R_5gUo15jRzejhFml","2014-06-17 20:30:00",5,NA,NA,NA,NA,NA,NA,NA,NA,NA,NA,2,"test",10,"aff","positive","feels happy right now","aut","movement","can move itself around the box","y",1.5,NA
"2530","3","india","adults","does that mean...?","cb1","R_5gUo15jRzejhFml","2014-06-17 20:30:00",5,NA,NA,NA,NA,NA,NA,NA,NA,NA,NA,2,"test",11,"phy","metal_plastic","is made out of metal","per","vision","can see me","n",-1.5,NA
"2531","3","india","adults","does that mean...?","cb1","R_5ywYHpJ8SJbp0yN","2014-06-17 19:28:00",6,NA,NA,NA,NA,NA,NA,NA,NA,"No comments",NA,2,"practice",1,NA,NA,"is purple",NA,NA,"is green","n",-1.5,NA
"2532","3","india","adults","does that mean...?","cb1","R_5ywYHpJ8SJbp0yN","2014-06-17 19:28:00",6,NA,NA,NA,NA,NA,NA,NA,NA,"No comments",NA,2,"practice",2,NA,NA,"is walking around",NA,NA,"has legs","y",1.5,NA
"2533","3","india","adults","does that mean...?","cb1","R_5ywYHpJ8SJbp0yN","2014-06-17 19:28:00",6,NA,NA,NA,NA,NA,NA,NA,NA,"No comments",NA,2,"practice",3,NA,NA,"is made out of paper",NA,NA,"might rip sometime","y",0.5,NA
"2534","3","india","adults","does that mean...?","cb1","R_5ywYHpJ8SJbp0yN","2014-06-17 19:28:00",6,NA,NA,NA,NA,NA,NA,NA,NA,"No comments",NA,2,"test",4,"per","vision","can see what the box looks like","aut","noise","can make noises all by itself","n",-0.5,NA
"2535","3","india","adults","does that mean...?","cb1","R_5ywYHpJ8SJbp0yN","2014-06-17 19:28:00",6,NA,NA,NA,NA,NA,NA,NA,NA,"No comments",NA,2,"test",5,"phy","glass_clay","is made out of clay","phy","metal_plastic","is made out of plastic","n",-1.5,NA
"2536","3","india","adults","does that mean...?","cb1","R_5ywYHpJ8SJbp0yN","2014-06-17 19:28:00",6,NA,NA,NA,NA,NA,NA,NA,NA,"No comments",NA,2,"test",6,"aut","movement","is moving itself from one side of the box to the other","per","hearing","can hear me","y",0.5,NA
"2537","3","india","adults","does that mean...?","cb1","R_5ywYHpJ8SJbp0yN","2014-06-17 19:28:00",6,NA,NA,NA,NA,NA,NA,NA,NA,"No comments",NA,2,"test",7,"aff","negative","is in a bad mood right now","aff","positive","can be in a good mood sometimes","y",1.5,NA
"2538","3","india","adults","does that mean...?","cb1","R_5ywYHpJ8SJbp0yN","2014-06-17 19:28:00",6,NA,NA,NA,NA,NA,NA,NA,NA,"No comments",NA,2,"test",8,"aut","noise","is making sounds on its own","phy","glass_clay","is made out of glass","n",-0.5,NA
"2539","3","india","adults","does that mean...?","cb1","R_5ywYHpJ8SJbp0yN","2014-06-17 19:28:00",6,NA,NA,NA,NA,NA,NA,NA,NA,"No comments",NA,2,"test",9,"per","hearing","can hear what's going on around it","aff","negative","can feel sad sometimes","y",0.5,NA
"2540","3","india","adults","does that mean...?","cb1","R_5ywYHpJ8SJbp0yN","2014-06-17 19:28:00",6,NA,NA,NA,NA,NA,NA,NA,NA,"No comments",NA,2,"test",10,"aff","positive","feels happy right now","aut","movement","can move itself around the box","y",0.5,NA
"2541","3","india","adults","does that mean...?","cb1","R_5ywYHpJ8SJbp0yN","2014-06-17 19:28:00",6,NA,NA,NA,NA,NA,NA,NA,NA,"No comments",NA,2,"test",11,"phy","metal_plastic","is made out of metal","per","vision","can see me","n",-1.5,NA
"2542","3","india","adults","does that mean...?","cb1","R_8igkoNsoWyW3B7D","2014-06-17 19:31:00",3,NA,NA,NA,NA,NA,NA,NA,NA,"good and easy survey. Thank you.",NA,2,"practice",1,NA,NA,"is purple",NA,NA,"is green","n",-1.5,NA
"2543","3","india","adults","does that mean...?","cb1","R_8igkoNsoWyW3B7D","2014-06-17 19:31:00",3,NA,NA,NA,NA,NA,NA,NA,NA,"good and easy survey. Thank you.",NA,2,"practice",2,NA,NA,"is walking around",NA,NA,"has legs","y",1.5,NA
"2544","3","india","adults","does that mean...?","cb1","R_8igkoNsoWyW3B7D","2014-06-17 19:31:00",3,NA,NA,NA,NA,NA,NA,NA,NA,"good and easy survey. Thank you.",NA,2,"practice",3,NA,NA,"is made out of paper",NA,NA,"might rip sometime","y",0.5,NA
"2545","3","india","adults","does that mean...?","cb1","R_8igkoNsoWyW3B7D","2014-06-17 19:31:00",3,NA,NA,NA,NA,NA,NA,NA,NA,"good and easy survey. Thank you.",NA,2,"test",4,"per","vision","can see what the box looks like","aut","noise","can make noises all by itself","y",0.5,NA
"2546","3","india","adults","does that mean...?","cb1","R_8igkoNsoWyW3B7D","2014-06-17 19:31:00",3,NA,NA,NA,NA,NA,NA,NA,NA,"good and easy survey. Thank you.",NA,2,"test",5,"phy","glass_clay","is made out of clay","phy","metal_plastic","is made out of plastic","n",-1.5,NA
"2547","3","india","adults","does that mean...?","cb1","R_8igkoNsoWyW3B7D","2014-06-17 19:31:00",3,NA,NA,NA,NA,NA,NA,NA,NA,"good and easy survey. Thank you.",NA,2,"test",6,"aut","movement","is moving itself from one side of the box to the other","per","hearing","can hear me","y",0.5,NA
"2548","3","india","adults","does that mean...?","cb1","R_8igkoNsoWyW3B7D","2014-06-17 19:31:00",3,NA,NA,NA,NA,NA,NA,NA,NA,"good and easy survey. Thank you.",NA,2,"test",7,"aff","negative","is in a bad mood right now","aff","positive","can be in a good mood sometimes","y",1.5,NA
"2549","3","india","adults","does that mean...?","cb1","R_8igkoNsoWyW3B7D","2014-06-17 19:31:00",3,NA,NA,NA,NA,NA,NA,NA,NA,"good and easy survey. Thank you.",NA,2,"test",8,"aut","noise","is making sounds on its own","phy","glass_clay","is made out of glass","n",-0.5,NA
"2550","3","india","adults","does that mean...?","cb1","R_8igkoNsoWyW3B7D","2014-06-17 19:31:00",3,NA,NA,NA,NA,NA,NA,NA,NA,"good and easy survey. Thank you.",NA,2,"test",9,"per","hearing","can hear what's going on around it","aff","negative","can feel sad sometimes","y",0.5,NA
"2551","3","india","adults","does that mean...?","cb1","R_8igkoNsoWyW3B7D","2014-06-17 19:31:00",3,NA,NA,NA,NA,NA,NA,NA,NA,"good and easy survey. Thank you.",NA,2,"test",10,"aff","positive","feels happy right now","aut","movement","can move itself around the box","y",1.5,NA
"2552","3","india","adults","does that mean...?","cb1","R_8igkoNsoWyW3B7D","2014-06-17 19:31:00",3,NA,NA,NA,NA,NA,NA,NA,NA,"good and easy survey. Thank you.",NA,2,"test",11,"phy","metal_plastic","is made out of metal","per","vision","can see me","y",0.5,NA
"2553","3","india","adults","does that mean...?","cb1","R_8ka4ubzDrwpi3EV","2014-06-17 20:41:00",8,NA,NA,NA,NA,NA,NA,NA,NA,"very enjoyable task nice",NA,2,"practice",1,NA,NA,"is purple",NA,NA,"is green","n",-1.5,NA
"2554","3","india","adults","does that mean...?","cb1","R_8ka4ubzDrwpi3EV","2014-06-17 20:41:00",8,NA,NA,NA,NA,NA,NA,NA,NA,"very enjoyable task nice",NA,2,"practice",2,NA,NA,"is walking around",NA,NA,"has legs","y",1.5,NA
"2555","3","india","adults","does that mean...?","cb1","R_8ka4ubzDrwpi3EV","2014-06-17 20:41:00",8,NA,NA,NA,NA,NA,NA,NA,NA,"very enjoyable task nice",NA,2,"practice",3,NA,NA,"is made out of paper",NA,NA,"might rip sometime","y",1.5,NA
"2556","3","india","adults","does that mean...?","cb1","R_8ka4ubzDrwpi3EV","2014-06-17 20:41:00",8,NA,NA,NA,NA,NA,NA,NA,NA,"very enjoyable task nice",NA,2,"test",4,"per","vision","can see what the box looks like","aut","noise","can make noises all by itself","y",0.5,NA
"2557","3","india","adults","does that mean...?","cb1","R_8ka4ubzDrwpi3EV","2014-06-17 20:41:00",8,NA,NA,NA,NA,NA,NA,NA,NA,"very enjoyable task nice",NA,2,"test",5,"phy","glass_clay","is made out of clay","phy","metal_plastic","is made out of plastic","n",-1.5,NA
"2558","3","india","adults","does that mean...?","cb1","R_8ka4ubzDrwpi3EV","2014-06-17 20:41:00",8,NA,NA,NA,NA,NA,NA,NA,NA,"very enjoyable task nice",NA,2,"test",6,"aut","movement","is moving itself from one side of the box to the other","per","hearing","can hear me","n",-1.5,NA
"2559","3","india","adults","does that mean...?","cb1","R_8ka4ubzDrwpi3EV","2014-06-17 20:41:00",8,NA,NA,NA,NA,NA,NA,NA,NA,"very enjoyable task nice",NA,2,"test",7,"aff","negative","is in a bad mood right now","aff","positive","can be in a good mood sometimes","n",-0.5,NA
"2560","3","india","adults","does that mean...?","cb1","R_8ka4ubzDrwpi3EV","2014-06-17 20:41:00",8,NA,NA,NA,NA,NA,NA,NA,NA,"very enjoyable task nice",NA,2,"test",8,"aut","noise","is making sounds on its own","phy","glass_clay","is made out of glass","n",-0.5,NA
"2561","3","india","adults","does that mean...?","cb1","R_8ka4ubzDrwpi3EV","2014-06-17 20:41:00",8,NA,NA,NA,NA,NA,NA,NA,NA,"very enjoyable task nice",NA,2,"test",9,"per","hearing","can hear what's going on around it","aff","negative","can feel sad sometimes","n",-0.5,NA
"2562","3","india","adults","does that mean...?","cb1","R_8ka4ubzDrwpi3EV","2014-06-17 20:41:00",8,NA,NA,NA,NA,NA,NA,NA,NA,"very enjoyable task nice",NA,2,"test",10,"aff","positive","feels happy right now","aut","movement","can move itself around the box","y",0.5,NA
"2563","3","india","adults","does that mean...?","cb1","R_8ka4ubzDrwpi3EV","2014-06-17 20:41:00",8,NA,NA,NA,NA,NA,NA,NA,NA,"very enjoyable task nice",NA,2,"test",11,"phy","metal_plastic","is made out of metal","per","vision","can see me","n",-1.5,NA
"2564","3","india","adults","does that mean...?","cb1","R_9TEZUEEUkfBI2O1","2014-06-17 18:58:00",5,NA,NA,NA,NA,NA,NA,NA,NA,NA,NA,2,"practice",1,NA,NA,"is purple",NA,NA,"is green","n",-1.5,NA
"2565","3","india","adults","does that mean...?","cb1","R_9TEZUEEUkfBI2O1","2014-06-17 18:58:00",5,NA,NA,NA,NA,NA,NA,NA,NA,NA,NA,2,"practice",2,NA,NA,"is walking around",NA,NA,"has legs","y",1.5,NA
"2566","3","india","adults","does that mean...?","cb1","R_9TEZUEEUkfBI2O1","2014-06-17 18:58:00",5,NA,NA,NA,NA,NA,NA,NA,NA,NA,NA,2,"practice",3,NA,NA,"is made out of paper",NA,NA,"might rip sometime","y",1.5,NA
"2567","3","india","adults","does that mean...?","cb1","R_9TEZUEEUkfBI2O1","2014-06-17 18:58:00",5,NA,NA,NA,NA,NA,NA,NA,NA,NA,NA,2,"test",4,"per","vision","can see what the box looks like","aut","noise","can make noises all by itself","n",-0.5,NA
"2568","3","india","adults","does that mean...?","cb1","R_9TEZUEEUkfBI2O1","2014-06-17 18:58:00",5,NA,NA,NA,NA,NA,NA,NA,NA,NA,NA,2,"test",5,"phy","glass_clay","is made out of clay","phy","metal_plastic","is made out of plastic","y",1.5,NA
"2569","3","india","adults","does that mean...?","cb1","R_9TEZUEEUkfBI2O1","2014-06-17 18:58:00",5,NA,NA,NA,NA,NA,NA,NA,NA,NA,NA,2,"test",6,"aut","movement","is moving itself from one side of the box to the other","per","hearing","can hear me","y",0.5,NA
"2570","3","india","adults","does that mean...?","cb1","R_9TEZUEEUkfBI2O1","2014-06-17 18:58:00",5,NA,NA,NA,NA,NA,NA,NA,NA,NA,NA,2,"test",7,"aff","negative","is in a bad mood right now","aff","positive","can be in a good mood sometimes","n",-0.5,NA
"2571","3","india","adults","does that mean...?","cb1","R_9TEZUEEUkfBI2O1","2014-06-17 18:58:00",5,NA,NA,NA,NA,NA,NA,NA,NA,NA,NA,2,"test",8,"aut","noise","is making sounds on its own","phy","glass_clay","is made out of glass","n",-1.5,NA
"2572","3","india","adults","does that mean...?","cb1","R_9TEZUEEUkfBI2O1","2014-06-17 18:58:00",5,NA,NA,NA,NA,NA,NA,NA,NA,NA,NA,2,"test",9,"per","hearing","can hear what's going on around it","aff","negative","can feel sad sometimes","n",-1.5,NA
"2573","3","india","adults","does that mean...?","cb1","R_9TEZUEEUkfBI2O1","2014-06-17 18:58:00",5,NA,NA,NA,NA,NA,NA,NA,NA,NA,NA,2,"test",10,"aff","positive","feels happy right now","aut","movement","can move itself around the box","n",-1.5,NA
"2574","3","india","adults","does that mean...?","cb1","R_9TEZUEEUkfBI2O1","2014-06-17 18:58:00",5,NA,NA,NA,NA,NA,NA,NA,NA,NA,NA,2,"test",11,"phy","metal_plastic","is made out of metal","per","vision","can see me","y",0.5,NA
"2575","3","india","adults","does that mean...?","cb1","R_cMuOYyqqJzuvy7P","2014-06-17 19:15:00",4,NA,NA,NA,NA,NA,NA,NA,NA,"INTERESTING",NA,2,"practice",1,NA,NA,"is purple",NA,NA,"is green","n",-0.5,NA
"2576","3","india","adults","does that mean...?","cb1","R_cMuOYyqqJzuvy7P","2014-06-17 19:15:00",4,NA,NA,NA,NA,NA,NA,NA,NA,"INTERESTING",NA,2,"practice",2,NA,NA,"is walking around",NA,NA,"has legs","y",0.5,NA
"2577","3","india","adults","does that mean...?","cb1","R_cMuOYyqqJzuvy7P","2014-06-17 19:15:00",4,NA,NA,NA,NA,NA,NA,NA,NA,"INTERESTING",NA,2,"practice",3,NA,NA,"is made out of paper",NA,NA,"might rip sometime","y",1.5,NA
"2578","3","india","adults","does that mean...?","cb1","R_cMuOYyqqJzuvy7P","2014-06-17 19:15:00",4,NA,NA,NA,NA,NA,NA,NA,NA,"INTERESTING",NA,2,"test",4,"per","vision","can see what the box looks like","aut","noise","can make noises all by itself","n",-1.5,NA
"2579","3","india","adults","does that mean...?","cb1","R_cMuOYyqqJzuvy7P","2014-06-17 19:15:00",4,NA,NA,NA,NA,NA,NA,NA,NA,"INTERESTING",NA,2,"test",5,"phy","glass_clay","is made out of clay","phy","metal_plastic","is made out of plastic","n",-1.5,NA
"2580","3","india","adults","does that mean...?","cb1","R_cMuOYyqqJzuvy7P","2014-06-17 19:15:00",4,NA,NA,NA,NA,NA,NA,NA,NA,"INTERESTING",NA,2,"test",6,"aut","movement","is moving itself from one side of the box to the other","per","hearing","can hear me","n",-1.5,NA
"2581","3","india","adults","does that mean...?","cb1","R_cMuOYyqqJzuvy7P","2014-06-17 19:15:00",4,NA,NA,NA,NA,NA,NA,NA,NA,"INTERESTING",NA,2,"test",7,"aff","negative","is in a bad mood right now","aff","positive","can be in a good mood sometimes","n",-1.5,NA
"2582","3","india","adults","does that mean...?","cb1","R_cMuOYyqqJzuvy7P","2014-06-17 19:15:00",4,NA,NA,NA,NA,NA,NA,NA,NA,"INTERESTING",NA,2,"test",8,"aut","noise","is making sounds on its own","phy","glass_clay","is made out of glass","n",-0.5,NA
"2583","3","india","adults","does that mean...?","cb1","R_cMuOYyqqJzuvy7P","2014-06-17 19:15:00",4,NA,NA,NA,NA,NA,NA,NA,NA,"INTERESTING",NA,2,"test",9,"per","hearing","can hear what's going on around it","aff","negative","can feel sad sometimes","y",0.5,NA
"2584","3","india","adults","does that mean...?","cb1","R_cMuOYyqqJzuvy7P","2014-06-17 19:15:00",4,NA,NA,NA,NA,NA,NA,NA,NA,"INTERESTING",NA,2,"test",10,"aff","positive","feels happy right now","aut","movement","can move itself around the box","n",-0.5,NA
"2585","3","india","adults","does that mean...?","cb1","R_cMuOYyqqJzuvy7P","2014-06-17 19:15:00",4,NA,NA,NA,NA,NA,NA,NA,NA,"INTERESTING",NA,2,"test",11,"phy","metal_plastic","is made out of metal","per","vision","can see me","n",-1.5,NA
"2586","3","india","adults","does that mean...?","cb1","R_eEyPwCWt20XNxmR","2014-06-17 19:06:00",5,NA,NA,NA,NA,NA,NA,NA,NA,"THIS SURVEY IS VERY INTERESTING ",NA,2,"practice",1,NA,NA,"is purple",NA,NA,"is green","y",0.5,NA
"2587","3","india","adults","does that mean...?","cb1","R_eEyPwCWt20XNxmR","2014-06-17 19:06:00",5,NA,NA,NA,NA,NA,NA,NA,NA,"THIS SURVEY IS VERY INTERESTING ",NA,2,"practice",2,NA,NA,"is walking around",NA,NA,"has legs","y",1.5,NA
"2588","3","india","adults","does that mean...?","cb1","R_eEyPwCWt20XNxmR","2014-06-17 19:06:00",5,NA,NA,NA,NA,NA,NA,NA,NA,"THIS SURVEY IS VERY INTERESTING ",NA,2,"practice",3,NA,NA,"is made out of paper",NA,NA,"might rip sometime","n",-1.5,NA
"2589","3","india","adults","does that mean...?","cb1","R_eEyPwCWt20XNxmR","2014-06-17 19:06:00",5,NA,NA,NA,NA,NA,NA,NA,NA,"THIS SURVEY IS VERY INTERESTING ",NA,2,"test",4,"per","vision","can see what the box looks like","aut","noise","can make noises all by itself","n",-0.5,NA
"2590","3","india","adults","does that mean...?","cb1","R_eEyPwCWt20XNxmR","2014-06-17 19:06:00",5,NA,NA,NA,NA,NA,NA,NA,NA,"THIS SURVEY IS VERY INTERESTING ",NA,2,"test",5,"phy","glass_clay","is made out of clay","phy","metal_plastic","is made out of plastic","n",-1.5,NA
"2591","3","india","adults","does that mean...?","cb1","R_eEyPwCWt20XNxmR","2014-06-17 19:06:00",5,NA,NA,NA,NA,NA,NA,NA,NA,"THIS SURVEY IS VERY INTERESTING ",NA,2,"test",6,"aut","movement","is moving itself from one side of the box to the other","per","hearing","can hear me","y",1.5,NA
"2592","3","india","adults","does that mean...?","cb1","R_eEyPwCWt20XNxmR","2014-06-17 19:06:00",5,NA,NA,NA,NA,NA,NA,NA,NA,"THIS SURVEY IS VERY INTERESTING ",NA,2,"test",7,"aff","negative","is in a bad mood right now","aff","positive","can be in a good mood sometimes","n",-1.5,NA
"2593","3","india","adults","does that mean...?","cb1","R_eEyPwCWt20XNxmR","2014-06-17 19:06:00",5,NA,NA,NA,NA,NA,NA,NA,NA,"THIS SURVEY IS VERY INTERESTING ",NA,2,"test",8,"aut","noise","is making sounds on its own","phy","glass_clay","is made out of glass","y",0.5,NA
"2594","3","india","adults","does that mean...?","cb1","R_eEyPwCWt20XNxmR","2014-06-17 19:06:00",5,NA,NA,NA,NA,NA,NA,NA,NA,"THIS SURVEY IS VERY INTERESTING ",NA,2,"test",9,"per","hearing","can hear what's going on around it","aff","negative","can feel sad sometimes","y",1.5,NA
"2595","3","india","adults","does that mean...?","cb1","R_eEyPwCWt20XNxmR","2014-06-17 19:06:00",5,NA,NA,NA,NA,NA,NA,NA,NA,"THIS SURVEY IS VERY INTERESTING ",NA,2,"test",10,"aff","positive","feels happy right now","aut","movement","can move itself around the box","y",0.5,NA
"2596","3","india","adults","does that mean...?","cb1","R_eEyPwCWt20XNxmR","2014-06-17 19:06:00",5,NA,NA,NA,NA,NA,NA,NA,NA,"THIS SURVEY IS VERY INTERESTING ",NA,2,"test",11,"phy","metal_plastic","is made out of metal","per","vision","can see me","y",0.5,NA
"2597","3","india","adults","does that mean...?","cb1","R_0evudLtfunxH8Ox","2014-06-17 17:41:00",19,NA,NA,NA,NA,NA,NA,NA,NA,NA,NA,3,"practice",1,NA,NA,"is purple",NA,NA,"is green","n",-1.5,NA
"2598","3","india","adults","does that mean...?","cb1","R_0evudLtfunxH8Ox","2014-06-17 17:41:00",19,NA,NA,NA,NA,NA,NA,NA,NA,NA,NA,3,"practice",2,NA,NA,"is walking around",NA,NA,"has legs","y",1.5,NA
"2599","3","india","adults","does that mean...?","cb1","R_0evudLtfunxH8Ox","2014-06-17 17:41:00",19,NA,NA,NA,NA,NA,NA,NA,NA,NA,NA,3,"practice",3,NA,NA,"is made out of paper",NA,NA,"might rip sometime","y",0.5,NA
"2600","3","india","adults","does that mean...?","cb1","R_0evudLtfunxH8Ox","2014-06-17 17:41:00",19,NA,NA,NA,NA,NA,NA,NA,NA,NA,NA,3,"test",4,"aff","negative","feels sad right now","per","vision","can see what the box looks like","y",1.5,NA
"2601","3","india","adults","does that mean...?","cb1","R_0evudLtfunxH8Ox","2014-06-17 17:41:00",19,NA,NA,NA,NA,NA,NA,NA,NA,NA,NA,3,"test",5,"per","hearing","can hear what's going on around it","phy","glass_clay","is made out of glass","n",-0.5,NA
"2602","3","india","adults","does that mean...?","cb1","R_0evudLtfunxH8Ox","2014-06-17 17:41:00",19,NA,NA,NA,NA,NA,NA,NA,NA,NA,NA,3,"test",6,"phy","metal_plastic","is made out of plastic","aff","negative","can be in a bad mood sometimes","n",-0.5,NA
"2603","3","india","adults","does that mean...?","cb1","R_0evudLtfunxH8Ox","2014-06-17 17:41:00",19,NA,NA,NA,NA,NA,NA,NA,NA,NA,NA,3,"test",7,"aut","noise","is making noises all by itself","aut","movement","can move itself around the box","n",-0.5,NA
"2604","3","india","adults","does that mean...?","cb1","R_0evudLtfunxH8Ox","2014-06-17 17:41:00",19,NA,NA,NA,NA,NA,NA,NA,NA,NA,NA,3,"test",8,"aff","positive","is in a good mood right now","phy","metal_plastic","is made out of metal","n",-0.5,NA
"2605","3","india","adults","does that mean...?","cb1","R_0evudLtfunxH8Ox","2014-06-17 17:41:00",19,NA,NA,NA,NA,NA,NA,NA,NA,NA,NA,3,"test",9,"per","vision","can see me","per","hearing","can hear me","y",0.5,NA
"2606","3","india","adults","does that mean...?","cb1","R_0evudLtfunxH8Ox","2014-06-17 17:41:00",19,NA,NA,NA,NA,NA,NA,NA,NA,NA,NA,3,"test",10,"phy","glass_clay","is made out of clay","aut","noise","can make sounds on its own","y",0.5,NA
"2607","3","india","adults","does that mean...?","cb1","R_0evudLtfunxH8Ox","2014-06-17 17:41:00",19,NA,NA,NA,NA,NA,NA,NA,NA,NA,NA,3,"test",11,"aut","movement","is moving itself from one side of the box to the other","aff","positive","can feel happy sometimes","y",1.5,NA
"2608","3","india","adults","does that mean...?","cb1","R_0ppc2oC8cxSBm7j","2014-06-17 18:45:00",4,NA,NA,NA,NA,NA,NA,NA,NA,NA,NA,3,"practice",1,NA,NA,"is purple",NA,NA,"is green","n",-1.5,NA
"2609","3","india","adults","does that mean...?","cb1","R_0ppc2oC8cxSBm7j","2014-06-17 18:45:00",4,NA,NA,NA,NA,NA,NA,NA,NA,NA,NA,3,"practice",2,NA,NA,"is walking around",NA,NA,"has legs","y",1.5,NA
"2610","3","india","adults","does that mean...?","cb1","R_0ppc2oC8cxSBm7j","2014-06-17 18:45:00",4,NA,NA,NA,NA,NA,NA,NA,NA,NA,NA,3,"practice",3,NA,NA,"is made out of paper",NA,NA,"might rip sometime","y",1.5,NA
"2611","3","india","adults","does that mean...?","cb1","R_0ppc2oC8cxSBm7j","2014-06-17 18:45:00",4,NA,NA,NA,NA,NA,NA,NA,NA,NA,NA,3,"test",4,"aff","negative","feels sad right now","per","vision","can see what the box looks like","n",-1.5,NA
"2612","3","india","adults","does that mean...?","cb1","R_0ppc2oC8cxSBm7j","2014-06-17 18:45:00",4,NA,NA,NA,NA,NA,NA,NA,NA,NA,NA,3,"test",5,"per","hearing","can hear what's going on around it","phy","glass_clay","is made out of glass","n",-1.5,NA
"2613","3","india","adults","does that mean...?","cb1","R_0ppc2oC8cxSBm7j","2014-06-17 18:45:00",4,NA,NA,NA,NA,NA,NA,NA,NA,NA,NA,3,"test",6,"phy","metal_plastic","is made out of plastic","aff","negative","can be in a bad mood sometimes","n",-0.5,NA
"2614","3","india","adults","does that mean...?","cb1","R_0ppc2oC8cxSBm7j","2014-06-17 18:45:00",4,NA,NA,NA,NA,NA,NA,NA,NA,NA,NA,3,"test",7,"aut","noise","is making noises all by itself","aut","movement","can move itself around the box","y",0.5,NA
"2615","3","india","adults","does that mean...?","cb1","R_0ppc2oC8cxSBm7j","2014-06-17 18:45:00",4,NA,NA,NA,NA,NA,NA,NA,NA,NA,NA,3,"test",8,"aff","positive","is in a good mood right now","phy","metal_plastic","is made out of metal","n",-1.5,NA
"2616","3","india","adults","does that mean...?","cb1","R_0ppc2oC8cxSBm7j","2014-06-17 18:45:00",4,NA,NA,NA,NA,NA,NA,NA,NA,NA,NA,3,"test",9,"per","vision","can see me","per","hearing","can hear me","y",0.5,NA
"2617","3","india","adults","does that mean...?","cb1","R_0ppc2oC8cxSBm7j","2014-06-17 18:45:00",4,NA,NA,NA,NA,NA,NA,NA,NA,NA,NA,3,"test",10,"phy","glass_clay","is made out of clay","aut","noise","can make sounds on its own","n",-0.5,NA
"2618","3","india","adults","does that mean...?","cb1","R_0ppc2oC8cxSBm7j","2014-06-17 18:45:00",4,NA,NA,NA,NA,NA,NA,NA,NA,NA,NA,3,"test",11,"aut","movement","is moving itself from one side of the box to the other","aff","positive","can feel happy sometimes","n",-1.5,NA
"2619","3","india","adults","does that mean...?","cb1","R_2bGBCXGHQOsrAXP","2014-06-17 19:39:00",14,NA,NA,NA,NA,NA,NA,NA,NA,"No Comments",NA,3,"practice",1,NA,NA,"is purple",NA,NA,"is green","n",-1.5,NA
"2620","3","india","adults","does that mean...?","cb1","R_2bGBCXGHQOsrAXP","2014-06-17 19:39:00",14,NA,NA,NA,NA,NA,NA,NA,NA,"No Comments",NA,3,"practice",2,NA,NA,"is walking around",NA,NA,"has legs","y",1.5,NA
"2621","3","india","adults","does that mean...?","cb1","R_2bGBCXGHQOsrAXP","2014-06-17 19:39:00",14,NA,NA,NA,NA,NA,NA,NA,NA,"No Comments",NA,3,"practice",3,NA,NA,"is made out of paper",NA,NA,"might rip sometime","y",0.5,NA
"2622","3","india","adults","does that mean...?","cb1","R_2bGBCXGHQOsrAXP","2014-06-17 19:39:00",14,NA,NA,NA,NA,NA,NA,NA,NA,"No Comments",NA,3,"test",4,"aff","negative","feels sad right now","per","vision","can see what the box looks like","y",0.5,NA
"2623","3","india","adults","does that mean...?","cb1","R_2bGBCXGHQOsrAXP","2014-06-17 19:39:00",14,NA,NA,NA,NA,NA,NA,NA,NA,"No Comments",NA,3,"test",5,"per","hearing","can hear what's going on around it","phy","glass_clay","is made out of glass","n",-1.5,NA
"2624","3","india","adults","does that mean...?","cb1","R_2bGBCXGHQOsrAXP","2014-06-17 19:39:00",14,NA,NA,NA,NA,NA,NA,NA,NA,"No Comments",NA,3,"test",6,"phy","metal_plastic","is made out of plastic","aff","negative","can be in a bad mood sometimes","n",-0.5,NA
"2625","3","india","adults","does that mean...?","cb1","R_2bGBCXGHQOsrAXP","2014-06-17 19:39:00",14,NA,NA,NA,NA,NA,NA,NA,NA,"No Comments",NA,3,"test",7,"aut","noise","is making noises all by itself","aut","movement","can move itself around the box","y",1.5,NA
"2626","3","india","adults","does that mean...?","cb1","R_2bGBCXGHQOsrAXP","2014-06-17 19:39:00",14,NA,NA,NA,NA,NA,NA,NA,NA,"No Comments",NA,3,"test",8,"aff","positive","is in a good mood right now","phy","metal_plastic","is made out of metal","n",-0.5,NA
"2627","3","india","adults","does that mean...?","cb1","R_2bGBCXGHQOsrAXP","2014-06-17 19:39:00",14,NA,NA,NA,NA,NA,NA,NA,NA,"No Comments",NA,3,"test",9,"per","vision","can see me","per","hearing","can hear me","y",0.5,NA
"2628","3","india","adults","does that mean...?","cb1","R_2bGBCXGHQOsrAXP","2014-06-17 19:39:00",14,NA,NA,NA,NA,NA,NA,NA,NA,"No Comments",NA,3,"test",10,"phy","glass_clay","is made out of clay","aut","noise","can make sounds on its own","n",-0.5,NA
"2629","3","india","adults","does that mean...?","cb1","R_2bGBCXGHQOsrAXP","2014-06-17 19:39:00",14,NA,NA,NA,NA,NA,NA,NA,NA,"No Comments",NA,3,"test",11,"aut","movement","is moving itself from one side of the box to the other","aff","positive","can feel happy sometimes","y",0.5,NA
"2630","3","india","adults","does that mean...?","cb1","R_3qqRZQ87EDpJ05T","2014-06-17 19:48:00",6,NA,NA,NA,NA,NA,NA,NA,NA,"The task was quite interesting.But it will be much better if the answers for the choices are displayed at the end and some scores will be given for correct guessing.And you can include some bonus too.Make more hits like this .Thanks",NA,3,"practice",1,NA,NA,"is purple",NA,NA,"is green","n",-1.5,NA
"2631","3","india","adults","does that mean...?","cb1","R_3qqRZQ87EDpJ05T","2014-06-17 19:48:00",6,NA,NA,NA,NA,NA,NA,NA,NA,"The task was quite interesting.But it will be much better if the answers for the choices are displayed at the end and some scores will be given for correct guessing.And you can include some bonus too.Make more hits like this .Thanks",NA,3,"practice",2,NA,NA,"is walking around",NA,NA,"has legs","y",1.5,NA
"2632","3","india","adults","does that mean...?","cb1","R_3qqRZQ87EDpJ05T","2014-06-17 19:48:00",6,NA,NA,NA,NA,NA,NA,NA,NA,"The task was quite interesting.But it will be much better if the answers for the choices are displayed at the end and some scores will be given for correct guessing.And you can include some bonus too.Make more hits like this .Thanks",NA,3,"practice",3,NA,NA,"is made out of paper",NA,NA,"might rip sometime","y",1.5,NA
"2633","3","india","adults","does that mean...?","cb1","R_3qqRZQ87EDpJ05T","2014-06-17 19:48:00",6,NA,NA,NA,NA,NA,NA,NA,NA,"The task was quite interesting.But it will be much better if the answers for the choices are displayed at the end and some scores will be given for correct guessing.And you can include some bonus too.Make more hits like this .Thanks",NA,3,"test",4,"aff","negative","feels sad right now","per","vision","can see what the box looks like","y",1.5,NA
"2634","3","india","adults","does that mean...?","cb1","R_3qqRZQ87EDpJ05T","2014-06-17 19:48:00",6,NA,NA,NA,NA,NA,NA,NA,NA,"The task was quite interesting.But it will be much better if the answers for the choices are displayed at the end and some scores will be given for correct guessing.And you can include some bonus too.Make more hits like this .Thanks",NA,3,"test",5,"per","hearing","can hear what's going on around it","phy","glass_clay","is made out of glass","n",-1.5,NA
"2635","3","india","adults","does that mean...?","cb1","R_3qqRZQ87EDpJ05T","2014-06-17 19:48:00",6,NA,NA,NA,NA,NA,NA,NA,NA,"The task was quite interesting.But it will be much better if the answers for the choices are displayed at the end and some scores will be given for correct guessing.And you can include some bonus too.Make more hits like this .Thanks",NA,3,"test",6,"phy","metal_plastic","is made out of plastic","aff","negative","can be in a bad mood sometimes","n",-1.5,NA
"2636","3","india","adults","does that mean...?","cb1","R_3qqRZQ87EDpJ05T","2014-06-17 19:48:00",6,NA,NA,NA,NA,NA,NA,NA,NA,"The task was quite interesting.But it will be much better if the answers for the choices are displayed at the end and some scores will be given for correct guessing.And you can include some bonus too.Make more hits like this .Thanks",NA,3,"test",7,"aut","noise","is making noises all by itself","aut","movement","can move itself around the box","y",1.5,NA
"2637","3","india","adults","does that mean...?","cb1","R_3qqRZQ87EDpJ05T","2014-06-17 19:48:00",6,NA,NA,NA,NA,NA,NA,NA,NA,"The task was quite interesting.But it will be much better if the answers for the choices are displayed at the end and some scores will be given for correct guessing.And you can include some bonus too.Make more hits like this .Thanks",NA,3,"test",8,"aff","positive","is in a good mood right now","phy","metal_plastic","is made out of metal","n",-1.5,NA
"2638","3","india","adults","does that mean...?","cb1","R_3qqRZQ87EDpJ05T","2014-06-17 19:48:00",6,NA,NA,NA,NA,NA,NA,NA,NA,"The task was quite interesting.But it will be much better if the answers for the choices are displayed at the end and some scores will be given for correct guessing.And you can include some bonus too.Make more hits like this .Thanks",NA,3,"test",9,"per","vision","can see me","per","hearing","can hear me","y",0.5,NA
"2639","3","india","adults","does that mean...?","cb1","R_3qqRZQ87EDpJ05T","2014-06-17 19:48:00",6,NA,NA,NA,NA,NA,NA,NA,NA,"The task was quite interesting.But it will be much better if the answers for the choices are displayed at the end and some scores will be given for correct guessing.And you can include some bonus too.Make more hits like this .Thanks",NA,3,"test",10,"phy","glass_clay","is made out of clay","aut","noise","can make sounds on its own","n",-1.5,NA
"2640","3","india","adults","does that mean...?","cb1","R_3qqRZQ87EDpJ05T","2014-06-17 19:48:00",6,NA,NA,NA,NA,NA,NA,NA,NA,"The task was quite interesting.But it will be much better if the answers for the choices are displayed at the end and some scores will be given for correct guessing.And you can include some bonus too.Make more hits like this .Thanks",NA,3,"test",11,"aut","movement","is moving itself from one side of the box to the other","aff","positive","can feel happy sometimes","y",0.5,NA
"2641","3","india","adults","does that mean...?","cb1","R_5oIOKprrrn1IKCV","2014-06-17 18:19:00",5,NA,NA,NA,NA,NA,NA,NA,NA,"My inputs may helpful for your research thanking you all the best",NA,3,"practice",1,NA,NA,"is purple",NA,NA,"is green","n",-1.5,NA
"2642","3","india","adults","does that mean...?","cb1","R_5oIOKprrrn1IKCV","2014-06-17 18:19:00",5,NA,NA,NA,NA,NA,NA,NA,NA,"My inputs may helpful for your research thanking you all the best",NA,3,"practice",2,NA,NA,"is walking around",NA,NA,"has legs","y",1.5,NA
"2643","3","india","adults","does that mean...?","cb1","R_5oIOKprrrn1IKCV","2014-06-17 18:19:00",5,NA,NA,NA,NA,NA,NA,NA,NA,"My inputs may helpful for your research thanking you all the best",NA,3,"practice",3,NA,NA,"is made out of paper",NA,NA,"might rip sometime","y",0.5,NA
"2644","3","india","adults","does that mean...?","cb1","R_5oIOKprrrn1IKCV","2014-06-17 18:19:00",5,NA,NA,NA,NA,NA,NA,NA,NA,"My inputs may helpful for your research thanking you all the best",NA,3,"test",4,"aff","negative","feels sad right now","per","vision","can see what the box looks like","n",-1.5,NA
"2645","3","india","adults","does that mean...?","cb1","R_5oIOKprrrn1IKCV","2014-06-17 18:19:00",5,NA,NA,NA,NA,NA,NA,NA,NA,"My inputs may helpful for your research thanking you all the best",NA,3,"test",5,"per","hearing","can hear what's going on around it","phy","glass_clay","is made out of glass","n",-0.5,NA
"2646","3","india","adults","does that mean...?","cb1","R_5oIOKprrrn1IKCV","2014-06-17 18:19:00",5,NA,NA,NA,NA,NA,NA,NA,NA,"My inputs may helpful for your research thanking you all the best",NA,3,"test",6,"phy","metal_plastic","is made out of plastic","aff","negative","can be in a bad mood sometimes","n",-1.5,NA
"2647","3","india","adults","does that mean...?","cb1","R_5oIOKprrrn1IKCV","2014-06-17 18:19:00",5,NA,NA,NA,NA,NA,NA,NA,NA,"My inputs may helpful for your research thanking you all the best",NA,3,"test",7,"aut","noise","is making noises all by itself","aut","movement","can move itself around the box","y",0.5,NA
"2648","3","india","adults","does that mean...?","cb1","R_5oIOKprrrn1IKCV","2014-06-17 18:19:00",5,NA,NA,NA,NA,NA,NA,NA,NA,"My inputs may helpful for your research thanking you all the best",NA,3,"test",8,"aff","positive","is in a good mood right now","phy","metal_plastic","is made out of metal","y",0.5,NA
"2649","3","india","adults","does that mean...?","cb1","R_5oIOKprrrn1IKCV","2014-06-17 18:19:00",5,NA,NA,NA,NA,NA,NA,NA,NA,"My inputs may helpful for your research thanking you all the best",NA,3,"test",9,"per","vision","can see me","per","hearing","can hear me","n",-1.5,NA
"2650","3","india","adults","does that mean...?","cb1","R_5oIOKprrrn1IKCV","2014-06-17 18:19:00",5,NA,NA,NA,NA,NA,NA,NA,NA,"My inputs may helpful for your research thanking you all the best",NA,3,"test",10,"phy","glass_clay","is made out of clay","aut","noise","can make sounds on its own","n",-0.5,NA
"2651","3","india","adults","does that mean...?","cb1","R_5oIOKprrrn1IKCV","2014-06-17 18:19:00",5,NA,NA,NA,NA,NA,NA,NA,NA,"My inputs may helpful for your research thanking you all the best",NA,3,"test",11,"aut","movement","is moving itself from one side of the box to the other","aff","positive","can feel happy sometimes","y",0.5,NA
"2652","3","india","adults","does that mean...?","cb1","R_82H1CHx1z37jhKl","2014-06-17 20:24:00",5,NA,NA,NA,NA,NA,NA,NA,NA,NA,NA,3,"practice",1,NA,NA,"is purple",NA,NA,"is green","n",-0.5,NA
"2653","3","india","adults","does that mean...?","cb1","R_82H1CHx1z37jhKl","2014-06-17 20:24:00",5,NA,NA,NA,NA,NA,NA,NA,NA,NA,NA,3,"practice",2,NA,NA,"is walking around",NA,NA,"has legs","y",1.5,NA
"2654","3","india","adults","does that mean...?","cb1","R_82H1CHx1z37jhKl","2014-06-17 20:24:00",5,NA,NA,NA,NA,NA,NA,NA,NA,NA,NA,3,"practice",3,NA,NA,"is made out of paper",NA,NA,"might rip sometime","y",0.5,NA
"2655","3","india","adults","does that mean...?","cb1","R_82H1CHx1z37jhKl","2014-06-17 20:24:00",5,NA,NA,NA,NA,NA,NA,NA,NA,NA,NA,3,"test",4,"aff","negative","feels sad right now","per","vision","can see what the box looks like","y",0.5,NA
"2656","3","india","adults","does that mean...?","cb1","R_82H1CHx1z37jhKl","2014-06-17 20:24:00",5,NA,NA,NA,NA,NA,NA,NA,NA,NA,NA,3,"test",5,"per","hearing","can hear what's going on around it","phy","glass_clay","is made out of glass","n",-1.5,NA
"2657","3","india","adults","does that mean...?","cb1","R_82H1CHx1z37jhKl","2014-06-17 20:24:00",5,NA,NA,NA,NA,NA,NA,NA,NA,NA,NA,3,"test",6,"phy","metal_plastic","is made out of plastic","aff","negative","can be in a bad mood sometimes","n",-1.5,NA
"2658","3","india","adults","does that mean...?","cb1","R_82H1CHx1z37jhKl","2014-06-17 20:24:00",5,NA,NA,NA,NA,NA,NA,NA,NA,NA,NA,3,"test",7,"aut","noise","is making noises all by itself","aut","movement","can move itself around the box","y",0.5,NA
"2659","3","india","adults","does that mean...?","cb1","R_82H1CHx1z37jhKl","2014-06-17 20:24:00",5,NA,NA,NA,NA,NA,NA,NA,NA,NA,NA,3,"test",8,"aff","positive","is in a good mood right now","phy","metal_plastic","is made out of metal","n",-1.5,NA
"2660","3","india","adults","does that mean...?","cb1","R_82H1CHx1z37jhKl","2014-06-17 20:24:00",5,NA,NA,NA,NA,NA,NA,NA,NA,NA,NA,3,"test",9,"per","vision","can see me","per","hearing","can hear me","y",0.5,NA
"2661","3","india","adults","does that mean...?","cb1","R_82H1CHx1z37jhKl","2014-06-17 20:24:00",5,NA,NA,NA,NA,NA,NA,NA,NA,NA,NA,3,"test",10,"phy","glass_clay","is made out of clay","aut","noise","can make sounds on its own","n",-1.5,NA
"2662","3","india","adults","does that mean...?","cb1","R_82H1CHx1z37jhKl","2014-06-17 20:24:00",5,NA,NA,NA,NA,NA,NA,NA,NA,NA,NA,3,"test",11,"aut","movement","is moving itself from one side of the box to the other","aff","positive","can feel happy sometimes","n",-0.5,NA
"2663","3","india","adults","does that mean...?","cb1","R_aXJNyNpMneKqEqV","2014-06-17 20:41:00",4,NA,NA,NA,NA,NA,NA,NA,NA,NA,NA,3,"practice",1,NA,NA,"is purple",NA,NA,"is green","n",-1.5,NA
"2664","3","india","adults","does that mean...?","cb1","R_aXJNyNpMneKqEqV","2014-06-17 20:41:00",4,NA,NA,NA,NA,NA,NA,NA,NA,NA,NA,3,"practice",2,NA,NA,"is walking around",NA,NA,"has legs","y",1.5,NA
"2665","3","india","adults","does that mean...?","cb1","R_aXJNyNpMneKqEqV","2014-06-17 20:41:00",4,NA,NA,NA,NA,NA,NA,NA,NA,NA,NA,3,"practice",3,NA,NA,"is made out of paper",NA,NA,"might rip sometime","y",0.5,NA
"2666","3","india","adults","does that mean...?","cb1","R_aXJNyNpMneKqEqV","2014-06-17 20:41:00",4,NA,NA,NA,NA,NA,NA,NA,NA,NA,NA,3,"test",4,"aff","negative","feels sad right now","per","vision","can see what the box looks like","y",1.5,NA
"2667","3","india","adults","does that mean...?","cb1","R_aXJNyNpMneKqEqV","2014-06-17 20:41:00",4,NA,NA,NA,NA,NA,NA,NA,NA,NA,NA,3,"test",5,"per","hearing","can hear what's going on around it","phy","glass_clay","is made out of glass","n",-1.5,NA
"2668","3","india","adults","does that mean...?","cb1","R_aXJNyNpMneKqEqV","2014-06-17 20:41:00",4,NA,NA,NA,NA,NA,NA,NA,NA,NA,NA,3,"test",6,"phy","metal_plastic","is made out of plastic","aff","negative","can be in a bad mood sometimes","n",-1.5,NA
"2669","3","india","adults","does that mean...?","cb1","R_aXJNyNpMneKqEqV","2014-06-17 20:41:00",4,NA,NA,NA,NA,NA,NA,NA,NA,NA,NA,3,"test",7,"aut","noise","is making noises all by itself","aut","movement","can move itself around the box","y",0.5,NA
"2670","3","india","adults","does that mean...?","cb1","R_aXJNyNpMneKqEqV","2014-06-17 20:41:00",4,NA,NA,NA,NA,NA,NA,NA,NA,NA,NA,3,"test",8,"aff","positive","is in a good mood right now","phy","metal_plastic","is made out of metal","n",-1.5,NA
"2671","3","india","adults","does that mean...?","cb1","R_aXJNyNpMneKqEqV","2014-06-17 20:41:00",4,NA,NA,NA,NA,NA,NA,NA,NA,NA,NA,3,"test",9,"per","vision","can see me","per","hearing","can hear me","y",1.5,NA
"2672","3","india","adults","does that mean...?","cb1","R_aXJNyNpMneKqEqV","2014-06-17 20:41:00",4,NA,NA,NA,NA,NA,NA,NA,NA,NA,NA,3,"test",10,"phy","glass_clay","is made out of clay","aut","noise","can make sounds on its own","n",-1.5,NA
"2673","3","india","adults","does that mean...?","cb1","R_aXJNyNpMneKqEqV","2014-06-17 20:41:00",4,NA,NA,NA,NA,NA,NA,NA,NA,NA,NA,3,"test",11,"aut","movement","is moving itself from one side of the box to the other","aff","positive","can feel happy sometimes","y",1.5,NA
"2674","3","india","adults","does that mean...?","cb1","R_aY70T8KB3iGxxxr","2014-06-17 18:48:00",12,NA,NA,NA,NA,NA,NA,NA,NA,NA,NA,3,"practice",1,NA,NA,"is purple",NA,NA,"is green","y",0.5,NA
"2675","3","india","adults","does that mean...?","cb1","R_aY70T8KB3iGxxxr","2014-06-17 18:48:00",12,NA,NA,NA,NA,NA,NA,NA,NA,NA,NA,3,"practice",2,NA,NA,"is walking around",NA,NA,"has legs","y",1.5,NA
"2676","3","india","adults","does that mean...?","cb1","R_aY70T8KB3iGxxxr","2014-06-17 18:48:00",12,NA,NA,NA,NA,NA,NA,NA,NA,NA,NA,3,"practice",3,NA,NA,"is made out of paper",NA,NA,"might rip sometime","y",0.5,NA
"2677","3","india","adults","does that mean...?","cb1","R_aY70T8KB3iGxxxr","2014-06-17 18:48:00",12,NA,NA,NA,NA,NA,NA,NA,NA,NA,NA,3,"test",4,"aff","negative","feels sad right now","per","vision","can see what the box looks like","y",0.5,NA
"2678","3","india","adults","does that mean...?","cb1","R_aY70T8KB3iGxxxr","2014-06-17 18:48:00",12,NA,NA,NA,NA,NA,NA,NA,NA,NA,NA,3,"test",5,"per","hearing","can hear what's going on around it","phy","glass_clay","is made out of glass","y",1.5,NA
"2679","3","india","adults","does that mean...?","cb1","R_aY70T8KB3iGxxxr","2014-06-17 18:48:00",12,NA,NA,NA,NA,NA,NA,NA,NA,NA,NA,3,"test",6,"phy","metal_plastic","is made out of plastic","aff","negative","can be in a bad mood sometimes","y",1.5,NA
"2680","3","india","adults","does that mean...?","cb1","R_aY70T8KB3iGxxxr","2014-06-17 18:48:00",12,NA,NA,NA,NA,NA,NA,NA,NA,NA,NA,3,"test",7,"aut","noise","is making noises all by itself","aut","movement","can move itself around the box","y",1.5,NA
"2681","3","india","adults","does that mean...?","cb1","R_aY70T8KB3iGxxxr","2014-06-17 18:48:00",12,NA,NA,NA,NA,NA,NA,NA,NA,NA,NA,3,"test",8,"aff","positive","is in a good mood right now","phy","metal_plastic","is made out of metal","y",1.5,NA
"2682","3","india","adults","does that mean...?","cb1","R_aY70T8KB3iGxxxr","2014-06-17 18:48:00",12,NA,NA,NA,NA,NA,NA,NA,NA,NA,NA,3,"test",9,"per","vision","can see me","per","hearing","can hear me","y",1.5,NA
"2683","3","india","adults","does that mean...?","cb1","R_aY70T8KB3iGxxxr","2014-06-17 18:48:00",12,NA,NA,NA,NA,NA,NA,NA,NA,NA,NA,3,"test",10,"phy","glass_clay","is made out of clay","aut","noise","can make sounds on its own","y",1.5,NA
"2684","3","india","adults","does that mean...?","cb1","R_aY70T8KB3iGxxxr","2014-06-17 18:48:00",12,NA,NA,NA,NA,NA,NA,NA,NA,NA,NA,3,"test",11,"aut","movement","is moving itself from one side of the box to the other","aff","positive","can feel happy sometimes","y",1.5,NA
"2685","3","india","adults","does that mean...?","cb1","R_cXSvilGnYTeDOWp","2014-06-17 17:47:00",4,NA,NA,NA,NA,NA,NA,NA,NA,NA,NA,3,"practice",1,NA,NA,"is purple",NA,NA,"is green","y",0.5,NA
"2686","3","india","adults","does that mean...?","cb1","R_cXSvilGnYTeDOWp","2014-06-17 17:47:00",4,NA,NA,NA,NA,NA,NA,NA,NA,NA,NA,3,"practice",2,NA,NA,"is walking around",NA,NA,"has legs","y",1.5,NA
"2687","3","india","adults","does that mean...?","cb1","R_cXSvilGnYTeDOWp","2014-06-17 17:47:00",4,NA,NA,NA,NA,NA,NA,NA,NA,NA,NA,3,"practice",3,NA,NA,"is made out of paper",NA,NA,"might rip sometime","y",1.5,NA
"2688","3","india","adults","does that mean...?","cb1","R_cXSvilGnYTeDOWp","2014-06-17 17:47:00",4,NA,NA,NA,NA,NA,NA,NA,NA,NA,NA,3,"test",4,"aff","negative","feels sad right now","per","vision","can see what the box looks like","y",0.5,NA
"2689","3","india","adults","does that mean...?","cb1","R_cXSvilGnYTeDOWp","2014-06-17 17:47:00",4,NA,NA,NA,NA,NA,NA,NA,NA,NA,NA,3,"test",5,"per","hearing","can hear what's going on around it","phy","glass_clay","is made out of glass","y",1.5,NA
"2690","3","india","adults","does that mean...?","cb1","R_cXSvilGnYTeDOWp","2014-06-17 17:47:00",4,NA,NA,NA,NA,NA,NA,NA,NA,NA,NA,3,"test",6,"phy","metal_plastic","is made out of plastic","aff","negative","can be in a bad mood sometimes","n",-0.5,NA
"2691","3","india","adults","does that mean...?","cb1","R_cXSvilGnYTeDOWp","2014-06-17 17:47:00",4,NA,NA,NA,NA,NA,NA,NA,NA,NA,NA,3,"test",7,"aut","noise","is making noises all by itself","aut","movement","can move itself around the box","y",1.5,NA
"2692","3","india","adults","does that mean...?","cb1","R_cXSvilGnYTeDOWp","2014-06-17 17:47:00",4,NA,NA,NA,NA,NA,NA,NA,NA,NA,NA,3,"test",8,"aff","positive","is in a good mood right now","phy","metal_plastic","is made out of metal","y",0.5,NA
"2693","3","india","adults","does that mean...?","cb1","R_cXSvilGnYTeDOWp","2014-06-17 17:47:00",4,NA,NA,NA,NA,NA,NA,NA,NA,NA,NA,3,"test",9,"per","vision","can see me","per","hearing","can hear me","y",0.5,NA
"2694","3","india","adults","does that mean...?","cb1","R_cXSvilGnYTeDOWp","2014-06-17 17:47:00",4,NA,NA,NA,NA,NA,NA,NA,NA,NA,NA,3,"test",10,"phy","glass_clay","is made out of clay","aut","noise","can make sounds on its own","y",1.5,NA
"2695","3","india","adults","does that mean...?","cb1","R_cXSvilGnYTeDOWp","2014-06-17 17:47:00",4,NA,NA,NA,NA,NA,NA,NA,NA,NA,NA,3,"test",11,"aut","movement","is moving itself from one side of the box to the other","aff","positive","can feel happy sometimes","y",0.5,NA
"2696","3","india","adults","does that mean...?","cb1","R_eXsE7IoKEyYU9q5","2014-06-17 18:04:00",8,NA,NA,NA,NA,NA,NA,NA,NA,NA,NA,3,"practice",1,NA,NA,"is purple",NA,NA,"is green","y",0.5,NA
"2697","3","india","adults","does that mean...?","cb1","R_eXsE7IoKEyYU9q5","2014-06-17 18:04:00",8,NA,NA,NA,NA,NA,NA,NA,NA,NA,NA,3,"practice",2,NA,NA,"is walking around",NA,NA,"has legs","n",-1.5,NA
"2698","3","india","adults","does that mean...?","cb1","R_eXsE7IoKEyYU9q5","2014-06-17 18:04:00",8,NA,NA,NA,NA,NA,NA,NA,NA,NA,NA,3,"practice",3,NA,NA,"is made out of paper",NA,NA,"might rip sometime","y",1.5,NA
"2699","3","india","adults","does that mean...?","cb1","R_eXsE7IoKEyYU9q5","2014-06-17 18:04:00",8,NA,NA,NA,NA,NA,NA,NA,NA,NA,NA,3,"test",4,"aff","negative","feels sad right now","per","vision","can see what the box looks like","n",-1.5,NA
"2700","3","india","adults","does that mean...?","cb1","R_eXsE7IoKEyYU9q5","2014-06-17 18:04:00",8,NA,NA,NA,NA,NA,NA,NA,NA,NA,NA,3,"test",5,"per","hearing","can hear what's going on around it","phy","glass_clay","is made out of glass","y",0.5,NA
"2701","3","india","adults","does that mean...?","cb1","R_eXsE7IoKEyYU9q5","2014-06-17 18:04:00",8,NA,NA,NA,NA,NA,NA,NA,NA,NA,NA,3,"test",6,"phy","metal_plastic","is made out of plastic","aff","negative","can be in a bad mood sometimes","n",-1.5,NA
"2702","3","india","adults","does that mean...?","cb1","R_eXsE7IoKEyYU9q5","2014-06-17 18:04:00",8,NA,NA,NA,NA,NA,NA,NA,NA,NA,NA,3,"test",7,"aut","noise","is making noises all by itself","aut","movement","can move itself around the box","y",0.5,NA
"2703","3","india","adults","does that mean...?","cb1","R_eXsE7IoKEyYU9q5","2014-06-17 18:04:00",8,NA,NA,NA,NA,NA,NA,NA,NA,NA,NA,3,"test",8,"aff","positive","is in a good mood right now","phy","metal_plastic","is made out of metal","n",-1.5,NA
"2704","3","india","adults","does that mean...?","cb1","R_eXsE7IoKEyYU9q5","2014-06-17 18:04:00",8,NA,NA,NA,NA,NA,NA,NA,NA,NA,NA,3,"test",9,"per","vision","can see me","per","hearing","can hear me","n",-1.5,NA
"2705","3","india","adults","does that mean...?","cb1","R_eXsE7IoKEyYU9q5","2014-06-17 18:04:00",8,NA,NA,NA,NA,NA,NA,NA,NA,NA,NA,3,"test",10,"phy","glass_clay","is made out of clay","aut","noise","can make sounds on its own","n",-1.5,NA
"2706","3","india","adults","does that mean...?","cb1","R_eXsE7IoKEyYU9q5","2014-06-17 18:04:00",8,NA,NA,NA,NA,NA,NA,NA,NA,NA,NA,3,"test",11,"aut","movement","is moving itself from one side of the box to the other","aff","positive","can feel happy sometimes","y",1.5,NA
"2707","3","india","adults","does that mean...?","cb1","R_25CgkDmkQ13fnSJ","2014-06-17 18:03:00",7,NA,NA,NA,NA,NA,NA,NA,NA,"mil",NA,4,"practice",1,NA,NA,"is purple",NA,NA,"is green","n",-0.5,NA
"2708","3","india","adults","does that mean...?","cb1","R_25CgkDmkQ13fnSJ","2014-06-17 18:03:00",7,NA,NA,NA,NA,NA,NA,NA,NA,"mil",NA,4,"practice",2,NA,NA,"is walking around",NA,NA,"has legs","y",0.5,NA
"2709","3","india","adults","does that mean...?","cb1","R_25CgkDmkQ13fnSJ","2014-06-17 18:03:00",7,NA,NA,NA,NA,NA,NA,NA,NA,"mil",NA,4,"practice",3,NA,NA,"is made out of paper",NA,NA,"might rip sometime","n",-0.5,NA
"2710","3","india","adults","does that mean...?","cb1","R_25CgkDmkQ13fnSJ","2014-06-17 18:03:00",7,NA,NA,NA,NA,NA,NA,NA,NA,"mil",NA,4,"test",4,"aut","noise","is making noises all by itself","aff","positive","can be in a good mood sometimes","n",-0.5,NA
"2711","3","india","adults","does that mean...?","cb1","R_25CgkDmkQ13fnSJ","2014-06-17 18:03:00",7,NA,NA,NA,NA,NA,NA,NA,NA,"mil",NA,4,"test",5,"phy","metal_plastic","is made out of metal","aut","movement","can move itself from one side of the box to the other","n",-0.5,NA
"2712","3","india","adults","does that mean...?","cb1","R_25CgkDmkQ13fnSJ","2014-06-17 18:03:00",7,NA,NA,NA,NA,NA,NA,NA,NA,"mil",NA,4,"test",6,"per","vision","can see what the box looks like","per","hearing","can hear what's going on around it","n",-0.5,NA
"2713","3","india","adults","does that mean...?","cb1","R_25CgkDmkQ13fnSJ","2014-06-17 18:03:00",7,NA,NA,NA,NA,NA,NA,NA,NA,"mil",NA,4,"test",7,"aff","negative","is in a bad mood right now","phy","glass_clay","is made out of clay","y",0.5,NA
"2714","3","india","adults","does that mean...?","cb1","R_25CgkDmkQ13fnSJ","2014-06-17 18:03:00",7,NA,NA,NA,NA,NA,NA,NA,NA,"mil",NA,4,"test",8,"aut","movement","is moving itself around the box","aut","noise","can make sounds on its own","n",-0.5,NA
"2715","3","india","adults","does that mean...?","cb1","R_25CgkDmkQ13fnSJ","2014-06-17 18:03:00",7,NA,NA,NA,NA,NA,NA,NA,NA,"mil",NA,4,"test",9,"phy","glass_clay","is made out of glass","aff","negative","can feel sad sometimes","n",-0.5,NA
"2716","3","india","adults","does that mean...?","cb1","R_25CgkDmkQ13fnSJ","2014-06-17 18:03:00",7,NA,NA,NA,NA,NA,NA,NA,NA,"mil",NA,4,"test",10,"per","hearing","can hear me","phy","metal_plastic","is made out of plastic","y",0.5,NA
"2717","3","india","adults","does that mean...?","cb1","R_25CgkDmkQ13fnSJ","2014-06-17 18:03:00",7,NA,NA,NA,NA,NA,NA,NA,NA,"mil",NA,4,"test",11,"aff","positive","feels happy right now","per","vision","can see me","y",0.5,NA
"2718","3","india","adults","does that mean...?","cb1","R_2lZ3WiFWiU8G4Lj","2014-06-17 17:43:00",8,NA,NA,NA,NA,NA,NA,NA,NA,NA,NA,4,"practice",1,NA,NA,"is purple",NA,NA,"is green","n",-0.5,NA
"2719","3","india","adults","does that mean...?","cb1","R_2lZ3WiFWiU8G4Lj","2014-06-17 17:43:00",8,NA,NA,NA,NA,NA,NA,NA,NA,NA,NA,4,"practice",2,NA,NA,"is walking around",NA,NA,"has legs","y",0.5,NA
"2720","3","india","adults","does that mean...?","cb1","R_2lZ3WiFWiU8G4Lj","2014-06-17 17:43:00",8,NA,NA,NA,NA,NA,NA,NA,NA,NA,NA,4,"practice",3,NA,NA,"is made out of paper",NA,NA,"might rip sometime","y",0.5,NA
"2721","3","india","adults","does that mean...?","cb1","R_2lZ3WiFWiU8G4Lj","2014-06-17 17:43:00",8,NA,NA,NA,NA,NA,NA,NA,NA,NA,NA,4,"test",4,"aut","noise","is making noises all by itself","aff","positive","can be in a good mood sometimes","y",0.5,NA
"2722","3","india","adults","does that mean...?","cb1","R_2lZ3WiFWiU8G4Lj","2014-06-17 17:43:00",8,NA,NA,NA,NA,NA,NA,NA,NA,NA,NA,4,"test",5,"phy","metal_plastic","is made out of metal","aut","movement","can move itself from one side of the box to the other","y",0.5,NA
"2723","3","india","adults","does that mean...?","cb1","R_2lZ3WiFWiU8G4Lj","2014-06-17 17:43:00",8,NA,NA,NA,NA,NA,NA,NA,NA,NA,NA,4,"test",6,"per","vision","can see what the box looks like","per","hearing","can hear what's going on around it","y",0.5,NA
"2724","3","india","adults","does that mean...?","cb1","R_2lZ3WiFWiU8G4Lj","2014-06-17 17:43:00",8,NA,NA,NA,NA,NA,NA,NA,NA,NA,NA,4,"test",7,"aff","negative","is in a bad mood right now","phy","glass_clay","is made out of clay","y",0.5,NA
"2725","3","india","adults","does that mean...?","cb1","R_2lZ3WiFWiU8G4Lj","2014-06-17 17:43:00",8,NA,NA,NA,NA,NA,NA,NA,NA,NA,NA,4,"test",8,"aut","movement","is moving itself around the box","aut","noise","can make sounds on its own","n",-0.5,NA
"2726","3","india","adults","does that mean...?","cb1","R_2lZ3WiFWiU8G4Lj","2014-06-17 17:43:00",8,NA,NA,NA,NA,NA,NA,NA,NA,NA,NA,4,"test",9,"phy","glass_clay","is made out of glass","aff","negative","can feel sad sometimes","y",0.5,NA
"2727","3","india","adults","does that mean...?","cb1","R_2lZ3WiFWiU8G4Lj","2014-06-17 17:43:00",8,NA,NA,NA,NA,NA,NA,NA,NA,NA,NA,4,"test",10,"per","hearing","can hear me","phy","metal_plastic","is made out of plastic","y",0.5,NA
"2728","3","india","adults","does that mean...?","cb1","R_2lZ3WiFWiU8G4Lj","2014-06-17 17:43:00",8,NA,NA,NA,NA,NA,NA,NA,NA,NA,NA,4,"test",11,"aff","positive","feels happy right now","per","vision","can see me","y",0.5,NA
"2729","3","india","adults","does that mean...?","cb1","R_6QexYkI3wT29yC1","2014-06-17 20:21:00",6,NA,NA,NA,NA,NA,NA,NA,NA,NA,NA,4,"practice",1,NA,NA,"is purple",NA,NA,"is green","n",-1.5,NA
"2730","3","india","adults","does that mean...?","cb1","R_6QexYkI3wT29yC1","2014-06-17 20:21:00",6,NA,NA,NA,NA,NA,NA,NA,NA,NA,NA,4,"practice",2,NA,NA,"is walking around",NA,NA,"has legs","n",-1.5,NA
"2731","3","india","adults","does that mean...?","cb1","R_6QexYkI3wT29yC1","2014-06-17 20:21:00",6,NA,NA,NA,NA,NA,NA,NA,NA,NA,NA,4,"practice",3,NA,NA,"is made out of paper",NA,NA,"might rip sometime","n",-0.5,NA
"2732","3","india","adults","does that mean...?","cb1","R_6QexYkI3wT29yC1","2014-06-17 20:21:00",6,NA,NA,NA,NA,NA,NA,NA,NA,NA,NA,4,"test",4,"aut","noise","is making noises all by itself","aff","positive","can be in a good mood sometimes","y",0.5,NA
"2733","3","india","adults","does that mean...?","cb1","R_6QexYkI3wT29yC1","2014-06-17 20:21:00",6,NA,NA,NA,NA,NA,NA,NA,NA,NA,NA,4,"test",5,"phy","metal_plastic","is made out of metal","aut","movement","can move itself from one side of the box to the other","n",-0.5,NA
"2734","3","india","adults","does that mean...?","cb1","R_6QexYkI3wT29yC1","2014-06-17 20:21:00",6,NA,NA,NA,NA,NA,NA,NA,NA,NA,NA,4,"test",6,"per","vision","can see what the box looks like","per","hearing","can hear what's going on around it","y",0.5,NA
"2735","3","india","adults","does that mean...?","cb1","R_6QexYkI3wT29yC1","2014-06-17 20:21:00",6,NA,NA,NA,NA,NA,NA,NA,NA,NA,NA,4,"test",7,"aff","negative","is in a bad mood right now","phy","glass_clay","is made out of clay","n",-1.5,NA
"2736","3","india","adults","does that mean...?","cb1","R_6QexYkI3wT29yC1","2014-06-17 20:21:00",6,NA,NA,NA,NA,NA,NA,NA,NA,NA,NA,4,"test",8,"aut","movement","is moving itself around the box","aut","noise","can make sounds on its own","y",0.5,NA
"2737","3","india","adults","does that mean...?","cb1","R_6QexYkI3wT29yC1","2014-06-17 20:21:00",6,NA,NA,NA,NA,NA,NA,NA,NA,NA,NA,4,"test",9,"phy","glass_clay","is made out of glass","aff","negative","can feel sad sometimes","y",1.5,NA
"2738","3","india","adults","does that mean...?","cb1","R_6QexYkI3wT29yC1","2014-06-17 20:21:00",6,NA,NA,NA,NA,NA,NA,NA,NA,NA,NA,4,"test",10,"per","hearing","can hear me","phy","metal_plastic","is made out of plastic","y",1.5,NA
"2739","3","india","adults","does that mean...?","cb1","R_6QexYkI3wT29yC1","2014-06-17 20:21:00",6,NA,NA,NA,NA,NA,NA,NA,NA,NA,NA,4,"test",11,"aff","positive","feels happy right now","per","vision","can see me","y",1.5,NA
"2740","3","india","adults","does that mean...?","cb1","R_8jIsJYE6RrJPcRn","2014-06-17 19:42:00",3,NA,NA,NA,NA,NA,NA,NA,NA,"good ",NA,4,"practice",1,NA,NA,"is purple",NA,NA,"is green","y",0.5,NA
"2741","3","india","adults","does that mean...?","cb1","R_8jIsJYE6RrJPcRn","2014-06-17 19:42:00",3,NA,NA,NA,NA,NA,NA,NA,NA,"good ",NA,4,"practice",2,NA,NA,"is walking around",NA,NA,"has legs","y",0.5,NA
"2742","3","india","adults","does that mean...?","cb1","R_8jIsJYE6RrJPcRn","2014-06-17 19:42:00",3,NA,NA,NA,NA,NA,NA,NA,NA,"good ",NA,4,"practice",3,NA,NA,"is made out of paper",NA,NA,"might rip sometime","n",-0.5,NA
"2743","3","india","adults","does that mean...?","cb1","R_8jIsJYE6RrJPcRn","2014-06-17 19:42:00",3,NA,NA,NA,NA,NA,NA,NA,NA,"good ",NA,4,"test",4,"aut","noise","is making noises all by itself","aff","positive","can be in a good mood sometimes","y",0.5,NA
"2744","3","india","adults","does that mean...?","cb1","R_8jIsJYE6RrJPcRn","2014-06-17 19:42:00",3,NA,NA,NA,NA,NA,NA,NA,NA,"good ",NA,4,"test",5,"phy","metal_plastic","is made out of metal","aut","movement","can move itself from one side of the box to the other","y",0.5,NA
"2745","3","india","adults","does that mean...?","cb1","R_8jIsJYE6RrJPcRn","2014-06-17 19:42:00",3,NA,NA,NA,NA,NA,NA,NA,NA,"good ",NA,4,"test",6,"per","vision","can see what the box looks like","per","hearing","can hear what's going on around it","n",-0.5,NA
"2746","3","india","adults","does that mean...?","cb1","R_8jIsJYE6RrJPcRn","2014-06-17 19:42:00",3,NA,NA,NA,NA,NA,NA,NA,NA,"good ",NA,4,"test",7,"aff","negative","is in a bad mood right now","phy","glass_clay","is made out of clay","y",0.5,NA
"2747","3","india","adults","does that mean...?","cb1","R_8jIsJYE6RrJPcRn","2014-06-17 19:42:00",3,NA,NA,NA,NA,NA,NA,NA,NA,"good ",NA,4,"test",8,"aut","movement","is moving itself around the box","aut","noise","can make sounds on its own","y",0.5,NA
"2748","3","india","adults","does that mean...?","cb1","R_8jIsJYE6RrJPcRn","2014-06-17 19:42:00",3,NA,NA,NA,NA,NA,NA,NA,NA,"good ",NA,4,"test",9,"phy","glass_clay","is made out of glass","aff","negative","can feel sad sometimes","n",-0.5,NA
"2749","3","india","adults","does that mean...?","cb1","R_8jIsJYE6RrJPcRn","2014-06-17 19:42:00",3,NA,NA,NA,NA,NA,NA,NA,NA,"good ",NA,4,"test",10,"per","hearing","can hear me","phy","metal_plastic","is made out of plastic","y",0.5,NA
"2750","3","india","adults","does that mean...?","cb1","R_8jIsJYE6RrJPcRn","2014-06-17 19:42:00",3,NA,NA,NA,NA,NA,NA,NA,NA,"good ",NA,4,"test",11,"aff","positive","feels happy right now","per","vision","can see me","n",-0.5,NA
"2751","3","india","adults","does that mean...?","cb1","R_9sLwgVvk7bEBahT","2014-06-17 18:35:00",12,NA,NA,NA,NA,NA,NA,NA,NA,NA,NA,4,"practice",1,NA,NA,"is purple",NA,NA,"is green","n",-1.5,NA
"2752","3","india","adults","does that mean...?","cb1","R_9sLwgVvk7bEBahT","2014-06-17 18:35:00",12,NA,NA,NA,NA,NA,NA,NA,NA,NA,NA,4,"practice",2,NA,NA,"is walking around",NA,NA,"has legs","n",-0.5,NA
"2753","3","india","adults","does that mean...?","cb1","R_9sLwgVvk7bEBahT","2014-06-17 18:35:00",12,NA,NA,NA,NA,NA,NA,NA,NA,NA,NA,4,"practice",3,NA,NA,"is made out of paper",NA,NA,"might rip sometime","y",0.5,NA
"2754","3","india","adults","does that mean...?","cb1","R_9sLwgVvk7bEBahT","2014-06-17 18:35:00",12,NA,NA,NA,NA,NA,NA,NA,NA,NA,NA,4,"test",4,"aut","noise","is making noises all by itself","aff","positive","can be in a good mood sometimes","n",-1.5,NA
"2755","3","india","adults","does that mean...?","cb1","R_9sLwgVvk7bEBahT","2014-06-17 18:35:00",12,NA,NA,NA,NA,NA,NA,NA,NA,NA,NA,4,"test",5,"phy","metal_plastic","is made out of metal","aut","movement","can move itself from one side of the box to the other","n",-1.5,NA
"2756","3","india","adults","does that mean...?","cb1","R_9sLwgVvk7bEBahT","2014-06-17 18:35:00",12,NA,NA,NA,NA,NA,NA,NA,NA,NA,NA,4,"test",6,"per","vision","can see what the box looks like","per","hearing","can hear what's going on around it","n",-1.5,NA
"2757","3","india","adults","does that mean...?","cb1","R_9sLwgVvk7bEBahT","2014-06-17 18:35:00",12,NA,NA,NA,NA,NA,NA,NA,NA,NA,NA,4,"test",7,"aff","negative","is in a bad mood right now","phy","glass_clay","is made out of clay","n",-1.5,NA
"2758","3","india","adults","does that mean...?","cb1","R_9sLwgVvk7bEBahT","2014-06-17 18:35:00",12,NA,NA,NA,NA,NA,NA,NA,NA,NA,NA,4,"test",8,"aut","movement","is moving itself around the box","aut","noise","can make sounds on its own","n",-1.5,NA
"2759","3","india","adults","does that mean...?","cb1","R_9sLwgVvk7bEBahT","2014-06-17 18:35:00",12,NA,NA,NA,NA,NA,NA,NA,NA,NA,NA,4,"test",9,"phy","glass_clay","is made out of glass","aff","negative","can feel sad sometimes","n",-1.5,NA
"2760","3","india","adults","does that mean...?","cb1","R_9sLwgVvk7bEBahT","2014-06-17 18:35:00",12,NA,NA,NA,NA,NA,NA,NA,NA,NA,NA,4,"test",10,"per","hearing","can hear me","phy","metal_plastic","is made out of plastic","n",-1.5,NA
"2761","3","india","adults","does that mean...?","cb1","R_9sLwgVvk7bEBahT","2014-06-17 18:35:00",12,NA,NA,NA,NA,NA,NA,NA,NA,NA,NA,4,"test",11,"aff","positive","feels happy right now","per","vision","can see me","n",-0.5,NA
"2762","3","india","adults","does that mean...?","cb1","R_e9BBhwLrLCSb0DX","2014-06-17 17:33:00",4,NA,NA,NA,NA,NA,NA,NA,NA,NA,NA,4,"practice",1,NA,NA,"is purple",NA,NA,"is green","y",0.5,NA
"2763","3","india","adults","does that mean...?","cb1","R_e9BBhwLrLCSb0DX","2014-06-17 17:33:00",4,NA,NA,NA,NA,NA,NA,NA,NA,NA,NA,4,"practice",2,NA,NA,"is walking around",NA,NA,"has legs","y",1.5,NA
"2764","3","india","adults","does that mean...?","cb1","R_e9BBhwLrLCSb0DX","2014-06-17 17:33:00",4,NA,NA,NA,NA,NA,NA,NA,NA,NA,NA,4,"practice",3,NA,NA,"is made out of paper",NA,NA,"might rip sometime","y",0.5,NA
"2765","3","india","adults","does that mean...?","cb1","R_e9BBhwLrLCSb0DX","2014-06-17 17:33:00",4,NA,NA,NA,NA,NA,NA,NA,NA,NA,NA,4,"test",4,"aut","noise","is making noises all by itself","aff","positive","can be in a good mood sometimes","n",-0.5,NA
"2766","3","india","adults","does that mean...?","cb1","R_e9BBhwLrLCSb0DX","2014-06-17 17:33:00",4,NA,NA,NA,NA,NA,NA,NA,NA,NA,NA,4,"test",5,"phy","metal_plastic","is made out of metal","aut","movement","can move itself from one side of the box to the other","n",-0.5,NA
"2767","3","india","adults","does that mean...?","cb1","R_e9BBhwLrLCSb0DX","2014-06-17 17:33:00",4,NA,NA,NA,NA,NA,NA,NA,NA,NA,NA,4,"test",6,"per","vision","can see what the box looks like","per","hearing","can hear what's going on around it","y",1.5,NA
"2768","3","india","adults","does that mean...?","cb1","R_e9BBhwLrLCSb0DX","2014-06-17 17:33:00",4,NA,NA,NA,NA,NA,NA,NA,NA,NA,NA,4,"test",7,"aff","negative","is in a bad mood right now","phy","glass_clay","is made out of clay","n",-0.5,NA
"2769","3","india","adults","does that mean...?","cb1","R_e9BBhwLrLCSb0DX","2014-06-17 17:33:00",4,NA,NA,NA,NA,NA,NA,NA,NA,NA,NA,4,"test",8,"aut","movement","is moving itself around the box","aut","noise","can make sounds on its own","y",1.5,NA
"2770","3","india","adults","does that mean...?","cb1","R_e9BBhwLrLCSb0DX","2014-06-17 17:33:00",4,NA,NA,NA,NA,NA,NA,NA,NA,NA,NA,4,"test",9,"phy","glass_clay","is made out of glass","aff","negative","can feel sad sometimes","n",-0.5,NA
"2771","3","india","adults","does that mean...?","cb1","R_e9BBhwLrLCSb0DX","2014-06-17 17:33:00",4,NA,NA,NA,NA,NA,NA,NA,NA,NA,NA,4,"test",10,"per","hearing","can hear me","phy","metal_plastic","is made out of plastic","n",-1.5,NA
"2772","3","india","adults","does that mean...?","cb1","R_e9BBhwLrLCSb0DX","2014-06-17 17:33:00",4,NA,NA,NA,NA,NA,NA,NA,NA,NA,NA,4,"test",11,"aff","positive","feels happy right now","per","vision","can see me","y",0.5,NA
"2773","3","india","adults","does that mean...?","cb1","R_ebY5pQ37PNqoGPP","2014-06-17 17:32:00",5,NA,NA,NA,NA,NA,NA,NA,NA,"It's very good.",NA,4,"practice",1,NA,NA,"is purple",NA,NA,"is green","n",-1.5,NA
"2774","3","india","adults","does that mean...?","cb1","R_ebY5pQ37PNqoGPP","2014-06-17 17:32:00",5,NA,NA,NA,NA,NA,NA,NA,NA,"It's very good.",NA,4,"practice",2,NA,NA,"is walking around",NA,NA,"has legs","y",1.5,NA
"2775","3","india","adults","does that mean...?","cb1","R_ebY5pQ37PNqoGPP","2014-06-17 17:32:00",5,NA,NA,NA,NA,NA,NA,NA,NA,"It's very good.",NA,4,"practice",3,NA,NA,"is made out of paper",NA,NA,"might rip sometime","y",0.5,NA
"2776","3","india","adults","does that mean...?","cb1","R_ebY5pQ37PNqoGPP","2014-06-17 17:32:00",5,NA,NA,NA,NA,NA,NA,NA,NA,"It's very good.",NA,4,"test",4,"aut","noise","is making noises all by itself","aff","positive","can be in a good mood sometimes","y",1.5,NA
"2777","3","india","adults","does that mean...?","cb1","R_ebY5pQ37PNqoGPP","2014-06-17 17:32:00",5,NA,NA,NA,NA,NA,NA,NA,NA,"It's very good.",NA,4,"test",5,"phy","metal_plastic","is made out of metal","aut","movement","can move itself from one side of the box to the other","n",-1.5,NA
"2778","3","india","adults","does that mean...?","cb1","R_ebY5pQ37PNqoGPP","2014-06-17 17:32:00",5,NA,NA,NA,NA,NA,NA,NA,NA,"It's very good.",NA,4,"test",6,"per","vision","can see what the box looks like","per","hearing","can hear what's going on around it","y",0.5,NA
"2779","3","india","adults","does that mean...?","cb1","R_ebY5pQ37PNqoGPP","2014-06-17 17:32:00",5,NA,NA,NA,NA,NA,NA,NA,NA,"It's very good.",NA,4,"test",7,"aff","negative","is in a bad mood right now","phy","glass_clay","is made out of clay","n",-1.5,NA
"2780","3","india","adults","does that mean...?","cb1","R_ebY5pQ37PNqoGPP","2014-06-17 17:32:00",5,NA,NA,NA,NA,NA,NA,NA,NA,"It's very good.",NA,4,"test",8,"aut","movement","is moving itself around the box","aut","noise","can make sounds on its own","y",0.5,NA
"2781","3","india","adults","does that mean...?","cb1","R_ebY5pQ37PNqoGPP","2014-06-17 17:32:00",5,NA,NA,NA,NA,NA,NA,NA,NA,"It's very good.",NA,4,"test",9,"phy","glass_clay","is made out of glass","aff","negative","can feel sad sometimes","n",-1.5,NA
"2782","3","india","adults","does that mean...?","cb1","R_ebY5pQ37PNqoGPP","2014-06-17 17:32:00",5,NA,NA,NA,NA,NA,NA,NA,NA,"It's very good.",NA,4,"test",10,"per","hearing","can hear me","phy","metal_plastic","is made out of plastic","n",-0.5,NA
"2783","3","india","adults","does that mean...?","cb1","R_ebY5pQ37PNqoGPP","2014-06-17 17:32:00",5,NA,NA,NA,NA,NA,NA,NA,NA,"It's very good.",NA,4,"test",11,"aff","positive","feels happy right now","per","vision","can see me","y",1.5,NA
"2784","3","india","adults","does that mean...?","cb1","R_eD7xBkwTP9Ntw1L","2014-06-17 18:39:00",4,NA,NA,NA,NA,NA,NA,NA,NA,NA,NA,4,"practice",1,NA,NA,"is purple",NA,NA,"is green","n",-1.5,NA
"2785","3","india","adults","does that mean...?","cb1","R_eD7xBkwTP9Ntw1L","2014-06-17 18:39:00",4,NA,NA,NA,NA,NA,NA,NA,NA,NA,NA,4,"practice",2,NA,NA,"is walking around",NA,NA,"has legs","y",1.5,NA
"2786","3","india","adults","does that mean...?","cb1","R_eD7xBkwTP9Ntw1L","2014-06-17 18:39:00",4,NA,NA,NA,NA,NA,NA,NA,NA,NA,NA,4,"practice",3,NA,NA,"is made out of paper",NA,NA,"might rip sometime","y",0.5,NA
"2787","3","india","adults","does that mean...?","cb1","R_eD7xBkwTP9Ntw1L","2014-06-17 18:39:00",4,NA,NA,NA,NA,NA,NA,NA,NA,NA,NA,4,"test",4,"aut","noise","is making noises all by itself","aff","positive","can be in a good mood sometimes","n",-0.5,NA
"2788","3","india","adults","does that mean...?","cb1","R_eD7xBkwTP9Ntw1L","2014-06-17 18:39:00",4,NA,NA,NA,NA,NA,NA,NA,NA,NA,NA,4,"test",5,"phy","metal_plastic","is made out of metal","aut","movement","can move itself from one side of the box to the other","n",-0.5,NA
"2789","3","india","adults","does that mean...?","cb1","R_eD7xBkwTP9Ntw1L","2014-06-17 18:39:00",4,NA,NA,NA,NA,NA,NA,NA,NA,NA,NA,4,"test",6,"per","vision","can see what the box looks like","per","hearing","can hear what's going on around it","n",-0.5,NA
"2790","3","india","adults","does that mean...?","cb1","R_eD7xBkwTP9Ntw1L","2014-06-17 18:39:00",4,NA,NA,NA,NA,NA,NA,NA,NA,NA,NA,4,"test",7,"aff","negative","is in a bad mood right now","phy","glass_clay","is made out of clay","n",-1.5,NA
"2791","3","india","adults","does that mean...?","cb1","R_eD7xBkwTP9Ntw1L","2014-06-17 18:39:00",4,NA,NA,NA,NA,NA,NA,NA,NA,NA,NA,4,"test",8,"aut","movement","is moving itself around the box","aut","noise","can make sounds on its own","y",0.5,NA
"2792","3","india","adults","does that mean...?","cb1","R_eD7xBkwTP9Ntw1L","2014-06-17 18:39:00",4,NA,NA,NA,NA,NA,NA,NA,NA,NA,NA,4,"test",9,"phy","glass_clay","is made out of glass","aff","negative","can feel sad sometimes","n",-1.5,NA
"2793","3","india","adults","does that mean...?","cb1","R_eD7xBkwTP9Ntw1L","2014-06-17 18:39:00",4,NA,NA,NA,NA,NA,NA,NA,NA,NA,NA,4,"test",10,"per","hearing","can hear me","phy","metal_plastic","is made out of plastic","n",-1.5,NA
"2794","3","india","adults","does that mean...?","cb1","R_eD7xBkwTP9Ntw1L","2014-06-17 18:39:00",4,NA,NA,NA,NA,NA,NA,NA,NA,NA,NA,4,"test",11,"aff","positive","feels happy right now","per","vision","can see me","n",-1.5,NA
"2795","3","india","adults","does that mean...?","cb1","R_elgHDXjYFSU2EDP","2014-06-17 20:26:00",3,NA,NA,NA,NA,NA,NA,NA,NA,NA,NA,4,"practice",1,NA,NA,"is purple",NA,NA,"is green","y",0.5,NA
"2796","3","india","adults","does that mean...?","cb1","R_elgHDXjYFSU2EDP","2014-06-17 20:26:00",3,NA,NA,NA,NA,NA,NA,NA,NA,NA,NA,4,"practice",2,NA,NA,"is walking around",NA,NA,"has legs","n",-1.5,NA
"2797","3","india","adults","does that mean...?","cb1","R_elgHDXjYFSU2EDP","2014-06-17 20:26:00",3,NA,NA,NA,NA,NA,NA,NA,NA,NA,NA,4,"practice",3,NA,NA,"is made out of paper",NA,NA,"might rip sometime","n",-0.5,NA
"2798","3","india","adults","does that mean...?","cb1","R_elgHDXjYFSU2EDP","2014-06-17 20:26:00",3,NA,NA,NA,NA,NA,NA,NA,NA,NA,NA,4,"test",4,"aut","noise","is making noises all by itself","aff","positive","can be in a good mood sometimes","n",-0.5,NA
"2799","3","india","adults","does that mean...?","cb1","R_elgHDXjYFSU2EDP","2014-06-17 20:26:00",3,NA,NA,NA,NA,NA,NA,NA,NA,NA,NA,4,"test",5,"phy","metal_plastic","is made out of metal","aut","movement","can move itself from one side of the box to the other","n",-1.5,NA
"2800","3","india","adults","does that mean...?","cb1","R_elgHDXjYFSU2EDP","2014-06-17 20:26:00",3,NA,NA,NA,NA,NA,NA,NA,NA,NA,NA,4,"test",6,"per","vision","can see what the box looks like","per","hearing","can hear what's going on around it","n",-0.5,NA
"2801","3","india","adults","does that mean...?","cb1","R_elgHDXjYFSU2EDP","2014-06-17 20:26:00",3,NA,NA,NA,NA,NA,NA,NA,NA,NA,NA,4,"test",7,"aff","negative","is in a bad mood right now","phy","glass_clay","is made out of clay","n",-1.5,NA
"2802","3","india","adults","does that mean...?","cb1","R_elgHDXjYFSU2EDP","2014-06-17 20:26:00",3,NA,NA,NA,NA,NA,NA,NA,NA,NA,NA,4,"test",8,"aut","movement","is moving itself around the box","aut","noise","can make sounds on its own","y",0.5,NA
"2803","3","india","adults","does that mean...?","cb1","R_elgHDXjYFSU2EDP","2014-06-17 20:26:00",3,NA,NA,NA,NA,NA,NA,NA,NA,NA,NA,4,"test",9,"phy","glass_clay","is made out of glass","aff","negative","can feel sad sometimes","n",-1.5,NA
"2804","3","india","adults","does that mean...?","cb1","R_elgHDXjYFSU2EDP","2014-06-17 20:26:00",3,NA,NA,NA,NA,NA,NA,NA,NA,NA,NA,4,"test",10,"per","hearing","can hear me","phy","metal_plastic","is made out of plastic","n",-1.5,NA
"2805","3","india","adults","does that mean...?","cb1","R_elgHDXjYFSU2EDP","2014-06-17 20:26:00",3,NA,NA,NA,NA,NA,NA,NA,NA,NA,NA,4,"test",11,"aff","positive","feels happy right now","per","vision","can see me","y",0.5,NA
"2806","3","india","adults","does that mean...?","cb1","R_eLsgFcfoA4vORz7","2014-06-17 17:20:00",6,NA,NA,NA,NA,NA,NA,NA,NA,"sir, / it is very interesting",NA,4,"practice",1,NA,NA,"is purple",NA,NA,"is green","n",-1.5,NA
"2807","3","india","adults","does that mean...?","cb1","R_eLsgFcfoA4vORz7","2014-06-17 17:20:00",6,NA,NA,NA,NA,NA,NA,NA,NA,"sir, / it is very interesting",NA,4,"practice",2,NA,NA,"is walking around",NA,NA,"has legs","y",0.5,NA
"2808","3","india","adults","does that mean...?","cb1","R_eLsgFcfoA4vORz7","2014-06-17 17:20:00",6,NA,NA,NA,NA,NA,NA,NA,NA,"sir, / it is very interesting",NA,4,"practice",3,NA,NA,"is made out of paper",NA,NA,"might rip sometime","y",1.5,NA
"2809","3","india","adults","does that mean...?","cb1","R_eLsgFcfoA4vORz7","2014-06-17 17:20:00",6,NA,NA,NA,NA,NA,NA,NA,NA,"sir, / it is very interesting",NA,4,"test",4,"aut","noise","is making noises all by itself","aff","positive","can be in a good mood sometimes","y",1.5,NA
"2810","3","india","adults","does that mean...?","cb1","R_eLsgFcfoA4vORz7","2014-06-17 17:20:00",6,NA,NA,NA,NA,NA,NA,NA,NA,"sir, / it is very interesting",NA,4,"test",5,"phy","metal_plastic","is made out of metal","aut","movement","can move itself from one side of the box to the other","y",1.5,NA
"2811","3","india","adults","does that mean...?","cb1","R_eLsgFcfoA4vORz7","2014-06-17 17:20:00",6,NA,NA,NA,NA,NA,NA,NA,NA,"sir, / it is very interesting",NA,4,"test",6,"per","vision","can see what the box looks like","per","hearing","can hear what's going on around it","y",0.5,NA
"2812","3","india","adults","does that mean...?","cb1","R_eLsgFcfoA4vORz7","2014-06-17 17:20:00",6,NA,NA,NA,NA,NA,NA,NA,NA,"sir, / it is very interesting",NA,4,"test",7,"aff","negative","is in a bad mood right now","phy","glass_clay","is made out of clay","n",-1.5,NA
"2813","3","india","adults","does that mean...?","cb1","R_eLsgFcfoA4vORz7","2014-06-17 17:20:00",6,NA,NA,NA,NA,NA,NA,NA,NA,"sir, / it is very interesting",NA,4,"test",8,"aut","movement","is moving itself around the box","aut","noise","can make sounds on its own","y",1.5,NA
"2814","3","india","adults","does that mean...?","cb1","R_eLsgFcfoA4vORz7","2014-06-17 17:20:00",6,NA,NA,NA,NA,NA,NA,NA,NA,"sir, / it is very interesting",NA,4,"test",9,"phy","glass_clay","is made out of glass","aff","negative","can feel sad sometimes","n",-0.5,NA
"2815","3","india","adults","does that mean...?","cb1","R_eLsgFcfoA4vORz7","2014-06-17 17:20:00",6,NA,NA,NA,NA,NA,NA,NA,NA,"sir, / it is very interesting",NA,4,"test",10,"per","hearing","can hear me","phy","metal_plastic","is made out of plastic","n",-1.5,NA
"2816","3","india","adults","does that mean...?","cb1","R_eLsgFcfoA4vORz7","2014-06-17 17:20:00",6,NA,NA,NA,NA,NA,NA,NA,NA,"sir, / it is very interesting",NA,4,"test",11,"aff","positive","feels happy right now","per","vision","can see me","y",0.5,NA
"2817","3","india","adults","does that mean...?","cb1","R_0MuRUjLXjs5nvut","2014-06-17 18:04:00",13,NA,NA,NA,NA,NA,NA,NA,NA,"Thank you.",NA,5,"practice",1,NA,NA,"is purple",NA,NA,"is green","n",-1.5,NA
"2818","3","india","adults","does that mean...?","cb1","R_0MuRUjLXjs5nvut","2014-06-17 18:04:00",13,NA,NA,NA,NA,NA,NA,NA,NA,"Thank you.",NA,5,"practice",2,NA,NA,"is walking around",NA,NA,"has legs","n",-1.5,NA
"2819","3","india","adults","does that mean...?","cb1","R_0MuRUjLXjs5nvut","2014-06-17 18:04:00",13,NA,NA,NA,NA,NA,NA,NA,NA,"Thank you.",NA,5,"practice",3,NA,NA,"is made out of paper",NA,NA,"might rip sometime","y",1.5,NA
"2820","3","india","adults","does that mean...?","cb1","R_0MuRUjLXjs5nvut","2014-06-17 18:04:00",13,NA,NA,NA,NA,NA,NA,NA,NA,"Thank you.",NA,5,"test",4,"phy","glass_clay","is made out of clay","per","vision","can see what the box looks like","n",-0.5,NA
"2821","3","india","adults","does that mean...?","cb1","R_0MuRUjLXjs5nvut","2014-06-17 18:04:00",13,NA,NA,NA,NA,NA,NA,NA,NA,"Thank you.",NA,5,"test",5,"aff","negative","feels sad right now","aut","movement","can move itself from one side of the box to the other","y",0.5,NA
"2822","3","india","adults","does that mean...?","cb1","R_0MuRUjLXjs5nvut","2014-06-17 18:04:00",13,NA,NA,NA,NA,NA,NA,NA,NA,"Thank you.",NA,5,"test",6,"per","hearing","can hear me","aff","positive","can be in a good mood sometimes","y",0.5,NA
"2823","3","india","adults","does that mean...?","cb1","R_0MuRUjLXjs5nvut","2014-06-17 18:04:00",13,NA,NA,NA,NA,NA,NA,NA,NA,"Thank you.",NA,5,"test",7,"aut","noise","is making noises all by itself","phy","metal_plastic","is made out of metal","y",0.5,NA
"2824","3","india","adults","does that mean...?","cb1","R_0MuRUjLXjs5nvut","2014-06-17 18:04:00",13,NA,NA,NA,NA,NA,NA,NA,NA,"Thank you.",NA,5,"test",8,"aff","positive","feels happy right now","aff","negative","can be in a bad mood sometimes","n",-1.5,NA
"2825","3","india","adults","does that mean...?","cb1","R_0MuRUjLXjs5nvut","2014-06-17 18:04:00",13,NA,NA,NA,NA,NA,NA,NA,NA,"Thank you.",NA,5,"test",9,"aut","movement","is moving itself around the box","per","hearing","can hear what's going on around it","y",0.5,NA
"2826","3","india","adults","does that mean...?","cb1","R_0MuRUjLXjs5nvut","2014-06-17 18:04:00",13,NA,NA,NA,NA,NA,NA,NA,NA,"Thank you.",NA,5,"test",10,"phy","metal_plastic","is made out of plastic","phy","glass_clay","is made out of glass","n",-1.5,NA
"2827","3","india","adults","does that mean...?","cb1","R_0MuRUjLXjs5nvut","2014-06-17 18:04:00",13,NA,NA,NA,NA,NA,NA,NA,NA,"Thank you.",NA,5,"test",11,"per","vision","can see me","aut","noise","can make sounds on its own","n",-1.5,NA
"2828","3","india","adults","does that mean...?","cb1","R_0VrCwWodEEtzMlD","2014-06-17 17:53:00",3,NA,NA,NA,NA,NA,NA,NA,NA,NA,NA,5,"practice",1,NA,NA,"is purple",NA,NA,"is green","n",-1.5,NA
"2829","3","india","adults","does that mean...?","cb1","R_0VrCwWodEEtzMlD","2014-06-17 17:53:00",3,NA,NA,NA,NA,NA,NA,NA,NA,NA,NA,5,"practice",2,NA,NA,"is walking around",NA,NA,"has legs","y",0.5,NA
"2830","3","india","adults","does that mean...?","cb1","R_0VrCwWodEEtzMlD","2014-06-17 17:53:00",3,NA,NA,NA,NA,NA,NA,NA,NA,NA,NA,5,"practice",3,NA,NA,"is made out of paper",NA,NA,"might rip sometime","y",0.5,NA
"2831","3","india","adults","does that mean...?","cb1","R_0VrCwWodEEtzMlD","2014-06-17 17:53:00",3,NA,NA,NA,NA,NA,NA,NA,NA,NA,NA,5,"test",4,"phy","glass_clay","is made out of clay","per","vision","can see what the box looks like","n",-0.5,NA
"2832","3","india","adults","does that mean...?","cb1","R_0VrCwWodEEtzMlD","2014-06-17 17:53:00",3,NA,NA,NA,NA,NA,NA,NA,NA,NA,NA,5,"test",5,"aff","negative","feels sad right now","aut","movement","can move itself from one side of the box to the other","y",1.5,NA
"2833","3","india","adults","does that mean...?","cb1","R_0VrCwWodEEtzMlD","2014-06-17 17:53:00",3,NA,NA,NA,NA,NA,NA,NA,NA,NA,NA,5,"test",6,"per","hearing","can hear me","aff","positive","can be in a good mood sometimes","y",0.5,NA
"2834","3","india","adults","does that mean...?","cb1","R_0VrCwWodEEtzMlD","2014-06-17 17:53:00",3,NA,NA,NA,NA,NA,NA,NA,NA,NA,NA,5,"test",7,"aut","noise","is making noises all by itself","phy","metal_plastic","is made out of metal","n",-1.5,NA
"2835","3","india","adults","does that mean...?","cb1","R_0VrCwWodEEtzMlD","2014-06-17 17:53:00",3,NA,NA,NA,NA,NA,NA,NA,NA,NA,NA,5,"test",8,"aff","positive","feels happy right now","aff","negative","can be in a bad mood sometimes","n",-0.5,NA
"2836","3","india","adults","does that mean...?","cb1","R_0VrCwWodEEtzMlD","2014-06-17 17:53:00",3,NA,NA,NA,NA,NA,NA,NA,NA,NA,NA,5,"test",9,"aut","movement","is moving itself around the box","per","hearing","can hear what's going on around it","y",0.5,NA
"2837","3","india","adults","does that mean...?","cb1","R_0VrCwWodEEtzMlD","2014-06-17 17:53:00",3,NA,NA,NA,NA,NA,NA,NA,NA,NA,NA,5,"test",10,"phy","metal_plastic","is made out of plastic","phy","glass_clay","is made out of glass","n",-1.5,NA
"2838","3","india","adults","does that mean...?","cb1","R_0VrCwWodEEtzMlD","2014-06-17 17:53:00",3,NA,NA,NA,NA,NA,NA,NA,NA,NA,NA,5,"test",11,"per","vision","can see me","aut","noise","can make sounds on its own","n",-0.5,NA
"2839","3","india","adults","does that mean...?","cb1","R_1ZdXbuZkFWdTQKF","2014-06-17 17:26:00",8,NA,NA,NA,NA,NA,NA,NA,NA,NA,NA,5,"practice",1,NA,NA,"is purple",NA,NA,"is green","n",-1.5,NA
"2840","3","india","adults","does that mean...?","cb1","R_1ZdXbuZkFWdTQKF","2014-06-17 17:26:00",8,NA,NA,NA,NA,NA,NA,NA,NA,NA,NA,5,"practice",2,NA,NA,"is walking around",NA,NA,"has legs","y",1.5,NA
"2841","3","india","adults","does that mean...?","cb1","R_1ZdXbuZkFWdTQKF","2014-06-17 17:26:00",8,NA,NA,NA,NA,NA,NA,NA,NA,NA,NA,5,"practice",3,NA,NA,"is made out of paper",NA,NA,"might rip sometime","y",0.5,NA
"2842","3","india","adults","does that mean...?","cb1","R_1ZdXbuZkFWdTQKF","2014-06-17 17:26:00",8,NA,NA,NA,NA,NA,NA,NA,NA,NA,NA,5,"test",4,"phy","glass_clay","is made out of clay","per","vision","can see what the box looks like","y",0.5,NA
"2843","3","india","adults","does that mean...?","cb1","R_1ZdXbuZkFWdTQKF","2014-06-17 17:26:00",8,NA,NA,NA,NA,NA,NA,NA,NA,NA,NA,5,"test",5,"aff","negative","feels sad right now","aut","movement","can move itself from one side of the box to the other","y",0.5,NA
"2844","3","india","adults","does that mean...?","cb1","R_1ZdXbuZkFWdTQKF","2014-06-17 17:26:00",8,NA,NA,NA,NA,NA,NA,NA,NA,NA,NA,5,"test",6,"per","hearing","can hear me","aff","positive","can be in a good mood sometimes","n",-0.5,NA
"2845","3","india","adults","does that mean...?","cb1","R_1ZdXbuZkFWdTQKF","2014-06-17 17:26:00",8,NA,NA,NA,NA,NA,NA,NA,NA,NA,NA,5,"test",7,"aut","noise","is making noises all by itself","phy","metal_plastic","is made out of metal","n",-0.5,NA
"2846","3","india","adults","does that mean...?","cb1","R_1ZdXbuZkFWdTQKF","2014-06-17 17:26:00",8,NA,NA,NA,NA,NA,NA,NA,NA,NA,NA,5,"test",8,"aff","positive","feels happy right now","aff","negative","can be in a bad mood sometimes","y",0.5,NA
"2847","3","india","adults","does that mean...?","cb1","R_1ZdXbuZkFWdTQKF","2014-06-17 17:26:00",8,NA,NA,NA,NA,NA,NA,NA,NA,NA,NA,5,"test",9,"aut","movement","is moving itself around the box","per","hearing","can hear what's going on around it","y",0.5,NA
"2848","3","india","adults","does that mean...?","cb1","R_1ZdXbuZkFWdTQKF","2014-06-17 17:26:00",8,NA,NA,NA,NA,NA,NA,NA,NA,NA,NA,5,"test",10,"phy","metal_plastic","is made out of plastic","phy","glass_clay","is made out of glass","y",1.5,NA
"2849","3","india","adults","does that mean...?","cb1","R_1ZdXbuZkFWdTQKF","2014-06-17 17:26:00",8,NA,NA,NA,NA,NA,NA,NA,NA,NA,NA,5,"test",11,"per","vision","can see me","aut","noise","can make sounds on its own","y",0.5,NA
"2850","3","india","adults","does that mean...?","cb1","R_ac7kuA5VTklxhNb","2014-06-17 18:00:00",11,NA,NA,NA,NA,NA,NA,NA,NA,"It was a unique experiment and it seems it has more depth than it appears.Any way it was interesting.Thank you.",NA,5,"practice",1,NA,NA,"is purple",NA,NA,"is green","n",-1.5,NA
"2851","3","india","adults","does that mean...?","cb1","R_ac7kuA5VTklxhNb","2014-06-17 18:00:00",11,NA,NA,NA,NA,NA,NA,NA,NA,"It was a unique experiment and it seems it has more depth than it appears.Any way it was interesting.Thank you.",NA,5,"practice",2,NA,NA,"is walking around",NA,NA,"has legs","y",1.5,NA
"2852","3","india","adults","does that mean...?","cb1","R_ac7kuA5VTklxhNb","2014-06-17 18:00:00",11,NA,NA,NA,NA,NA,NA,NA,NA,"It was a unique experiment and it seems it has more depth than it appears.Any way it was interesting.Thank you.",NA,5,"practice",3,NA,NA,"is made out of paper",NA,NA,"might rip sometime","y",0.5,NA
"2853","3","india","adults","does that mean...?","cb1","R_ac7kuA5VTklxhNb","2014-06-17 18:00:00",11,NA,NA,NA,NA,NA,NA,NA,NA,"It was a unique experiment and it seems it has more depth than it appears.Any way it was interesting.Thank you.",NA,5,"test",4,"phy","glass_clay","is made out of clay","per","vision","can see what the box looks like","y",0.5,NA
"2854","3","india","adults","does that mean...?","cb1","R_ac7kuA5VTklxhNb","2014-06-17 18:00:00",11,NA,NA,NA,NA,NA,NA,NA,NA,"It was a unique experiment and it seems it has more depth than it appears.Any way it was interesting.Thank you.",NA,5,"test",5,"aff","negative","feels sad right now","aut","movement","can move itself from one side of the box to the other","n",-0.5,NA
"2855","3","india","adults","does that mean...?","cb1","R_ac7kuA5VTklxhNb","2014-06-17 18:00:00",11,NA,NA,NA,NA,NA,NA,NA,NA,"It was a unique experiment and it seems it has more depth than it appears.Any way it was interesting.Thank you.",NA,5,"test",6,"per","hearing","can hear me","aff","positive","can be in a good mood sometimes","y",0.5,NA
"2856","3","india","adults","does that mean...?","cb1","R_ac7kuA5VTklxhNb","2014-06-17 18:00:00",11,NA,NA,NA,NA,NA,NA,NA,NA,"It was a unique experiment and it seems it has more depth than it appears.Any way it was interesting.Thank you.",NA,5,"test",7,"aut","noise","is making noises all by itself","phy","metal_plastic","is made out of metal","y",0.5,NA
"2857","3","india","adults","does that mean...?","cb1","R_ac7kuA5VTklxhNb","2014-06-17 18:00:00",11,NA,NA,NA,NA,NA,NA,NA,NA,"It was a unique experiment and it seems it has more depth than it appears.Any way it was interesting.Thank you.",NA,5,"test",8,"aff","positive","feels happy right now","aff","negative","can be in a bad mood sometimes","y",0.5,NA
"2858","3","india","adults","does that mean...?","cb1","R_ac7kuA5VTklxhNb","2014-06-17 18:00:00",11,NA,NA,NA,NA,NA,NA,NA,NA,"It was a unique experiment and it seems it has more depth than it appears.Any way it was interesting.Thank you.",NA,5,"test",9,"aut","movement","is moving itself around the box","per","hearing","can hear what's going on around it","n",-0.5,NA
"2859","3","india","adults","does that mean...?","cb1","R_ac7kuA5VTklxhNb","2014-06-17 18:00:00",11,NA,NA,NA,NA,NA,NA,NA,NA,"It was a unique experiment and it seems it has more depth than it appears.Any way it was interesting.Thank you.",NA,5,"test",10,"phy","metal_plastic","is made out of plastic","phy","glass_clay","is made out of glass","n",-1.5,NA
"2860","3","india","adults","does that mean...?","cb1","R_ac7kuA5VTklxhNb","2014-06-17 18:00:00",11,NA,NA,NA,NA,NA,NA,NA,NA,"It was a unique experiment and it seems it has more depth than it appears.Any way it was interesting.Thank you.",NA,5,"test",11,"per","vision","can see me","aut","noise","can make sounds on its own","y",0.5,NA
"2861","3","india","adults","does that mean...?","cb1","R_baeyKsDvRVNEI8B","2014-06-17 18:32:00",3,NA,NA,NA,NA,NA,NA,NA,NA,NA,NA,5,"practice",1,NA,NA,"is purple",NA,NA,"is green","y",0.5,NA
"2862","3","india","adults","does that mean...?","cb1","R_baeyKsDvRVNEI8B","2014-06-17 18:32:00",3,NA,NA,NA,NA,NA,NA,NA,NA,NA,NA,5,"practice",2,NA,NA,"is walking around",NA,NA,"has legs","y",0.5,NA
"2863","3","india","adults","does that mean...?","cb1","R_baeyKsDvRVNEI8B","2014-06-17 18:32:00",3,NA,NA,NA,NA,NA,NA,NA,NA,NA,NA,5,"practice",3,NA,NA,"is made out of paper",NA,NA,"might rip sometime","n",-0.5,NA
"2864","3","india","adults","does that mean...?","cb1","R_baeyKsDvRVNEI8B","2014-06-17 18:32:00",3,NA,NA,NA,NA,NA,NA,NA,NA,NA,NA,5,"test",4,"phy","glass_clay","is made out of clay","per","vision","can see what the box looks like","y",1.5,NA
"2865","3","india","adults","does that mean...?","cb1","R_baeyKsDvRVNEI8B","2014-06-17 18:32:00",3,NA,NA,NA,NA,NA,NA,NA,NA,NA,NA,5,"test",5,"aff","negative","feels sad right now","aut","movement","can move itself from one side of the box to the other","y",0.5,NA
"2866","3","india","adults","does that mean...?","cb1","R_baeyKsDvRVNEI8B","2014-06-17 18:32:00",3,NA,NA,NA,NA,NA,NA,NA,NA,NA,NA,5,"test",6,"per","hearing","can hear me","aff","positive","can be in a good mood sometimes","y",1.5,NA
"2867","3","india","adults","does that mean...?","cb1","R_baeyKsDvRVNEI8B","2014-06-17 18:32:00",3,NA,NA,NA,NA,NA,NA,NA,NA,NA,NA,5,"test",7,"aut","noise","is making noises all by itself","phy","metal_plastic","is made out of metal","n",-0.5,NA
"2868","3","india","adults","does that mean...?","cb1","R_baeyKsDvRVNEI8B","2014-06-17 18:32:00",3,NA,NA,NA,NA,NA,NA,NA,NA,NA,NA,5,"test",8,"aff","positive","feels happy right now","aff","negative","can be in a bad mood sometimes","y",1.5,NA
"2869","3","india","adults","does that mean...?","cb1","R_baeyKsDvRVNEI8B","2014-06-17 18:32:00",3,NA,NA,NA,NA,NA,NA,NA,NA,NA,NA,5,"test",9,"aut","movement","is moving itself around the box","per","hearing","can hear what's going on around it","y",0.5,NA
"2870","3","india","adults","does that mean...?","cb1","R_baeyKsDvRVNEI8B","2014-06-17 18:32:00",3,NA,NA,NA,NA,NA,NA,NA,NA,NA,NA,5,"test",10,"phy","metal_plastic","is made out of plastic","phy","glass_clay","is made out of glass","n",-0.5,NA
"2871","3","india","adults","does that mean...?","cb1","R_baeyKsDvRVNEI8B","2014-06-17 18:32:00",3,NA,NA,NA,NA,NA,NA,NA,NA,NA,NA,5,"test",11,"per","vision","can see me","aut","noise","can make sounds on its own","y",0.5,NA
"2872","3","india","adults","does that mean...?","cb1","R_bCWBTt9ADDiw6Wh","2014-06-17 18:23:00",5,NA,NA,NA,NA,NA,NA,NA,NA,"Any Other follow-up survey just mail me. raju.bsc23@gmail.com",NA,5,"practice",1,NA,NA,"is purple",NA,NA,"is green","y",0.5,NA
"2873","3","india","adults","does that mean...?","cb1","R_bCWBTt9ADDiw6Wh","2014-06-17 18:23:00",5,NA,NA,NA,NA,NA,NA,NA,NA,"Any Other follow-up survey just mail me. raju.bsc23@gmail.com",NA,5,"practice",2,NA,NA,"is walking around",NA,NA,"has legs","n",-1.5,NA
"2874","3","india","adults","does that mean...?","cb1","R_bCWBTt9ADDiw6Wh","2014-06-17 18:23:00",5,NA,NA,NA,NA,NA,NA,NA,NA,"Any Other follow-up survey just mail me. raju.bsc23@gmail.com",NA,5,"practice",3,NA,NA,"is made out of paper",NA,NA,"might rip sometime","n",-1.5,NA
"2875","3","india","adults","does that mean...?","cb1","R_bCWBTt9ADDiw6Wh","2014-06-17 18:23:00",5,NA,NA,NA,NA,NA,NA,NA,NA,"Any Other follow-up survey just mail me. raju.bsc23@gmail.com",NA,5,"test",4,"phy","glass_clay","is made out of clay","per","vision","can see what the box looks like","n",-0.5,NA
"2876","3","india","adults","does that mean...?","cb1","R_bCWBTt9ADDiw6Wh","2014-06-17 18:23:00",5,NA,NA,NA,NA,NA,NA,NA,NA,"Any Other follow-up survey just mail me. raju.bsc23@gmail.com",NA,5,"test",5,"aff","negative","feels sad right now","aut","movement","can move itself from one side of the box to the other","n",-0.5,NA
"2877","3","india","adults","does that mean...?","cb1","R_bCWBTt9ADDiw6Wh","2014-06-17 18:23:00",5,NA,NA,NA,NA,NA,NA,NA,NA,"Any Other follow-up survey just mail me. raju.bsc23@gmail.com",NA,5,"test",6,"per","hearing","can hear me","aff","positive","can be in a good mood sometimes","n",-1.5,NA
"2878","3","india","adults","does that mean...?","cb1","R_bCWBTt9ADDiw6Wh","2014-06-17 18:23:00",5,NA,NA,NA,NA,NA,NA,NA,NA,"Any Other follow-up survey just mail me. raju.bsc23@gmail.com",NA,5,"test",7,"aut","noise","is making noises all by itself","phy","metal_plastic","is made out of metal","n",-0.5,NA
"2879","3","india","adults","does that mean...?","cb1","R_bCWBTt9ADDiw6Wh","2014-06-17 18:23:00",5,NA,NA,NA,NA,NA,NA,NA,NA,"Any Other follow-up survey just mail me. raju.bsc23@gmail.com",NA,5,"test",8,"aff","positive","feels happy right now","aff","negative","can be in a bad mood sometimes","y",0.5,NA
"2880","3","india","adults","does that mean...?","cb1","R_bCWBTt9ADDiw6Wh","2014-06-17 18:23:00",5,NA,NA,NA,NA,NA,NA,NA,NA,"Any Other follow-up survey just mail me. raju.bsc23@gmail.com",NA,5,"test",9,"aut","movement","is moving itself around the box","per","hearing","can hear what's going on around it","y",0.5,NA
"2881","3","india","adults","does that mean...?","cb1","R_bCWBTt9ADDiw6Wh","2014-06-17 18:23:00",5,NA,NA,NA,NA,NA,NA,NA,NA,"Any Other follow-up survey just mail me. raju.bsc23@gmail.com",NA,5,"test",10,"phy","metal_plastic","is made out of plastic","phy","glass_clay","is made out of glass","n",-0.5,NA
"2882","3","india","adults","does that mean...?","cb1","R_bCWBTt9ADDiw6Wh","2014-06-17 18:23:00",5,NA,NA,NA,NA,NA,NA,NA,NA,"Any Other follow-up survey just mail me. raju.bsc23@gmail.com",NA,5,"test",11,"per","vision","can see me","aut","noise","can make sounds on its own","y",1.5,NA
"2883","3","india","adults","does that mean...?","cb1","R_bmfoEbfjxP7qr7n","2014-06-17 17:19:00",6,NA,NA,NA,NA,NA,NA,NA,NA,NA,NA,5,"practice",1,NA,NA,"is purple",NA,NA,"is green","y",0.5,NA
"2884","3","india","adults","does that mean...?","cb1","R_bmfoEbfjxP7qr7n","2014-06-17 17:19:00",6,NA,NA,NA,NA,NA,NA,NA,NA,NA,NA,5,"practice",2,NA,NA,"is walking around",NA,NA,"has legs","y",1.5,NA
"2885","3","india","adults","does that mean...?","cb1","R_bmfoEbfjxP7qr7n","2014-06-17 17:19:00",6,NA,NA,NA,NA,NA,NA,NA,NA,NA,NA,5,"practice",3,NA,NA,"is made out of paper",NA,NA,"might rip sometime","n",-1.5,NA
"2886","3","india","adults","does that mean...?","cb1","R_bmfoEbfjxP7qr7n","2014-06-17 17:19:00",6,NA,NA,NA,NA,NA,NA,NA,NA,NA,NA,5,"test",4,"phy","glass_clay","is made out of clay","per","vision","can see what the box looks like","y",1.5,NA
"2887","3","india","adults","does that mean...?","cb1","R_bmfoEbfjxP7qr7n","2014-06-17 17:19:00",6,NA,NA,NA,NA,NA,NA,NA,NA,NA,NA,5,"test",5,"aff","negative","feels sad right now","aut","movement","can move itself from one side of the box to the other","n",-1.5,NA
"2888","3","india","adults","does that mean...?","cb1","R_bmfoEbfjxP7qr7n","2014-06-17 17:19:00",6,NA,NA,NA,NA,NA,NA,NA,NA,NA,NA,5,"test",6,"per","hearing","can hear me","aff","positive","can be in a good mood sometimes","n",-1.5,NA
"2889","3","india","adults","does that mean...?","cb1","R_bmfoEbfjxP7qr7n","2014-06-17 17:19:00",6,NA,NA,NA,NA,NA,NA,NA,NA,NA,NA,5,"test",7,"aut","noise","is making noises all by itself","phy","metal_plastic","is made out of metal","y",0.5,NA
"2890","3","india","adults","does that mean...?","cb1","R_bmfoEbfjxP7qr7n","2014-06-17 17:19:00",6,NA,NA,NA,NA,NA,NA,NA,NA,NA,NA,5,"test",8,"aff","positive","feels happy right now","aff","negative","can be in a bad mood sometimes","n",-0.5,NA
"2891","3","india","adults","does that mean...?","cb1","R_bmfoEbfjxP7qr7n","2014-06-17 17:19:00",6,NA,NA,NA,NA,NA,NA,NA,NA,NA,NA,5,"test",9,"aut","movement","is moving itself around the box","per","hearing","can hear what's going on around it","n",-1.5,NA
"2892","3","india","adults","does that mean...?","cb1","R_bmfoEbfjxP7qr7n","2014-06-17 17:19:00",6,NA,NA,NA,NA,NA,NA,NA,NA,NA,NA,5,"test",10,"phy","metal_plastic","is made out of plastic","phy","glass_clay","is made out of glass","n",-1.5,NA
"2893","3","india","adults","does that mean...?","cb1","R_bmfoEbfjxP7qr7n","2014-06-17 17:19:00",6,NA,NA,NA,NA,NA,NA,NA,NA,NA,NA,5,"test",11,"per","vision","can see me","aut","noise","can make sounds on its own","n",-1.5,NA
"2894","3","india","adults","does that mean...?","cb1","R_djzj3Ufxgd9Xtpr","2014-06-17 18:42:00",18,NA,NA,NA,NA,NA,NA,NA,NA,"It was a nice and simple task and i enjoyed being a part of it. Hope my work will assist you in your research.",NA,5,"practice",1,NA,NA,"is purple",NA,NA,"is green","n",-1.5,NA
"2895","3","india","adults","does that mean...?","cb1","R_djzj3Ufxgd9Xtpr","2014-06-17 18:42:00",18,NA,NA,NA,NA,NA,NA,NA,NA,"It was a nice and simple task and i enjoyed being a part of it. Hope my work will assist you in your research.",NA,5,"practice",2,NA,NA,"is walking around",NA,NA,"has legs","y",0.5,NA
"2896","3","india","adults","does that mean...?","cb1","R_djzj3Ufxgd9Xtpr","2014-06-17 18:42:00",18,NA,NA,NA,NA,NA,NA,NA,NA,"It was a nice and simple task and i enjoyed being a part of it. Hope my work will assist you in your research.",NA,5,"practice",3,NA,NA,"is made out of paper",NA,NA,"might rip sometime","y",1.5,NA
"2897","3","india","adults","does that mean...?","cb1","R_djzj3Ufxgd9Xtpr","2014-06-17 18:42:00",18,NA,NA,NA,NA,NA,NA,NA,NA,"It was a nice and simple task and i enjoyed being a part of it. Hope my work will assist you in your research.",NA,5,"test",4,"phy","glass_clay","is made out of clay","per","vision","can see what the box looks like","n",-1.5,NA
"2898","3","india","adults","does that mean...?","cb1","R_djzj3Ufxgd9Xtpr","2014-06-17 18:42:00",18,NA,NA,NA,NA,NA,NA,NA,NA,"It was a nice and simple task and i enjoyed being a part of it. Hope my work will assist you in your research.",NA,5,"test",5,"aff","negative","feels sad right now","aut","movement","can move itself from one side of the box to the other","y",0.5,NA
"2899","3","india","adults","does that mean...?","cb1","R_djzj3Ufxgd9Xtpr","2014-06-17 18:42:00",18,NA,NA,NA,NA,NA,NA,NA,NA,"It was a nice and simple task and i enjoyed being a part of it. Hope my work will assist you in your research.",NA,5,"test",6,"per","hearing","can hear me","aff","positive","can be in a good mood sometimes","y",0.5,NA
"2900","3","india","adults","does that mean...?","cb1","R_djzj3Ufxgd9Xtpr","2014-06-17 18:42:00",18,NA,NA,NA,NA,NA,NA,NA,NA,"It was a nice and simple task and i enjoyed being a part of it. Hope my work will assist you in your research.",NA,5,"test",7,"aut","noise","is making noises all by itself","phy","metal_plastic","is made out of metal","n",-0.5,NA
"2901","3","india","adults","does that mean...?","cb1","R_djzj3Ufxgd9Xtpr","2014-06-17 18:42:00",18,NA,NA,NA,NA,NA,NA,NA,NA,"It was a nice and simple task and i enjoyed being a part of it. Hope my work will assist you in your research.",NA,5,"test",8,"aff","positive","feels happy right now","aff","negative","can be in a bad mood sometimes","y",0.5,NA
"2902","3","india","adults","does that mean...?","cb1","R_djzj3Ufxgd9Xtpr","2014-06-17 18:42:00",18,NA,NA,NA,NA,NA,NA,NA,NA,"It was a nice and simple task and i enjoyed being a part of it. Hope my work will assist you in your research.",NA,5,"test",9,"aut","movement","is moving itself around the box","per","hearing","can hear what's going on around it","n",-0.5,NA
"2903","3","india","adults","does that mean...?","cb1","R_djzj3Ufxgd9Xtpr","2014-06-17 18:42:00",18,NA,NA,NA,NA,NA,NA,NA,NA,"It was a nice and simple task and i enjoyed being a part of it. Hope my work will assist you in your research.",NA,5,"test",10,"phy","metal_plastic","is made out of plastic","phy","glass_clay","is made out of glass","n",-1.5,NA
"2904","3","india","adults","does that mean...?","cb1","R_djzj3Ufxgd9Xtpr","2014-06-17 18:42:00",18,NA,NA,NA,NA,NA,NA,NA,NA,"It was a nice and simple task and i enjoyed being a part of it. Hope my work will assist you in your research.",NA,5,"test",11,"per","vision","can see me","aut","noise","can make sounds on its own","y",0.5,NA
"2905","3","india","adults","does that mean...?","cb1","R_ea3m7jICYDwW1wx","2014-06-17 19:32:00",3,NA,NA,NA,NA,NA,NA,NA,NA,"it was a good study",NA,5,"practice",1,NA,NA,"is purple",NA,NA,"is green","y",1.5,NA
"2906","3","india","adults","does that mean...?","cb1","R_ea3m7jICYDwW1wx","2014-06-17 19:32:00",3,NA,NA,NA,NA,NA,NA,NA,NA,"it was a good study",NA,5,"practice",2,NA,NA,"is walking around",NA,NA,"has legs","y",0.5,NA
"2907","3","india","adults","does that mean...?","cb1","R_ea3m7jICYDwW1wx","2014-06-17 19:32:00",3,NA,NA,NA,NA,NA,NA,NA,NA,"it was a good study",NA,5,"practice",3,NA,NA,"is made out of paper",NA,NA,"might rip sometime","n",-0.5,NA
"2908","3","india","adults","does that mean...?","cb1","R_ea3m7jICYDwW1wx","2014-06-17 19:32:00",3,NA,NA,NA,NA,NA,NA,NA,NA,"it was a good study",NA,5,"test",4,"phy","glass_clay","is made out of clay","per","vision","can see what the box looks like","n",-0.5,NA
"2909","3","india","adults","does that mean...?","cb1","R_ea3m7jICYDwW1wx","2014-06-17 19:32:00",3,NA,NA,NA,NA,NA,NA,NA,NA,"it was a good study",NA,5,"test",5,"aff","negative","feels sad right now","aut","movement","can move itself from one side of the box to the other","n",-0.5,NA
"2910","3","india","adults","does that mean...?","cb1","R_ea3m7jICYDwW1wx","2014-06-17 19:32:00",3,NA,NA,NA,NA,NA,NA,NA,NA,"it was a good study",NA,5,"test",6,"per","hearing","can hear me","aff","positive","can be in a good mood sometimes","y",0.5,NA
"2911","3","india","adults","does that mean...?","cb1","R_ea3m7jICYDwW1wx","2014-06-17 19:32:00",3,NA,NA,NA,NA,NA,NA,NA,NA,"it was a good study",NA,5,"test",7,"aut","noise","is making noises all by itself","phy","metal_plastic","is made out of metal","n",-0.5,NA
"2912","3","india","adults","does that mean...?","cb1","R_ea3m7jICYDwW1wx","2014-06-17 19:32:00",3,NA,NA,NA,NA,NA,NA,NA,NA,"it was a good study",NA,5,"test",8,"aff","positive","feels happy right now","aff","negative","can be in a bad mood sometimes","y",0.5,NA
"2913","3","india","adults","does that mean...?","cb1","R_ea3m7jICYDwW1wx","2014-06-17 19:32:00",3,NA,NA,NA,NA,NA,NA,NA,NA,"it was a good study",NA,5,"test",9,"aut","movement","is moving itself around the box","per","hearing","can hear what's going on around it","n",-1.5,NA
"2914","3","india","adults","does that mean...?","cb1","R_ea3m7jICYDwW1wx","2014-06-17 19:32:00",3,NA,NA,NA,NA,NA,NA,NA,NA,"it was a good study",NA,5,"test",10,"phy","metal_plastic","is made out of plastic","phy","glass_clay","is made out of glass","n",-0.5,NA
"2915","3","india","adults","does that mean...?","cb1","R_ea3m7jICYDwW1wx","2014-06-17 19:32:00",3,NA,NA,NA,NA,NA,NA,NA,NA,"it was a good study",NA,5,"test",11,"per","vision","can see me","aut","noise","can make sounds on its own","n",-0.5,NA
"2916","3","india","adults","does that mean...?","cb1","R_egP96I3ejccr9J3","2014-06-17 18:03:00",20,NA,NA,NA,NA,NA,NA,NA,NA,NA,NA,5,"practice",1,NA,NA,"is purple",NA,NA,"is green","n",-1.5,NA
"2917","3","india","adults","does that mean...?","cb1","R_egP96I3ejccr9J3","2014-06-17 18:03:00",20,NA,NA,NA,NA,NA,NA,NA,NA,NA,NA,5,"practice",2,NA,NA,"is walking around",NA,NA,"has legs","y",1.5,NA
"2918","3","india","adults","does that mean...?","cb1","R_egP96I3ejccr9J3","2014-06-17 18:03:00",20,NA,NA,NA,NA,NA,NA,NA,NA,NA,NA,5,"practice",3,NA,NA,"is made out of paper",NA,NA,"might rip sometime","n",-0.5,NA
"2919","3","india","adults","does that mean...?","cb1","R_egP96I3ejccr9J3","2014-06-17 18:03:00",20,NA,NA,NA,NA,NA,NA,NA,NA,NA,NA,5,"test",4,"phy","glass_clay","is made out of clay","per","vision","can see what the box looks like","y",0.5,NA
"2920","3","india","adults","does that mean...?","cb1","R_egP96I3ejccr9J3","2014-06-17 18:03:00",20,NA,NA,NA,NA,NA,NA,NA,NA,NA,NA,5,"test",5,"aff","negative","feels sad right now","aut","movement","can move itself from one side of the box to the other","n",-1.5,NA
"2921","3","india","adults","does that mean...?","cb1","R_egP96I3ejccr9J3","2014-06-17 18:03:00",20,NA,NA,NA,NA,NA,NA,NA,NA,NA,NA,5,"test",6,"per","hearing","can hear me","aff","positive","can be in a good mood sometimes","y",0.5,NA
"2922","3","india","adults","does that mean...?","cb1","R_egP96I3ejccr9J3","2014-06-17 18:03:00",20,NA,NA,NA,NA,NA,NA,NA,NA,NA,NA,5,"test",7,"aut","noise","is making noises all by itself","phy","metal_plastic","is made out of metal","y",1.5,NA
"2923","3","india","adults","does that mean...?","cb1","R_egP96I3ejccr9J3","2014-06-17 18:03:00",20,NA,NA,NA,NA,NA,NA,NA,NA,NA,NA,5,"test",8,"aff","positive","feels happy right now","aff","negative","can be in a bad mood sometimes","n",-1.5,NA
"2924","3","india","adults","does that mean...?","cb1","R_egP96I3ejccr9J3","2014-06-17 18:03:00",20,NA,NA,NA,NA,NA,NA,NA,NA,NA,NA,5,"test",9,"aut","movement","is moving itself around the box","per","hearing","can hear what's going on around it","n",-0.5,NA
"2925","3","india","adults","does that mean...?","cb1","R_egP96I3ejccr9J3","2014-06-17 18:03:00",20,NA,NA,NA,NA,NA,NA,NA,NA,NA,NA,5,"test",10,"phy","metal_plastic","is made out of plastic","phy","glass_clay","is made out of glass","n",-1.5,NA
"2926","3","india","adults","does that mean...?","cb1","R_egP96I3ejccr9J3","2014-06-17 18:03:00",20,NA,NA,NA,NA,NA,NA,NA,NA,NA,NA,5,"test",11,"per","vision","can see me","aut","noise","can make sounds on its own","n",-0.5,NA
"2927","3","india","adults","does that mean...?","cb1","R_0NxtJjKDlY5BNoV","2014-06-17 18:18:00",32,NA,NA,NA,NA,NA,NA,NA,NA,"No",NA,6,"practice",1,NA,NA,"is purple",NA,NA,"is green","n",-1.5,NA
"2928","3","india","adults","does that mean...?","cb1","R_0NxtJjKDlY5BNoV","2014-06-17 18:18:00",32,NA,NA,NA,NA,NA,NA,NA,NA,"No",NA,6,"practice",2,NA,NA,"is walking around",NA,NA,"has legs","y",1.5,NA
"2929","3","india","adults","does that mean...?","cb1","R_0NxtJjKDlY5BNoV","2014-06-17 18:18:00",32,NA,NA,NA,NA,NA,NA,NA,NA,"No",NA,6,"practice",3,NA,NA,"is made out of paper",NA,NA,"might rip sometime","y",0.5,NA
"2930","3","india","adults","does that mean...?","cb1","R_0NxtJjKDlY5BNoV","2014-06-17 18:18:00",32,NA,NA,NA,NA,NA,NA,NA,NA,"No",NA,6,"test",4,"per","hearing","can hear what's going on around it","aut","movement","can move itself from one side of the box to the other","n",-0.5,NA
"2931","3","india","adults","does that mean...?","cb1","R_0NxtJjKDlY5BNoV","2014-06-17 18:18:00",32,NA,NA,NA,NA,NA,NA,NA,NA,"No",NA,6,"test",5,"phy","metal_plastic","is made out of metal","phy","glass_clay","is made out of clay","n",-1.5,NA
"2932","3","india","adults","does that mean...?","cb1","R_0NxtJjKDlY5BNoV","2014-06-17 18:18:00",32,NA,NA,NA,NA,NA,NA,NA,NA,"No",NA,6,"test",6,"aut","noise","is making noises all by itself","per","vision","can see me","n",-0.5,NA
"2933","3","india","adults","does that mean...?","cb1","R_0NxtJjKDlY5BNoV","2014-06-17 18:18:00",32,NA,NA,NA,NA,NA,NA,NA,NA,"No",NA,6,"test",7,"aff","positive","is in a good mood right now","aff","negative","can feel sad sometimes","y",0.5,NA
"2934","3","india","adults","does that mean...?","cb1","R_0NxtJjKDlY5BNoV","2014-06-17 18:18:00",32,NA,NA,NA,NA,NA,NA,NA,NA,"No",NA,6,"test",8,"aut","movement","is moving itself around the box","phy","metal_plastic","is made out of plastic","n",-0.5,NA
"2935","3","india","adults","does that mean...?","cb1","R_0NxtJjKDlY5BNoV","2014-06-17 18:18:00",32,NA,NA,NA,NA,NA,NA,NA,NA,"No",NA,6,"test",9,"per","vision","can see what the box looks like","aff","positive","can feel happy sometimes","n",-0.5,NA
"2936","3","india","adults","does that mean...?","cb1","R_0NxtJjKDlY5BNoV","2014-06-17 18:18:00",32,NA,NA,NA,NA,NA,NA,NA,NA,"No",NA,6,"test",10,"aff","negative","is in a bad mood right now","aut","noise","can make sounds on its own","n",-0.5,NA
"2937","3","india","adults","does that mean...?","cb1","R_0NxtJjKDlY5BNoV","2014-06-17 18:18:00",32,NA,NA,NA,NA,NA,NA,NA,NA,"No",NA,6,"test",11,"phy","glass_clay","is made out of glass","per","hearing","can hear me","n",-1.5,NA
"2938","3","india","adults","does that mean...?","cb1","R_0qtzYvbIbxZoY2p","2014-06-17 18:30:00",3,NA,NA,NA,NA,NA,NA,NA,NA,NA,NA,6,"practice",1,NA,NA,"is purple",NA,NA,"is green","n",-1.5,NA
"2939","3","india","adults","does that mean...?","cb1","R_0qtzYvbIbxZoY2p","2014-06-17 18:30:00",3,NA,NA,NA,NA,NA,NA,NA,NA,NA,NA,6,"practice",2,NA,NA,"is walking around",NA,NA,"has legs","y",1.5,NA
"2940","3","india","adults","does that mean...?","cb1","R_0qtzYvbIbxZoY2p","2014-06-17 18:30:00",3,NA,NA,NA,NA,NA,NA,NA,NA,NA,NA,6,"practice",3,NA,NA,"is made out of paper",NA,NA,"might rip sometime","n",-1.5,NA
"2941","3","india","adults","does that mean...?","cb1","R_0qtzYvbIbxZoY2p","2014-06-17 18:30:00",3,NA,NA,NA,NA,NA,NA,NA,NA,NA,NA,6,"test",4,"per","hearing","can hear what's going on around it","aut","movement","can move itself from one side of the box to the other","y",0.5,NA
"2942","3","india","adults","does that mean...?","cb1","R_0qtzYvbIbxZoY2p","2014-06-17 18:30:00",3,NA,NA,NA,NA,NA,NA,NA,NA,NA,NA,6,"test",5,"phy","metal_plastic","is made out of metal","phy","glass_clay","is made out of clay","n",-1.5,NA
"2943","3","india","adults","does that mean...?","cb1","R_0qtzYvbIbxZoY2p","2014-06-17 18:30:00",3,NA,NA,NA,NA,NA,NA,NA,NA,NA,NA,6,"test",6,"aut","noise","is making noises all by itself","per","vision","can see me","n",-1.5,NA
"2944","3","india","adults","does that mean...?","cb1","R_0qtzYvbIbxZoY2p","2014-06-17 18:30:00",3,NA,NA,NA,NA,NA,NA,NA,NA,NA,NA,6,"test",7,"aff","positive","is in a good mood right now","aff","negative","can feel sad sometimes","n",-0.5,NA
"2945","3","india","adults","does that mean...?","cb1","R_0qtzYvbIbxZoY2p","2014-06-17 18:30:00",3,NA,NA,NA,NA,NA,NA,NA,NA,NA,NA,6,"test",8,"aut","movement","is moving itself around the box","phy","metal_plastic","is made out of plastic","n",-0.5,NA
"2946","3","india","adults","does that mean...?","cb1","R_0qtzYvbIbxZoY2p","2014-06-17 18:30:00",3,NA,NA,NA,NA,NA,NA,NA,NA,NA,NA,6,"test",9,"per","vision","can see what the box looks like","aff","positive","can feel happy sometimes","y",0.5,NA
"2947","3","india","adults","does that mean...?","cb1","R_0qtzYvbIbxZoY2p","2014-06-17 18:30:00",3,NA,NA,NA,NA,NA,NA,NA,NA,NA,NA,6,"test",10,"aff","negative","is in a bad mood right now","aut","noise","can make sounds on its own","y",0.5,NA
"2948","3","india","adults","does that mean...?","cb1","R_0qtzYvbIbxZoY2p","2014-06-17 18:30:00",3,NA,NA,NA,NA,NA,NA,NA,NA,NA,NA,6,"test",11,"phy","glass_clay","is made out of glass","per","hearing","can hear me","n",-1.5,NA
"2949","3","india","adults","does that mean...?","cb1","R_1zwSFeoV0YaizHL","2014-06-17 19:51:00",6,NA,NA,NA,NA,NA,NA,NA,NA,NA,NA,6,"practice",1,NA,NA,"is purple",NA,NA,"is green","n",-1.5,NA
"2950","3","india","adults","does that mean...?","cb1","R_1zwSFeoV0YaizHL","2014-06-17 19:51:00",6,NA,NA,NA,NA,NA,NA,NA,NA,NA,NA,6,"practice",2,NA,NA,"is walking around",NA,NA,"has legs","y",1.5,NA
"2951","3","india","adults","does that mean...?","cb1","R_1zwSFeoV0YaizHL","2014-06-17 19:51:00",6,NA,NA,NA,NA,NA,NA,NA,NA,NA,NA,6,"practice",3,NA,NA,"is made out of paper",NA,NA,"might rip sometime","y",1.5,NA
"2952","3","india","adults","does that mean...?","cb1","R_1zwSFeoV0YaizHL","2014-06-17 19:51:00",6,NA,NA,NA,NA,NA,NA,NA,NA,NA,NA,6,"test",4,"per","hearing","can hear what's going on around it","aut","movement","can move itself from one side of the box to the other","y",0.5,NA
"2953","3","india","adults","does that mean...?","cb1","R_1zwSFeoV0YaizHL","2014-06-17 19:51:00",6,NA,NA,NA,NA,NA,NA,NA,NA,NA,NA,6,"test",5,"phy","metal_plastic","is made out of metal","phy","glass_clay","is made out of clay","n",-1.5,NA
"2954","3","india","adults","does that mean...?","cb1","R_1zwSFeoV0YaizHL","2014-06-17 19:51:00",6,NA,NA,NA,NA,NA,NA,NA,NA,NA,NA,6,"test",6,"aut","noise","is making noises all by itself","per","vision","can see me","y",0.5,NA
"2955","3","india","adults","does that mean...?","cb1","R_1zwSFeoV0YaizHL","2014-06-17 19:51:00",6,NA,NA,NA,NA,NA,NA,NA,NA,NA,NA,6,"test",7,"aff","positive","is in a good mood right now","aff","negative","can feel sad sometimes","y",1.5,NA
"2956","3","india","adults","does that mean...?","cb1","R_1zwSFeoV0YaizHL","2014-06-17 19:51:00",6,NA,NA,NA,NA,NA,NA,NA,NA,NA,NA,6,"test",8,"aut","movement","is moving itself around the box","phy","metal_plastic","is made out of plastic","n",-0.5,NA
"2957","3","india","adults","does that mean...?","cb1","R_1zwSFeoV0YaizHL","2014-06-17 19:51:00",6,NA,NA,NA,NA,NA,NA,NA,NA,NA,NA,6,"test",9,"per","vision","can see what the box looks like","aff","positive","can feel happy sometimes","y",0.5,NA
"2958","3","india","adults","does that mean...?","cb1","R_1zwSFeoV0YaizHL","2014-06-17 19:51:00",6,NA,NA,NA,NA,NA,NA,NA,NA,NA,NA,6,"test",10,"aff","negative","is in a bad mood right now","aut","noise","can make sounds on its own","y",0.5,NA
"2959","3","india","adults","does that mean...?","cb1","R_1zwSFeoV0YaizHL","2014-06-17 19:51:00",6,NA,NA,NA,NA,NA,NA,NA,NA,NA,NA,6,"test",11,"phy","glass_clay","is made out of glass","per","hearing","can hear me","n",-1.5,NA
"2960","3","india","adults","does that mean...?","cb1","R_3mjUFIneyZstjhj","2014-06-17 18:37:00",23,NA,NA,NA,NA,NA,NA,NA,NA,NA,NA,6,"practice",1,NA,NA,"is purple",NA,NA,"is green","n",-1.5,NA
"2961","3","india","adults","does that mean...?","cb1","R_3mjUFIneyZstjhj","2014-06-17 18:37:00",23,NA,NA,NA,NA,NA,NA,NA,NA,NA,NA,6,"practice",2,NA,NA,"is walking around",NA,NA,"has legs","n",-1.5,NA
"2962","3","india","adults","does that mean...?","cb1","R_3mjUFIneyZstjhj","2014-06-17 18:37:00",23,NA,NA,NA,NA,NA,NA,NA,NA,NA,NA,6,"practice",3,NA,NA,"is made out of paper",NA,NA,"might rip sometime","y",0.5,NA
"2963","3","india","adults","does that mean...?","cb1","R_3mjUFIneyZstjhj","2014-06-17 18:37:00",23,NA,NA,NA,NA,NA,NA,NA,NA,NA,NA,6,"test",4,"per","hearing","can hear what's going on around it","aut","movement","can move itself from one side of the box to the other","n",-1.5,NA
"2964","3","india","adults","does that mean...?","cb1","R_3mjUFIneyZstjhj","2014-06-17 18:37:00",23,NA,NA,NA,NA,NA,NA,NA,NA,NA,NA,6,"test",5,"phy","metal_plastic","is made out of metal","phy","glass_clay","is made out of clay","n",-1.5,NA
"2965","3","india","adults","does that mean...?","cb1","R_3mjUFIneyZstjhj","2014-06-17 18:37:00",23,NA,NA,NA,NA,NA,NA,NA,NA,NA,NA,6,"test",6,"aut","noise","is making noises all by itself","per","vision","can see me","y",0.5,NA
"2966","3","india","adults","does that mean...?","cb1","R_3mjUFIneyZstjhj","2014-06-17 18:37:00",23,NA,NA,NA,NA,NA,NA,NA,NA,NA,NA,6,"test",7,"aff","positive","is in a good mood right now","aff","negative","can feel sad sometimes","n",-0.5,NA
"2967","3","india","adults","does that mean...?","cb1","R_3mjUFIneyZstjhj","2014-06-17 18:37:00",23,NA,NA,NA,NA,NA,NA,NA,NA,NA,NA,6,"test",8,"aut","movement","is moving itself around the box","phy","metal_plastic","is made out of plastic","n",-0.5,NA
"2968","3","india","adults","does that mean...?","cb1","R_3mjUFIneyZstjhj","2014-06-17 18:37:00",23,NA,NA,NA,NA,NA,NA,NA,NA,NA,NA,6,"test",9,"per","vision","can see what the box looks like","aff","positive","can feel happy sometimes","y",0.5,NA
"2969","3","india","adults","does that mean...?","cb1","R_3mjUFIneyZstjhj","2014-06-17 18:37:00",23,NA,NA,NA,NA,NA,NA,NA,NA,NA,NA,6,"test",10,"aff","negative","is in a bad mood right now","aut","noise","can make sounds on its own","n",-1.5,NA
"2970","3","india","adults","does that mean...?","cb1","R_3mjUFIneyZstjhj","2014-06-17 18:37:00",23,NA,NA,NA,NA,NA,NA,NA,NA,NA,NA,6,"test",11,"phy","glass_clay","is made out of glass","per","hearing","can hear me","n",-1.5,NA
"2971","3","india","adults","does that mean...?","cb1","R_73Y0ZAg42gsPxBj","2014-06-17 19:31:00",3,NA,NA,NA,NA,NA,NA,NA,NA,"It was very easy to understand and nice to complete",NA,6,"practice",1,NA,NA,"is purple",NA,NA,"is green","n",-1.5,NA
"2972","3","india","adults","does that mean...?","cb1","R_73Y0ZAg42gsPxBj","2014-06-17 19:31:00",3,NA,NA,NA,NA,NA,NA,NA,NA,"It was very easy to understand and nice to complete",NA,6,"practice",2,NA,NA,"is walking around",NA,NA,"has legs","y",1.5,NA
"2973","3","india","adults","does that mean...?","cb1","R_73Y0ZAg42gsPxBj","2014-06-17 19:31:00",3,NA,NA,NA,NA,NA,NA,NA,NA,"It was very easy to understand and nice to complete",NA,6,"practice",3,NA,NA,"is made out of paper",NA,NA,"might rip sometime","y",0.5,NA
"2974","3","india","adults","does that mean...?","cb1","R_73Y0ZAg42gsPxBj","2014-06-17 19:31:00",3,NA,NA,NA,NA,NA,NA,NA,NA,"It was very easy to understand and nice to complete",NA,6,"test",4,"per","hearing","can hear what's going on around it","aut","movement","can move itself from one side of the box to the other","y",1.5,NA
"2975","3","india","adults","does that mean...?","cb1","R_73Y0ZAg42gsPxBj","2014-06-17 19:31:00",3,NA,NA,NA,NA,NA,NA,NA,NA,"It was very easy to understand and nice to complete",NA,6,"test",5,"phy","metal_plastic","is made out of metal","phy","glass_clay","is made out of clay","n",-1.5,NA
"2976","3","india","adults","does that mean...?","cb1","R_73Y0ZAg42gsPxBj","2014-06-17 19:31:00",3,NA,NA,NA,NA,NA,NA,NA,NA,"It was very easy to understand and nice to complete",NA,6,"test",6,"aut","noise","is making noises all by itself","per","vision","can see me","y",0.5,NA
"2977","3","india","adults","does that mean...?","cb1","R_73Y0ZAg42gsPxBj","2014-06-17 19:31:00",3,NA,NA,NA,NA,NA,NA,NA,NA,"It was very easy to understand and nice to complete",NA,6,"test",7,"aff","positive","is in a good mood right now","aff","negative","can feel sad sometimes","n",-1.5,NA
"2978","3","india","adults","does that mean...?","cb1","R_73Y0ZAg42gsPxBj","2014-06-17 19:31:00",3,NA,NA,NA,NA,NA,NA,NA,NA,"It was very easy to understand and nice to complete",NA,6,"test",8,"aut","movement","is moving itself around the box","phy","metal_plastic","is made out of plastic","n",-1.5,NA
"2979","3","india","adults","does that mean...?","cb1","R_73Y0ZAg42gsPxBj","2014-06-17 19:31:00",3,NA,NA,NA,NA,NA,NA,NA,NA,"It was very easy to understand and nice to complete",NA,6,"test",9,"per","vision","can see what the box looks like","aff","positive","can feel happy sometimes","y",1.5,NA
"2980","3","india","adults","does that mean...?","cb1","R_73Y0ZAg42gsPxBj","2014-06-17 19:31:00",3,NA,NA,NA,NA,NA,NA,NA,NA,"It was very easy to understand and nice to complete",NA,6,"test",10,"aff","negative","is in a bad mood right now","aut","noise","can make sounds on its own","n",-0.5,NA
"2981","3","india","adults","does that mean...?","cb1","R_73Y0ZAg42gsPxBj","2014-06-17 19:31:00",3,NA,NA,NA,NA,NA,NA,NA,NA,"It was very easy to understand and nice to complete",NA,6,"test",11,"phy","glass_clay","is made out of glass","per","hearing","can hear me","y",1.5,NA
"2982","3","india","adults","does that mean...?","cb1","R_9yOe7ghHtKw7Of3","2014-06-17 18:00:00",5,NA,NA,NA,NA,NA,NA,NA,NA,"good survey",NA,6,"practice",1,NA,NA,"is purple",NA,NA,"is green","y",0.5,NA
"2983","3","india","adults","does that mean...?","cb1","R_9yOe7ghHtKw7Of3","2014-06-17 18:00:00",5,NA,NA,NA,NA,NA,NA,NA,NA,"good survey",NA,6,"practice",2,NA,NA,"is walking around",NA,NA,"has legs","y",1.5,NA
"2984","3","india","adults","does that mean...?","cb1","R_9yOe7ghHtKw7Of3","2014-06-17 18:00:00",5,NA,NA,NA,NA,NA,NA,NA,NA,"good survey",NA,6,"practice",3,NA,NA,"is made out of paper",NA,NA,"might rip sometime","y",0.5,NA
"2985","3","india","adults","does that mean...?","cb1","R_9yOe7ghHtKw7Of3","2014-06-17 18:00:00",5,NA,NA,NA,NA,NA,NA,NA,NA,"good survey",NA,6,"test",4,"per","hearing","can hear what's going on around it","aut","movement","can move itself from one side of the box to the other","y",0.5,NA
"2986","3","india","adults","does that mean...?","cb1","R_9yOe7ghHtKw7Of3","2014-06-17 18:00:00",5,NA,NA,NA,NA,NA,NA,NA,NA,"good survey",NA,6,"test",5,"phy","metal_plastic","is made out of metal","phy","glass_clay","is made out of clay","y",0.5,NA
"2987","3","india","adults","does that mean...?","cb1","R_9yOe7ghHtKw7Of3","2014-06-17 18:00:00",5,NA,NA,NA,NA,NA,NA,NA,NA,"good survey",NA,6,"test",6,"aut","noise","is making noises all by itself","per","vision","can see me","y",0.5,NA
"2988","3","india","adults","does that mean...?","cb1","R_9yOe7ghHtKw7Of3","2014-06-17 18:00:00",5,NA,NA,NA,NA,NA,NA,NA,NA,"good survey",NA,6,"test",7,"aff","positive","is in a good mood right now","aff","negative","can feel sad sometimes","n",-0.5,NA
"2989","3","india","adults","does that mean...?","cb1","R_9yOe7ghHtKw7Of3","2014-06-17 18:00:00",5,NA,NA,NA,NA,NA,NA,NA,NA,"good survey",NA,6,"test",8,"aut","movement","is moving itself around the box","phy","metal_plastic","is made out of plastic","y",0.5,NA
"2990","3","india","adults","does that mean...?","cb1","R_9yOe7ghHtKw7Of3","2014-06-17 18:00:00",5,NA,NA,NA,NA,NA,NA,NA,NA,"good survey",NA,6,"test",9,"per","vision","can see what the box looks like","aff","positive","can feel happy sometimes","y",0.5,NA
"2991","3","india","adults","does that mean...?","cb1","R_9yOe7ghHtKw7Of3","2014-06-17 18:00:00",5,NA,NA,NA,NA,NA,NA,NA,NA,"good survey",NA,6,"test",10,"aff","negative","is in a bad mood right now","aut","noise","can make sounds on its own","y",0.5,NA
"2992","3","india","adults","does that mean...?","cb1","R_9yOe7ghHtKw7Of3","2014-06-17 18:00:00",5,NA,NA,NA,NA,NA,NA,NA,NA,"good survey",NA,6,"test",11,"phy","glass_clay","is made out of glass","per","hearing","can hear me","y",0.5,NA
"2993","3","india","adults","does that mean...?","cb1","R_beGUJwGWcYygtzD","2014-06-17 17:39:00",12,NA,NA,NA,NA,NA,NA,NA,NA,"nice",NA,6,"practice",1,NA,NA,"is purple",NA,NA,"is green","n",-1.5,NA
"2994","3","india","adults","does that mean...?","cb1","R_beGUJwGWcYygtzD","2014-06-17 17:39:00",12,NA,NA,NA,NA,NA,NA,NA,NA,"nice",NA,6,"practice",2,NA,NA,"is walking around",NA,NA,"has legs","y",0.5,NA
"2995","3","india","adults","does that mean...?","cb1","R_beGUJwGWcYygtzD","2014-06-17 17:39:00",12,NA,NA,NA,NA,NA,NA,NA,NA,"nice",NA,6,"practice",3,NA,NA,"is made out of paper",NA,NA,"might rip sometime","n",-1.5,NA
"2996","3","india","adults","does that mean...?","cb1","R_beGUJwGWcYygtzD","2014-06-17 17:39:00",12,NA,NA,NA,NA,NA,NA,NA,NA,"nice",NA,6,"test",4,"per","hearing","can hear what's going on around it","aut","movement","can move itself from one side of the box to the other","y",1.5,NA
"2997","3","india","adults","does that mean...?","cb1","R_beGUJwGWcYygtzD","2014-06-17 17:39:00",12,NA,NA,NA,NA,NA,NA,NA,NA,"nice",NA,6,"test",5,"phy","metal_plastic","is made out of metal","phy","glass_clay","is made out of clay","n",-1.5,NA
"2998","3","india","adults","does that mean...?","cb1","R_beGUJwGWcYygtzD","2014-06-17 17:39:00",12,NA,NA,NA,NA,NA,NA,NA,NA,"nice",NA,6,"test",6,"aut","noise","is making noises all by itself","per","vision","can see me","n",-0.5,NA
"2999","3","india","adults","does that mean...?","cb1","R_beGUJwGWcYygtzD","2014-06-17 17:39:00",12,NA,NA,NA,NA,NA,NA,NA,NA,"nice",NA,6,"test",7,"aff","positive","is in a good mood right now","aff","negative","can feel sad sometimes","n",-1.5,NA
"3000","3","india","adults","does that mean...?","cb1","R_beGUJwGWcYygtzD","2014-06-17 17:39:00",12,NA,NA,NA,NA,NA,NA,NA,NA,"nice",NA,6,"test",8,"aut","movement","is moving itself around the box","phy","metal_plastic","is made out of plastic","n",-1.5,NA
"3001","3","india","adults","does that mean...?","cb1","R_beGUJwGWcYygtzD","2014-06-17 17:39:00",12,NA,NA,NA,NA,NA,NA,NA,NA,"nice",NA,6,"test",9,"per","vision","can see what the box looks like","aff","positive","can feel happy sometimes","y",0.5,NA
"3002","3","india","adults","does that mean...?","cb1","R_beGUJwGWcYygtzD","2014-06-17 17:39:00",12,NA,NA,NA,NA,NA,NA,NA,NA,"nice",NA,6,"test",10,"aff","negative","is in a bad mood right now","aut","noise","can make sounds on its own","n",-0.5,NA
"3003","3","india","adults","does that mean...?","cb1","R_beGUJwGWcYygtzD","2014-06-17 17:39:00",12,NA,NA,NA,NA,NA,NA,NA,NA,"nice",NA,6,"test",11,"phy","glass_clay","is made out of glass","per","hearing","can hear me","n",-1.5,NA
"3004","3","india","adults","does that mean...?","cb1","R_cvCfGtkivrKAakl","2014-06-17 19:44:00",4,NA,NA,NA,NA,NA,NA,NA,NA,"no nothing",NA,6,"practice",1,NA,NA,"is purple",NA,NA,"is green","y",0.5,NA
"3005","3","india","adults","does that mean...?","cb1","R_cvCfGtkivrKAakl","2014-06-17 19:44:00",4,NA,NA,NA,NA,NA,NA,NA,NA,"no nothing",NA,6,"practice",2,NA,NA,"is walking around",NA,NA,"has legs","y",1.5,NA
"3006","3","india","adults","does that mean...?","cb1","R_cvCfGtkivrKAakl","2014-06-17 19:44:00",4,NA,NA,NA,NA,NA,NA,NA,NA,"no nothing",NA,6,"practice",3,NA,NA,"is made out of paper",NA,NA,"might rip sometime","n",-0.5,NA
"3007","3","india","adults","does that mean...?","cb1","R_cvCfGtkivrKAakl","2014-06-17 19:44:00",4,NA,NA,NA,NA,NA,NA,NA,NA,"no nothing",NA,6,"test",4,"per","hearing","can hear what's going on around it","aut","movement","can move itself from one side of the box to the other","y",0.5,NA
"3008","3","india","adults","does that mean...?","cb1","R_cvCfGtkivrKAakl","2014-06-17 19:44:00",4,NA,NA,NA,NA,NA,NA,NA,NA,"no nothing",NA,6,"test",5,"phy","metal_plastic","is made out of metal","phy","glass_clay","is made out of clay","y",1.5,NA
"3009","3","india","adults","does that mean...?","cb1","R_cvCfGtkivrKAakl","2014-06-17 19:44:00",4,NA,NA,NA,NA,NA,NA,NA,NA,"no nothing",NA,6,"test",6,"aut","noise","is making noises all by itself","per","vision","can see me","n",-0.5,NA
"3010","3","india","adults","does that mean...?","cb1","R_cvCfGtkivrKAakl","2014-06-17 19:44:00",4,NA,NA,NA,NA,NA,NA,NA,NA,"no nothing",NA,6,"test",7,"aff","positive","is in a good mood right now","aff","negative","can feel sad sometimes","y",0.5,NA
"3011","3","india","adults","does that mean...?","cb1","R_cvCfGtkivrKAakl","2014-06-17 19:44:00",4,NA,NA,NA,NA,NA,NA,NA,NA,"no nothing",NA,6,"test",8,"aut","movement","is moving itself around the box","phy","metal_plastic","is made out of plastic","y",0.5,NA
"3012","3","india","adults","does that mean...?","cb1","R_cvCfGtkivrKAakl","2014-06-17 19:44:00",4,NA,NA,NA,NA,NA,NA,NA,NA,"no nothing",NA,6,"test",9,"per","vision","can see what the box looks like","aff","positive","can feel happy sometimes","y",1.5,NA
"3013","3","india","adults","does that mean...?","cb1","R_cvCfGtkivrKAakl","2014-06-17 19:44:00",4,NA,NA,NA,NA,NA,NA,NA,NA,"no nothing",NA,6,"test",10,"aff","negative","is in a bad mood right now","aut","noise","can make sounds on its own","y",0.5,NA
"3014","3","india","adults","does that mean...?","cb1","R_cvCfGtkivrKAakl","2014-06-17 19:44:00",4,NA,NA,NA,NA,NA,NA,NA,NA,"no nothing",NA,6,"test",11,"phy","glass_clay","is made out of glass","per","hearing","can hear me","y",0.5,NA
"3015","3","india","adults","does that mean...?","cb1","R_egFgbhGtpXcVqD3","2014-06-17 18:16:00",3,NA,NA,NA,NA,NA,NA,NA,NA,NA,NA,6,"practice",1,NA,NA,"is purple",NA,NA,"is green","n",-1.5,NA
"3016","3","india","adults","does that mean...?","cb1","R_egFgbhGtpXcVqD3","2014-06-17 18:16:00",3,NA,NA,NA,NA,NA,NA,NA,NA,NA,NA,6,"practice",2,NA,NA,"is walking around",NA,NA,"has legs","n",-1.5,NA
"3017","3","india","adults","does that mean...?","cb1","R_egFgbhGtpXcVqD3","2014-06-17 18:16:00",3,NA,NA,NA,NA,NA,NA,NA,NA,NA,NA,6,"practice",3,NA,NA,"is made out of paper",NA,NA,"might rip sometime","y",0.5,NA
"3018","3","india","adults","does that mean...?","cb1","R_egFgbhGtpXcVqD3","2014-06-17 18:16:00",3,NA,NA,NA,NA,NA,NA,NA,NA,NA,NA,6,"test",4,"per","hearing","can hear what's going on around it","aut","movement","can move itself from one side of the box to the other","n",-1.5,NA
"3019","3","india","adults","does that mean...?","cb1","R_egFgbhGtpXcVqD3","2014-06-17 18:16:00",3,NA,NA,NA,NA,NA,NA,NA,NA,NA,NA,6,"test",5,"phy","metal_plastic","is made out of metal","phy","glass_clay","is made out of clay","n",-1.5,NA
"3020","3","india","adults","does that mean...?","cb1","R_egFgbhGtpXcVqD3","2014-06-17 18:16:00",3,NA,NA,NA,NA,NA,NA,NA,NA,NA,NA,6,"test",6,"aut","noise","is making noises all by itself","per","vision","can see me","y",0.5,NA
"3021","3","india","adults","does that mean...?","cb1","R_egFgbhGtpXcVqD3","2014-06-17 18:16:00",3,NA,NA,NA,NA,NA,NA,NA,NA,NA,NA,6,"test",7,"aff","positive","is in a good mood right now","aff","negative","can feel sad sometimes","n",-1.5,NA
"3022","3","india","adults","does that mean...?","cb1","R_egFgbhGtpXcVqD3","2014-06-17 18:16:00",3,NA,NA,NA,NA,NA,NA,NA,NA,NA,NA,6,"test",8,"aut","movement","is moving itself around the box","phy","metal_plastic","is made out of plastic","y",1.5,NA
"3023","3","india","adults","does that mean...?","cb1","R_egFgbhGtpXcVqD3","2014-06-17 18:16:00",3,NA,NA,NA,NA,NA,NA,NA,NA,NA,NA,6,"test",9,"per","vision","can see what the box looks like","aff","positive","can feel happy sometimes","y",0.5,NA
"3024","3","india","adults","does that mean...?","cb1","R_egFgbhGtpXcVqD3","2014-06-17 18:16:00",3,NA,NA,NA,NA,NA,NA,NA,NA,NA,NA,6,"test",10,"aff","negative","is in a bad mood right now","aut","noise","can make sounds on its own","y",0.5,NA
"3025","3","india","adults","does that mean...?","cb1","R_egFgbhGtpXcVqD3","2014-06-17 18:16:00",3,NA,NA,NA,NA,NA,NA,NA,NA,NA,NA,6,"test",11,"phy","glass_clay","is made out of glass","per","hearing","can hear me","n",-1.5,NA
"3026","3","india","adults","does that mean...?","cb1","R_eSf2WwlnzsLAA4t","2014-06-17 20:39:00",5,NA,NA,NA,NA,NA,NA,NA,NA,"no",NA,6,"practice",1,NA,NA,"is purple",NA,NA,"is green","n",-0.5,NA
"3027","3","india","adults","does that mean...?","cb1","R_eSf2WwlnzsLAA4t","2014-06-17 20:39:00",5,NA,NA,NA,NA,NA,NA,NA,NA,"no",NA,6,"practice",2,NA,NA,"is walking around",NA,NA,"has legs","n",-1.5,NA
"3028","3","india","adults","does that mean...?","cb1","R_eSf2WwlnzsLAA4t","2014-06-17 20:39:00",5,NA,NA,NA,NA,NA,NA,NA,NA,"no",NA,6,"practice",3,NA,NA,"is made out of paper",NA,NA,"might rip sometime","n",-0.5,NA
"3029","3","india","adults","does that mean...?","cb1","R_eSf2WwlnzsLAA4t","2014-06-17 20:39:00",5,NA,NA,NA,NA,NA,NA,NA,NA,"no",NA,6,"test",4,"per","hearing","can hear what's going on around it","aut","movement","can move itself from one side of the box to the other","y",0.5,NA
"3030","3","india","adults","does that mean...?","cb1","R_eSf2WwlnzsLAA4t","2014-06-17 20:39:00",5,NA,NA,NA,NA,NA,NA,NA,NA,"no",NA,6,"test",5,"phy","metal_plastic","is made out of metal","phy","glass_clay","is made out of clay","n",-1.5,NA
"3031","3","india","adults","does that mean...?","cb1","R_eSf2WwlnzsLAA4t","2014-06-17 20:39:00",5,NA,NA,NA,NA,NA,NA,NA,NA,"no",NA,6,"test",6,"aut","noise","is making noises all by itself","per","vision","can see me","n",-1.5,NA
"3032","3","india","adults","does that mean...?","cb1","R_eSf2WwlnzsLAA4t","2014-06-17 20:39:00",5,NA,NA,NA,NA,NA,NA,NA,NA,"no",NA,6,"test",7,"aff","positive","is in a good mood right now","aff","negative","can feel sad sometimes","y",0.5,NA
"3033","3","india","adults","does that mean...?","cb1","R_eSf2WwlnzsLAA4t","2014-06-17 20:39:00",5,NA,NA,NA,NA,NA,NA,NA,NA,"no",NA,6,"test",8,"aut","movement","is moving itself around the box","phy","metal_plastic","is made out of plastic","n",-1.5,NA
"3034","3","india","adults","does that mean...?","cb1","R_eSf2WwlnzsLAA4t","2014-06-17 20:39:00",5,NA,NA,NA,NA,NA,NA,NA,NA,"no",NA,6,"test",9,"per","vision","can see what the box looks like","aff","positive","can feel happy sometimes","n",-0.5,NA
"3035","3","india","adults","does that mean...?","cb1","R_eSf2WwlnzsLAA4t","2014-06-17 20:39:00",5,NA,NA,NA,NA,NA,NA,NA,NA,"no",NA,6,"test",10,"aff","negative","is in a bad mood right now","aut","noise","can make sounds on its own","n",-1.5,NA
"3036","3","india","adults","does that mean...?","cb1","R_eSf2WwlnzsLAA4t","2014-06-17 20:39:00",5,NA,NA,NA,NA,NA,NA,NA,NA,"no",NA,6,"test",11,"phy","glass_clay","is made out of glass","per","hearing","can hear me","n",-1.5,NA
"3037","3","india","adults","does that mean...?","cb1","R_0HZzayrBFZ6vFJz","2014-06-17 19:13:00",24,NA,NA,NA,NA,NA,NA,NA,NA,NA,NA,7,"practice",1,NA,NA,"is purple",NA,NA,"is green","n",-0.5,NA
"3038","3","india","adults","does that mean...?","cb1","R_0HZzayrBFZ6vFJz","2014-06-17 19:13:00",24,NA,NA,NA,NA,NA,NA,NA,NA,NA,NA,7,"practice",2,NA,NA,"is walking around",NA,NA,"has legs","y",0.5,NA
"3039","3","india","adults","does that mean...?","cb1","R_0HZzayrBFZ6vFJz","2014-06-17 19:13:00",24,NA,NA,NA,NA,NA,NA,NA,NA,NA,NA,7,"practice",3,NA,NA,"is made out of paper",NA,NA,"might rip sometime","y",1.5,NA
"3040","3","india","adults","does that mean...?","cb1","R_0HZzayrBFZ6vFJz","2014-06-17 19:13:00",24,NA,NA,NA,NA,NA,NA,NA,NA,NA,NA,7,"test",4,"aff","positive","is in a good mood right now","per","hearing","can hear what's going on around it","y",0.5,NA
"3041","3","india","adults","does that mean...?","cb1","R_0HZzayrBFZ6vFJz","2014-06-17 19:13:00",24,NA,NA,NA,NA,NA,NA,NA,NA,NA,NA,7,"test",5,"per","vision","can see me","phy","metal_plastic","is made out of metal","n",-1.5,NA
"3042","3","india","adults","does that mean...?","cb1","R_0HZzayrBFZ6vFJz","2014-06-17 19:13:00",24,NA,NA,NA,NA,NA,NA,NA,NA,NA,NA,7,"test",6,"phy","glass_clay","is made out of clay","aff","positive","can feel happy sometimes","n",-1.5,NA
"3043","3","india","adults","does that mean...?","cb1","R_0HZzayrBFZ6vFJz","2014-06-17 19:13:00",24,NA,NA,NA,NA,NA,NA,NA,NA,NA,NA,7,"test",7,"aut","movement","is moving itself from one side of the box to the other","aut","noise","can make noises all by itself","y",0.5,NA
"3044","3","india","adults","does that mean...?","cb1","R_0HZzayrBFZ6vFJz","2014-06-17 19:13:00",24,NA,NA,NA,NA,NA,NA,NA,NA,NA,NA,7,"test",8,"aff","negative","feels sad right now","phy","glass_clay","is made out of glass","n",-1.5,NA
"3045","3","india","adults","does that mean...?","cb1","R_0HZzayrBFZ6vFJz","2014-06-17 19:13:00",24,NA,NA,NA,NA,NA,NA,NA,NA,NA,NA,7,"test",9,"per","hearing","can hear me","per","vision","can see what the box looks like","y",0.5,NA
"3046","3","india","adults","does that mean...?","cb1","R_0HZzayrBFZ6vFJz","2014-06-17 19:13:00",24,NA,NA,NA,NA,NA,NA,NA,NA,NA,NA,7,"test",10,"phy","metal_plastic","is made out of plastic","aut","movement","can move itself around the box","n",-1.5,NA
"3047","3","india","adults","does that mean...?","cb1","R_0HZzayrBFZ6vFJz","2014-06-17 19:13:00",24,NA,NA,NA,NA,NA,NA,NA,NA,NA,NA,7,"test",11,"aut","noise","is making sounds on its own","aff","negative","can be in a bad mood sometimes","y",0.5,NA
"3048","3","india","adults","does that mean...?","cb1","R_1GL27K2x77zpyAJ","2014-06-17 20:22:00",5,NA,NA,NA,NA,NA,NA,NA,NA,NA,NA,7,"practice",1,NA,NA,"is purple",NA,NA,"is green","y",0.5,NA
"3049","3","india","adults","does that mean...?","cb1","R_1GL27K2x77zpyAJ","2014-06-17 20:22:00",5,NA,NA,NA,NA,NA,NA,NA,NA,NA,NA,7,"practice",2,NA,NA,"is walking around",NA,NA,"has legs","y",1.5,NA
"3050","3","india","adults","does that mean...?","cb1","R_1GL27K2x77zpyAJ","2014-06-17 20:22:00",5,NA,NA,NA,NA,NA,NA,NA,NA,NA,NA,7,"practice",3,NA,NA,"is made out of paper",NA,NA,"might rip sometime","n",-0.5,NA
"3051","3","india","adults","does that mean...?","cb1","R_1GL27K2x77zpyAJ","2014-06-17 20:22:00",5,NA,NA,NA,NA,NA,NA,NA,NA,NA,NA,7,"test",4,"aff","positive","is in a good mood right now","per","hearing","can hear what's going on around it","y",0.5,NA
"3052","3","india","adults","does that mean...?","cb1","R_1GL27K2x77zpyAJ","2014-06-17 20:22:00",5,NA,NA,NA,NA,NA,NA,NA,NA,NA,NA,7,"test",5,"per","vision","can see me","phy","metal_plastic","is made out of metal","y",1.5,NA
"3053","3","india","adults","does that mean...?","cb1","R_1GL27K2x77zpyAJ","2014-06-17 20:22:00",5,NA,NA,NA,NA,NA,NA,NA,NA,NA,NA,7,"test",6,"phy","glass_clay","is made out of clay","aff","positive","can feel happy sometimes","n",-1.5,NA
"3054","3","india","adults","does that mean...?","cb1","R_1GL27K2x77zpyAJ","2014-06-17 20:22:00",5,NA,NA,NA,NA,NA,NA,NA,NA,NA,NA,7,"test",7,"aut","movement","is moving itself from one side of the box to the other","aut","noise","can make noises all by itself","y",1.5,NA
"3055","3","india","adults","does that mean...?","cb1","R_1GL27K2x77zpyAJ","2014-06-17 20:22:00",5,NA,NA,NA,NA,NA,NA,NA,NA,NA,NA,7,"test",8,"aff","negative","feels sad right now","phy","glass_clay","is made out of glass","y",0.5,NA
"3056","3","india","adults","does that mean...?","cb1","R_1GL27K2x77zpyAJ","2014-06-17 20:22:00",5,NA,NA,NA,NA,NA,NA,NA,NA,NA,NA,7,"test",9,"per","hearing","can hear me","per","vision","can see what the box looks like","n",-1.5,NA
"3057","3","india","adults","does that mean...?","cb1","R_1GL27K2x77zpyAJ","2014-06-17 20:22:00",5,NA,NA,NA,NA,NA,NA,NA,NA,NA,NA,7,"test",10,"phy","metal_plastic","is made out of plastic","aut","movement","can move itself around the box","y",0.5,NA
"3058","3","india","adults","does that mean...?","cb1","R_1GL27K2x77zpyAJ","2014-06-17 20:22:00",5,NA,NA,NA,NA,NA,NA,NA,NA,NA,NA,7,"test",11,"aut","noise","is making sounds on its own","aff","negative","can be in a bad mood sometimes","y",1.5,NA
"3059","3","india","adults","does that mean...?","cb1","R_1Llgy3aBQhV7IQR","2014-06-17 19:28:00",10,NA,NA,NA,NA,NA,NA,NA,NA,"thankyou",NA,7,"practice",1,NA,NA,"is purple",NA,NA,"is green","n",-1.5,NA
"3060","3","india","adults","does that mean...?","cb1","R_1Llgy3aBQhV7IQR","2014-06-17 19:28:00",10,NA,NA,NA,NA,NA,NA,NA,NA,"thankyou",NA,7,"practice",2,NA,NA,"is walking around",NA,NA,"has legs","n",-1.5,NA
"3061","3","india","adults","does that mean...?","cb1","R_1Llgy3aBQhV7IQR","2014-06-17 19:28:00",10,NA,NA,NA,NA,NA,NA,NA,NA,"thankyou",NA,7,"practice",3,NA,NA,"is made out of paper",NA,NA,"might rip sometime","y",1.5,NA
"3062","3","india","adults","does that mean...?","cb1","R_1Llgy3aBQhV7IQR","2014-06-17 19:28:00",10,NA,NA,NA,NA,NA,NA,NA,NA,"thankyou",NA,7,"test",4,"aff","positive","is in a good mood right now","per","hearing","can hear what's going on around it","y",0.5,NA
"3063","3","india","adults","does that mean...?","cb1","R_1Llgy3aBQhV7IQR","2014-06-17 19:28:00",10,NA,NA,NA,NA,NA,NA,NA,NA,"thankyou",NA,7,"test",5,"per","vision","can see me","phy","metal_plastic","is made out of metal","n",-0.5,NA
"3064","3","india","adults","does that mean...?","cb1","R_1Llgy3aBQhV7IQR","2014-06-17 19:28:00",10,NA,NA,NA,NA,NA,NA,NA,NA,"thankyou",NA,7,"test",6,"phy","glass_clay","is made out of clay","aff","positive","can feel happy sometimes","y",1.5,NA
"3065","3","india","adults","does that mean...?","cb1","R_1Llgy3aBQhV7IQR","2014-06-17 19:28:00",10,NA,NA,NA,NA,NA,NA,NA,NA,"thankyou",NA,7,"test",7,"aut","movement","is moving itself from one side of the box to the other","aut","noise","can make noises all by itself","y",0.5,NA
"3066","3","india","adults","does that mean...?","cb1","R_1Llgy3aBQhV7IQR","2014-06-17 19:28:00",10,NA,NA,NA,NA,NA,NA,NA,NA,"thankyou",NA,7,"test",8,"aff","negative","feels sad right now","phy","glass_clay","is made out of glass","n",-1.5,NA
"3067","3","india","adults","does that mean...?","cb1","R_1Llgy3aBQhV7IQR","2014-06-17 19:28:00",10,NA,NA,NA,NA,NA,NA,NA,NA,"thankyou",NA,7,"test",9,"per","hearing","can hear me","per","vision","can see what the box looks like","y",0.5,NA
"3068","3","india","adults","does that mean...?","cb1","R_1Llgy3aBQhV7IQR","2014-06-17 19:28:00",10,NA,NA,NA,NA,NA,NA,NA,NA,"thankyou",NA,7,"test",10,"phy","metal_plastic","is made out of plastic","aut","movement","can move itself around the box","n",-0.5,NA
"3069","3","india","adults","does that mean...?","cb1","R_1Llgy3aBQhV7IQR","2014-06-17 19:28:00",10,NA,NA,NA,NA,NA,NA,NA,NA,"thankyou",NA,7,"test",11,"aut","noise","is making sounds on its own","aff","negative","can be in a bad mood sometimes","y",0.5,NA
"3070","3","india","adults","does that mean...?","cb1","R_3wKYJJRjjH3XFGJ","2014-06-17 19:34:00",8,NA,NA,NA,NA,NA,NA,NA,NA,NA,NA,7,"practice",1,NA,NA,"is purple",NA,NA,"is green","n",-1.5,NA
"3071","3","india","adults","does that mean...?","cb1","R_3wKYJJRjjH3XFGJ","2014-06-17 19:34:00",8,NA,NA,NA,NA,NA,NA,NA,NA,NA,NA,7,"practice",2,NA,NA,"is walking around",NA,NA,"has legs","y",1.5,NA
"3072","3","india","adults","does that mean...?","cb1","R_3wKYJJRjjH3XFGJ","2014-06-17 19:34:00",8,NA,NA,NA,NA,NA,NA,NA,NA,NA,NA,7,"practice",3,NA,NA,"is made out of paper",NA,NA,"might rip sometime","y",0.5,NA
"3073","3","india","adults","does that mean...?","cb1","R_3wKYJJRjjH3XFGJ","2014-06-17 19:34:00",8,NA,NA,NA,NA,NA,NA,NA,NA,NA,NA,7,"test",4,"aff","positive","is in a good mood right now","per","hearing","can hear what's going on around it","y",0.5,NA
"3074","3","india","adults","does that mean...?","cb1","R_3wKYJJRjjH3XFGJ","2014-06-17 19:34:00",8,NA,NA,NA,NA,NA,NA,NA,NA,NA,NA,7,"test",5,"per","vision","can see me","phy","metal_plastic","is made out of metal","n",-1.5,NA
"3075","3","india","adults","does that mean...?","cb1","R_3wKYJJRjjH3XFGJ","2014-06-17 19:34:00",8,NA,NA,NA,NA,NA,NA,NA,NA,NA,NA,7,"test",6,"phy","glass_clay","is made out of clay","aff","positive","can feel happy sometimes","n",-0.5,NA
"3076","3","india","adults","does that mean...?","cb1","R_3wKYJJRjjH3XFGJ","2014-06-17 19:34:00",8,NA,NA,NA,NA,NA,NA,NA,NA,NA,NA,7,"test",7,"aut","movement","is moving itself from one side of the box to the other","aut","noise","can make noises all by itself","y",1.5,NA
"3077","3","india","adults","does that mean...?","cb1","R_3wKYJJRjjH3XFGJ","2014-06-17 19:34:00",8,NA,NA,NA,NA,NA,NA,NA,NA,NA,NA,7,"test",8,"aff","negative","feels sad right now","phy","glass_clay","is made out of glass","n",-1.5,NA
"3078","3","india","adults","does that mean...?","cb1","R_3wKYJJRjjH3XFGJ","2014-06-17 19:34:00",8,NA,NA,NA,NA,NA,NA,NA,NA,NA,NA,7,"test",9,"per","hearing","can hear me","per","vision","can see what the box looks like","n",-0.5,NA
"3079","3","india","adults","does that mean...?","cb1","R_3wKYJJRjjH3XFGJ","2014-06-17 19:34:00",8,NA,NA,NA,NA,NA,NA,NA,NA,NA,NA,7,"test",10,"phy","metal_plastic","is made out of plastic","aut","movement","can move itself around the box","n",-1.5,NA
"3080","3","india","adults","does that mean...?","cb1","R_3wKYJJRjjH3XFGJ","2014-06-17 19:34:00",8,NA,NA,NA,NA,NA,NA,NA,NA,NA,NA,7,"test",11,"aut","noise","is making sounds on its own","aff","negative","can be in a bad mood sometimes","y",1.5,NA
"3081","3","india","adults","does that mean...?","cb1","R_6WO4TfAVU4ea96d","2014-06-17 19:02:00",4,NA,NA,NA,NA,NA,NA,NA,NA,"Nice hit,thanks",NA,7,"practice",1,NA,NA,"is purple",NA,NA,"is green","y",1.5,NA
"3082","3","india","adults","does that mean...?","cb1","R_6WO4TfAVU4ea96d","2014-06-17 19:02:00",4,NA,NA,NA,NA,NA,NA,NA,NA,"Nice hit,thanks",NA,7,"practice",2,NA,NA,"is walking around",NA,NA,"has legs","y",1.5,NA
"3083","3","india","adults","does that mean...?","cb1","R_6WO4TfAVU4ea96d","2014-06-17 19:02:00",4,NA,NA,NA,NA,NA,NA,NA,NA,"Nice hit,thanks",NA,7,"practice",3,NA,NA,"is made out of paper",NA,NA,"might rip sometime","y",1.5,NA
"3084","3","india","adults","does that mean...?","cb1","R_6WO4TfAVU4ea96d","2014-06-17 19:02:00",4,NA,NA,NA,NA,NA,NA,NA,NA,"Nice hit,thanks",NA,7,"test",4,"aff","positive","is in a good mood right now","per","hearing","can hear what's going on around it","y",1.5,NA
"3085","3","india","adults","does that mean...?","cb1","R_6WO4TfAVU4ea96d","2014-06-17 19:02:00",4,NA,NA,NA,NA,NA,NA,NA,NA,"Nice hit,thanks",NA,7,"test",5,"per","vision","can see me","phy","metal_plastic","is made out of metal","y",1.5,NA
"3086","3","india","adults","does that mean...?","cb1","R_6WO4TfAVU4ea96d","2014-06-17 19:02:00",4,NA,NA,NA,NA,NA,NA,NA,NA,"Nice hit,thanks",NA,7,"test",6,"phy","glass_clay","is made out of clay","aff","positive","can feel happy sometimes","n",-0.5,NA
"3087","3","india","adults","does that mean...?","cb1","R_6WO4TfAVU4ea96d","2014-06-17 19:02:00",4,NA,NA,NA,NA,NA,NA,NA,NA,"Nice hit,thanks",NA,7,"test",7,"aut","movement","is moving itself from one side of the box to the other","aut","noise","can make noises all by itself","y",0.5,NA
"3088","3","india","adults","does that mean...?","cb1","R_6WO4TfAVU4ea96d","2014-06-17 19:02:00",4,NA,NA,NA,NA,NA,NA,NA,NA,"Nice hit,thanks",NA,7,"test",8,"aff","negative","feels sad right now","phy","glass_clay","is made out of glass","y",0.5,NA
"3089","3","india","adults","does that mean...?","cb1","R_6WO4TfAVU4ea96d","2014-06-17 19:02:00",4,NA,NA,NA,NA,NA,NA,NA,NA,"Nice hit,thanks",NA,7,"test",9,"per","hearing","can hear me","per","vision","can see what the box looks like","y",0.5,NA
"3090","3","india","adults","does that mean...?","cb1","R_6WO4TfAVU4ea96d","2014-06-17 19:02:00",4,NA,NA,NA,NA,NA,NA,NA,NA,"Nice hit,thanks",NA,7,"test",10,"phy","metal_plastic","is made out of plastic","aut","movement","can move itself around the box","y",0.5,NA
"3091","3","india","adults","does that mean...?","cb1","R_6WO4TfAVU4ea96d","2014-06-17 19:02:00",4,NA,NA,NA,NA,NA,NA,NA,NA,"Nice hit,thanks",NA,7,"test",11,"aut","noise","is making sounds on its own","aff","negative","can be in a bad mood sometimes","y",1.5,NA
"3092","3","india","adults","does that mean...?","cb1","R_6Yz1yBLmOZwMs9T","2014-06-17 19:29:00",7,NA,NA,NA,NA,NA,NA,NA,NA,NA,NA,7,"practice",1,NA,NA,"is purple",NA,NA,"is green","n",-1.5,NA
"3093","3","india","adults","does that mean...?","cb1","R_6Yz1yBLmOZwMs9T","2014-06-17 19:29:00",7,NA,NA,NA,NA,NA,NA,NA,NA,NA,NA,7,"practice",2,NA,NA,"is walking around",NA,NA,"has legs","y",1.5,NA
"3094","3","india","adults","does that mean...?","cb1","R_6Yz1yBLmOZwMs9T","2014-06-17 19:29:00",7,NA,NA,NA,NA,NA,NA,NA,NA,NA,NA,7,"practice",3,NA,NA,"is made out of paper",NA,NA,"might rip sometime","y",0.5,NA
"3095","3","india","adults","does that mean...?","cb1","R_6Yz1yBLmOZwMs9T","2014-06-17 19:29:00",7,NA,NA,NA,NA,NA,NA,NA,NA,NA,NA,7,"test",4,"aff","positive","is in a good mood right now","per","hearing","can hear what's going on around it","y",0.5,NA
"3096","3","india","adults","does that mean...?","cb1","R_6Yz1yBLmOZwMs9T","2014-06-17 19:29:00",7,NA,NA,NA,NA,NA,NA,NA,NA,NA,NA,7,"test",5,"per","vision","can see me","phy","metal_plastic","is made out of metal","n",-1.5,NA
"3097","3","india","adults","does that mean...?","cb1","R_6Yz1yBLmOZwMs9T","2014-06-17 19:29:00",7,NA,NA,NA,NA,NA,NA,NA,NA,NA,NA,7,"test",6,"phy","glass_clay","is made out of clay","aff","positive","can feel happy sometimes","n",-1.5,NA
"3098","3","india","adults","does that mean...?","cb1","R_6Yz1yBLmOZwMs9T","2014-06-17 19:29:00",7,NA,NA,NA,NA,NA,NA,NA,NA,NA,NA,7,"test",7,"aut","movement","is moving itself from one side of the box to the other","aut","noise","can make noises all by itself","n",-0.5,NA
"3099","3","india","adults","does that mean...?","cb1","R_6Yz1yBLmOZwMs9T","2014-06-17 19:29:00",7,NA,NA,NA,NA,NA,NA,NA,NA,NA,NA,7,"test",8,"aff","negative","feels sad right now","phy","glass_clay","is made out of glass","n",-1.5,NA
"3100","3","india","adults","does that mean...?","cb1","R_6Yz1yBLmOZwMs9T","2014-06-17 19:29:00",7,NA,NA,NA,NA,NA,NA,NA,NA,NA,NA,7,"test",9,"per","hearing","can hear me","per","vision","can see what the box looks like","y",1.5,NA
"3101","3","india","adults","does that mean...?","cb1","R_6Yz1yBLmOZwMs9T","2014-06-17 19:29:00",7,NA,NA,NA,NA,NA,NA,NA,NA,NA,NA,7,"test",10,"phy","metal_plastic","is made out of plastic","aut","movement","can move itself around the box","n",-1.5,NA
"3102","3","india","adults","does that mean...?","cb1","R_6Yz1yBLmOZwMs9T","2014-06-17 19:29:00",7,NA,NA,NA,NA,NA,NA,NA,NA,NA,NA,7,"test",11,"aut","noise","is making sounds on its own","aff","negative","can be in a bad mood sometimes","y",1.5,NA
"3103","3","india","adults","does that mean...?","cb1","R_71BVATw1CABXe05","2014-06-17 19:43:00",4,NA,NA,NA,NA,NA,NA,NA,NA,NA,NA,7,"practice",1,NA,NA,"is purple",NA,NA,"is green","y",0.5,NA
"3104","3","india","adults","does that mean...?","cb1","R_71BVATw1CABXe05","2014-06-17 19:43:00",4,NA,NA,NA,NA,NA,NA,NA,NA,NA,NA,7,"practice",2,NA,NA,"is walking around",NA,NA,"has legs","y",1.5,NA
"3105","3","india","adults","does that mean...?","cb1","R_71BVATw1CABXe05","2014-06-17 19:43:00",4,NA,NA,NA,NA,NA,NA,NA,NA,NA,NA,7,"practice",3,NA,NA,"is made out of paper",NA,NA,"might rip sometime","y",1.5,NA
"3106","3","india","adults","does that mean...?","cb1","R_71BVATw1CABXe05","2014-06-17 19:43:00",4,NA,NA,NA,NA,NA,NA,NA,NA,NA,NA,7,"test",4,"aff","positive","is in a good mood right now","per","hearing","can hear what's going on around it","y",0.5,NA
"3107","3","india","adults","does that mean...?","cb1","R_71BVATw1CABXe05","2014-06-17 19:43:00",4,NA,NA,NA,NA,NA,NA,NA,NA,NA,NA,7,"test",5,"per","vision","can see me","phy","metal_plastic","is made out of metal","n",-1.5,NA
"3108","3","india","adults","does that mean...?","cb1","R_71BVATw1CABXe05","2014-06-17 19:43:00",4,NA,NA,NA,NA,NA,NA,NA,NA,NA,NA,7,"test",6,"phy","glass_clay","is made out of clay","aff","positive","can feel happy sometimes","n",-1.5,NA
"3109","3","india","adults","does that mean...?","cb1","R_71BVATw1CABXe05","2014-06-17 19:43:00",4,NA,NA,NA,NA,NA,NA,NA,NA,NA,NA,7,"test",7,"aut","movement","is moving itself from one side of the box to the other","aut","noise","can make noises all by itself","y",0.5,NA
"3110","3","india","adults","does that mean...?","cb1","R_71BVATw1CABXe05","2014-06-17 19:43:00",4,NA,NA,NA,NA,NA,NA,NA,NA,NA,NA,7,"test",8,"aff","negative","feels sad right now","phy","glass_clay","is made out of glass","n",-1.5,NA
"3111","3","india","adults","does that mean...?","cb1","R_71BVATw1CABXe05","2014-06-17 19:43:00",4,NA,NA,NA,NA,NA,NA,NA,NA,NA,NA,7,"test",9,"per","hearing","can hear me","per","vision","can see what the box looks like","y",0.5,NA
"3112","3","india","adults","does that mean...?","cb1","R_71BVATw1CABXe05","2014-06-17 19:43:00",4,NA,NA,NA,NA,NA,NA,NA,NA,NA,NA,7,"test",10,"phy","metal_plastic","is made out of plastic","aut","movement","can move itself around the box","n",-1.5,NA
"3113","3","india","adults","does that mean...?","cb1","R_71BVATw1CABXe05","2014-06-17 19:43:00",4,NA,NA,NA,NA,NA,NA,NA,NA,NA,NA,7,"test",11,"aut","noise","is making sounds on its own","aff","negative","can be in a bad mood sometimes","y",0.5,NA
"3114","3","india","adults","does that mean...?","cb1","R_9oWT0fWxXnHgGVL","2014-06-17 19:21:00",2,NA,NA,NA,NA,NA,NA,NA,NA,"thank you so much for your survey hope you will approve my hit than you",NA,7,"practice",1,NA,NA,"is purple",NA,NA,"is green","y",0.5,NA
"3115","3","india","adults","does that mean...?","cb1","R_9oWT0fWxXnHgGVL","2014-06-17 19:21:00",2,NA,NA,NA,NA,NA,NA,NA,NA,"thank you so much for your survey hope you will approve my hit than you",NA,7,"practice",2,NA,NA,"is walking around",NA,NA,"has legs","n",-0.5,NA
"3116","3","india","adults","does that mean...?","cb1","R_9oWT0fWxXnHgGVL","2014-06-17 19:21:00",2,NA,NA,NA,NA,NA,NA,NA,NA,"thank you so much for your survey hope you will approve my hit than you",NA,7,"practice",3,NA,NA,"is made out of paper",NA,NA,"might rip sometime","n",-1.5,NA
"3117","3","india","adults","does that mean...?","cb1","R_9oWT0fWxXnHgGVL","2014-06-17 19:21:00",2,NA,NA,NA,NA,NA,NA,NA,NA,"thank you so much for your survey hope you will approve my hit than you",NA,7,"test",4,"aff","positive","is in a good mood right now","per","hearing","can hear what's going on around it","y",0.5,NA
"3118","3","india","adults","does that mean...?","cb1","R_9oWT0fWxXnHgGVL","2014-06-17 19:21:00",2,NA,NA,NA,NA,NA,NA,NA,NA,"thank you so much for your survey hope you will approve my hit than you",NA,7,"test",5,"per","vision","can see me","phy","metal_plastic","is made out of metal","y",1.5,NA
"3119","3","india","adults","does that mean...?","cb1","R_9oWT0fWxXnHgGVL","2014-06-17 19:21:00",2,NA,NA,NA,NA,NA,NA,NA,NA,"thank you so much for your survey hope you will approve my hit than you",NA,7,"test",6,"phy","glass_clay","is made out of clay","aff","positive","can feel happy sometimes","n",-0.5,NA
"3120","3","india","adults","does that mean...?","cb1","R_9oWT0fWxXnHgGVL","2014-06-17 19:21:00",2,NA,NA,NA,NA,NA,NA,NA,NA,"thank you so much for your survey hope you will approve my hit than you",NA,7,"test",7,"aut","movement","is moving itself from one side of the box to the other","aut","noise","can make noises all by itself","n",-0.5,NA
"3121","3","india","adults","does that mean...?","cb1","R_9oWT0fWxXnHgGVL","2014-06-17 19:21:00",2,NA,NA,NA,NA,NA,NA,NA,NA,"thank you so much for your survey hope you will approve my hit than you",NA,7,"test",8,"aff","negative","feels sad right now","phy","glass_clay","is made out of glass","n",-0.5,NA
"3122","3","india","adults","does that mean...?","cb1","R_9oWT0fWxXnHgGVL","2014-06-17 19:21:00",2,NA,NA,NA,NA,NA,NA,NA,NA,"thank you so much for your survey hope you will approve my hit than you",NA,7,"test",9,"per","hearing","can hear me","per","vision","can see what the box looks like","y",0.5,NA
"3123","3","india","adults","does that mean...?","cb1","R_9oWT0fWxXnHgGVL","2014-06-17 19:21:00",2,NA,NA,NA,NA,NA,NA,NA,NA,"thank you so much for your survey hope you will approve my hit than you",NA,7,"test",10,"phy","metal_plastic","is made out of plastic","aut","movement","can move itself around the box","n",-0.5,NA
"3124","3","india","adults","does that mean...?","cb1","R_9oWT0fWxXnHgGVL","2014-06-17 19:21:00",2,NA,NA,NA,NA,NA,NA,NA,NA,"thank you so much for your survey hope you will approve my hit than you",NA,7,"test",11,"aut","noise","is making sounds on its own","aff","negative","can be in a bad mood sometimes","n",-0.5,NA
"3125","3","india","adults","does that mean...?","cb1","R_bsIDhwTPJ473u8R","2014-06-17 20:41:00",5,NA,NA,NA,NA,NA,NA,NA,NA,"Nice design of questions...",NA,7,"practice",1,NA,NA,"is purple",NA,NA,"is green","n",-1.5,NA
"3126","3","india","adults","does that mean...?","cb1","R_bsIDhwTPJ473u8R","2014-06-17 20:41:00",5,NA,NA,NA,NA,NA,NA,NA,NA,"Nice design of questions...",NA,7,"practice",2,NA,NA,"is walking around",NA,NA,"has legs","y",1.5,NA
"3127","3","india","adults","does that mean...?","cb1","R_bsIDhwTPJ473u8R","2014-06-17 20:41:00",5,NA,NA,NA,NA,NA,NA,NA,NA,"Nice design of questions...",NA,7,"practice",3,NA,NA,"is made out of paper",NA,NA,"might rip sometime","y",0.5,NA
"3128","3","india","adults","does that mean...?","cb1","R_bsIDhwTPJ473u8R","2014-06-17 20:41:00",5,NA,NA,NA,NA,NA,NA,NA,NA,"Nice design of questions...",NA,7,"test",4,"aff","positive","is in a good mood right now","per","hearing","can hear what's going on around it","n",-0.5,NA
"3129","3","india","adults","does that mean...?","cb1","R_bsIDhwTPJ473u8R","2014-06-17 20:41:00",5,NA,NA,NA,NA,NA,NA,NA,NA,"Nice design of questions...",NA,7,"test",5,"per","vision","can see me","phy","metal_plastic","is made out of metal","n",-1.5,NA
"3130","3","india","adults","does that mean...?","cb1","R_bsIDhwTPJ473u8R","2014-06-17 20:41:00",5,NA,NA,NA,NA,NA,NA,NA,NA,"Nice design of questions...",NA,7,"test",6,"phy","glass_clay","is made out of clay","aff","positive","can feel happy sometimes","y",1.5,NA
"3131","3","india","adults","does that mean...?","cb1","R_bsIDhwTPJ473u8R","2014-06-17 20:41:00",5,NA,NA,NA,NA,NA,NA,NA,NA,"Nice design of questions...",NA,7,"test",7,"aut","movement","is moving itself from one side of the box to the other","aut","noise","can make noises all by itself","y",0.5,NA
"3132","3","india","adults","does that mean...?","cb1","R_bsIDhwTPJ473u8R","2014-06-17 20:41:00",5,NA,NA,NA,NA,NA,NA,NA,NA,"Nice design of questions...",NA,7,"test",8,"aff","negative","feels sad right now","phy","glass_clay","is made out of glass","n",-1.5,NA
"3133","3","india","adults","does that mean...?","cb1","R_bsIDhwTPJ473u8R","2014-06-17 20:41:00",5,NA,NA,NA,NA,NA,NA,NA,NA,"Nice design of questions...",NA,7,"test",9,"per","hearing","can hear me","per","vision","can see what the box looks like","y",0.5,NA
"3134","3","india","adults","does that mean...?","cb1","R_bsIDhwTPJ473u8R","2014-06-17 20:41:00",5,NA,NA,NA,NA,NA,NA,NA,NA,"Nice design of questions...",NA,7,"test",10,"phy","metal_plastic","is made out of plastic","aut","movement","can move itself around the box","n",-1.5,NA
"3135","3","india","adults","does that mean...?","cb1","R_bsIDhwTPJ473u8R","2014-06-17 20:41:00",5,NA,NA,NA,NA,NA,NA,NA,NA,"Nice design of questions...",NA,7,"test",11,"aut","noise","is making sounds on its own","aff","negative","can be in a bad mood sometimes","y",0.5,NA
"3136","3","india","adults","does that mean...?","cb1","R_e3YRBCQyvI33in3","2014-06-17 19:48:00",3,NA,NA,NA,NA,NA,NA,NA,NA,NA,NA,7,"practice",1,NA,NA,"is purple",NA,NA,"is green","n",-1.5,NA
"3137","3","india","adults","does that mean...?","cb1","R_e3YRBCQyvI33in3","2014-06-17 19:48:00",3,NA,NA,NA,NA,NA,NA,NA,NA,NA,NA,7,"practice",2,NA,NA,"is walking around",NA,NA,"has legs","y",1.5,NA
"3138","3","india","adults","does that mean...?","cb1","R_e3YRBCQyvI33in3","2014-06-17 19:48:00",3,NA,NA,NA,NA,NA,NA,NA,NA,NA,NA,7,"practice",3,NA,NA,"is made out of paper",NA,NA,"might rip sometime","y",1.5,NA
"3139","3","india","adults","does that mean...?","cb1","R_e3YRBCQyvI33in3","2014-06-17 19:48:00",3,NA,NA,NA,NA,NA,NA,NA,NA,NA,NA,7,"test",4,"aff","positive","is in a good mood right now","per","hearing","can hear what's going on around it","y",1.5,NA
"3140","3","india","adults","does that mean...?","cb1","R_e3YRBCQyvI33in3","2014-06-17 19:48:00",3,NA,NA,NA,NA,NA,NA,NA,NA,NA,NA,7,"test",5,"per","vision","can see me","phy","metal_plastic","is made out of metal","n",-1.5,NA
"3141","3","india","adults","does that mean...?","cb1","R_e3YRBCQyvI33in3","2014-06-17 19:48:00",3,NA,NA,NA,NA,NA,NA,NA,NA,NA,NA,7,"test",6,"phy","glass_clay","is made out of clay","aff","positive","can feel happy sometimes","n",-1.5,NA
"3142","3","india","adults","does that mean...?","cb1","R_e3YRBCQyvI33in3","2014-06-17 19:48:00",3,NA,NA,NA,NA,NA,NA,NA,NA,NA,NA,7,"test",7,"aut","movement","is moving itself from one side of the box to the other","aut","noise","can make noises all by itself","y",0.5,NA
"3143","3","india","adults","does that mean...?","cb1","R_e3YRBCQyvI33in3","2014-06-17 19:48:00",3,NA,NA,NA,NA,NA,NA,NA,NA,NA,NA,7,"test",8,"aff","negative","feels sad right now","phy","glass_clay","is made out of glass","n",-1.5,NA
"3144","3","india","adults","does that mean...?","cb1","R_e3YRBCQyvI33in3","2014-06-17 19:48:00",3,NA,NA,NA,NA,NA,NA,NA,NA,NA,NA,7,"test",9,"per","hearing","can hear me","per","vision","can see what the box looks like","y",0.5,NA
"3145","3","india","adults","does that mean...?","cb1","R_e3YRBCQyvI33in3","2014-06-17 19:48:00",3,NA,NA,NA,NA,NA,NA,NA,NA,NA,NA,7,"test",10,"phy","metal_plastic","is made out of plastic","aut","movement","can move itself around the box","y",0.5,NA
"3146","3","india","adults","does that mean...?","cb1","R_e3YRBCQyvI33in3","2014-06-17 19:48:00",3,NA,NA,NA,NA,NA,NA,NA,NA,NA,NA,7,"test",11,"aut","noise","is making sounds on its own","aff","negative","can be in a bad mood sometimes","y",0.5,NA
"3147","3","india","adults","does that mean...?","cb1","R_0IiJu2S5o14sTeR","2014-06-17 20:41:00",5,NA,NA,NA,NA,NA,NA,NA,NA,"Good",NA,8,"practice",1,NA,NA,"is purple",NA,NA,"is green","n",-1.5,NA
"3148","3","india","adults","does that mean...?","cb1","R_0IiJu2S5o14sTeR","2014-06-17 20:41:00",5,NA,NA,NA,NA,NA,NA,NA,NA,"Good",NA,8,"practice",2,NA,NA,"is walking around",NA,NA,"has legs","y",1.5,NA
"3149","3","india","adults","does that mean...?","cb1","R_0IiJu2S5o14sTeR","2014-06-17 20:41:00",5,NA,NA,NA,NA,NA,NA,NA,NA,"Good",NA,8,"practice",3,NA,NA,"is made out of paper",NA,NA,"might rip sometime","n",-1.5,NA
"3150","3","india","adults","does that mean...?","cb1","R_0IiJu2S5o14sTeR","2014-06-17 20:41:00",5,NA,NA,NA,NA,NA,NA,NA,NA,"Good",NA,8,"test",4,"aut","movement","is moving itself around the box","aff","negative","can feel sad sometimes","y",0.5,NA
"3151","3","india","adults","does that mean...?","cb1","R_0IiJu2S5o14sTeR","2014-06-17 20:41:00",5,NA,NA,NA,NA,NA,NA,NA,NA,"Good",NA,8,"test",5,"phy","glass_clay","is made out of glass","aut","noise","can make noises all by itself","y",0.5,NA
"3152","3","india","adults","does that mean...?","cb1","R_0IiJu2S5o14sTeR","2014-06-17 20:41:00",5,NA,NA,NA,NA,NA,NA,NA,NA,"Good",NA,8,"test",6,"per","hearing","can hear what's going on around it","per","vision","can see me","y",0.5,NA
"3153","3","india","adults","does that mean...?","cb1","R_0IiJu2S5o14sTeR","2014-06-17 20:41:00",5,NA,NA,NA,NA,NA,NA,NA,NA,"Good",NA,8,"test",7,"aff","positive","feels happy right now","phy","metal_plastic","is made out of plastic","n",-1.5,NA
"3154","3","india","adults","does that mean...?","cb1","R_0IiJu2S5o14sTeR","2014-06-17 20:41:00",5,NA,NA,NA,NA,NA,NA,NA,NA,"Good",NA,8,"test",8,"aut","noise","is making sounds on its own","aut","movement","can move itself from one side of the box to the other","y",0.5,NA
"3155","3","india","adults","does that mean...?","cb1","R_0IiJu2S5o14sTeR","2014-06-17 20:41:00",5,NA,NA,NA,NA,NA,NA,NA,NA,"Good",NA,8,"test",9,"phy","metal_plastic","is made out of metal","aff","positive","can be in a good mood sometimes","n",-0.5,NA
"3156","3","india","adults","does that mean...?","cb1","R_0IiJu2S5o14sTeR","2014-06-17 20:41:00",5,NA,NA,NA,NA,NA,NA,NA,NA,"Good",NA,8,"test",10,"per","vision","can see what the box looks like","phy","glass_clay","is made out of clay","y",1.5,NA
"3157","3","india","adults","does that mean...?","cb1","R_0IiJu2S5o14sTeR","2014-06-17 20:41:00",5,NA,NA,NA,NA,NA,NA,NA,NA,"Good",NA,8,"test",11,"aff","negative","is in a bad mood right now","per","hearing","can hear me","y",0.5,NA
"3158","3","india","adults","does that mean...?","cb1","R_0jPxVqIa3bqZSWV","2014-06-17 19:11:00",18,NA,NA,NA,NA,NA,NA,NA,NA,NA,NA,8,"practice",1,NA,NA,"is purple",NA,NA,"is green","n",-1.5,NA
"3159","3","india","adults","does that mean...?","cb1","R_0jPxVqIa3bqZSWV","2014-06-17 19:11:00",18,NA,NA,NA,NA,NA,NA,NA,NA,NA,NA,8,"practice",2,NA,NA,"is walking around",NA,NA,"has legs","y",0.5,NA
"3160","3","india","adults","does that mean...?","cb1","R_0jPxVqIa3bqZSWV","2014-06-17 19:11:00",18,NA,NA,NA,NA,NA,NA,NA,NA,NA,NA,8,"practice",3,NA,NA,"is made out of paper",NA,NA,"might rip sometime","y",1.5,NA
"3161","3","india","adults","does that mean...?","cb1","R_0jPxVqIa3bqZSWV","2014-06-17 19:11:00",18,NA,NA,NA,NA,NA,NA,NA,NA,NA,NA,8,"test",4,"aut","movement","is moving itself around the box","aff","negative","can feel sad sometimes","n",-0.5,NA
"3162","3","india","adults","does that mean...?","cb1","R_0jPxVqIa3bqZSWV","2014-06-17 19:11:00",18,NA,NA,NA,NA,NA,NA,NA,NA,NA,NA,8,"test",5,"phy","glass_clay","is made out of glass","aut","noise","can make noises all by itself","n",-1.5,NA
"3163","3","india","adults","does that mean...?","cb1","R_0jPxVqIa3bqZSWV","2014-06-17 19:11:00",18,NA,NA,NA,NA,NA,NA,NA,NA,NA,NA,8,"test",6,"per","hearing","can hear what's going on around it","per","vision","can see me","y",0.5,NA
"3164","3","india","adults","does that mean...?","cb1","R_0jPxVqIa3bqZSWV","2014-06-17 19:11:00",18,NA,NA,NA,NA,NA,NA,NA,NA,NA,NA,8,"test",7,"aff","positive","feels happy right now","phy","metal_plastic","is made out of plastic","n",-1.5,NA
"3165","3","india","adults","does that mean...?","cb1","R_0jPxVqIa3bqZSWV","2014-06-17 19:11:00",18,NA,NA,NA,NA,NA,NA,NA,NA,NA,NA,8,"test",8,"aut","noise","is making sounds on its own","aut","movement","can move itself from one side of the box to the other","y",1.5,NA
"3166","3","india","adults","does that mean...?","cb1","R_0jPxVqIa3bqZSWV","2014-06-17 19:11:00",18,NA,NA,NA,NA,NA,NA,NA,NA,NA,NA,8,"test",9,"phy","metal_plastic","is made out of metal","aff","positive","can be in a good mood sometimes","n",-1.5,NA
"3167","3","india","adults","does that mean...?","cb1","R_0jPxVqIa3bqZSWV","2014-06-17 19:11:00",18,NA,NA,NA,NA,NA,NA,NA,NA,NA,NA,8,"test",10,"per","vision","can see what the box looks like","phy","glass_clay","is made out of clay","n",-1.5,NA
"3168","3","india","adults","does that mean...?","cb1","R_0jPxVqIa3bqZSWV","2014-06-17 19:11:00",18,NA,NA,NA,NA,NA,NA,NA,NA,NA,NA,8,"test",11,"aff","negative","is in a bad mood right now","per","hearing","can hear me","y",0.5,NA
"3169","3","india","adults","does that mean...?","cb1","R_3aTS5Td067yyDEV","2014-06-17 19:11:00",6,NA,NA,NA,NA,NA,NA,NA,NA,NA,NA,8,"practice",1,NA,NA,"is purple",NA,NA,"is green","n",-1.5,NA
"3170","3","india","adults","does that mean...?","cb1","R_3aTS5Td067yyDEV","2014-06-17 19:11:00",6,NA,NA,NA,NA,NA,NA,NA,NA,NA,NA,8,"practice",2,NA,NA,"is walking around",NA,NA,"has legs","y",1.5,NA
"3171","3","india","adults","does that mean...?","cb1","R_3aTS5Td067yyDEV","2014-06-17 19:11:00",6,NA,NA,NA,NA,NA,NA,NA,NA,NA,NA,8,"practice",3,NA,NA,"is made out of paper",NA,NA,"might rip sometime","y",0.5,NA
"3172","3","india","adults","does that mean...?","cb1","R_3aTS5Td067yyDEV","2014-06-17 19:11:00",6,NA,NA,NA,NA,NA,NA,NA,NA,NA,NA,8,"test",4,"aut","movement","is moving itself around the box","aff","negative","can feel sad sometimes","n",-0.5,NA
"3173","3","india","adults","does that mean...?","cb1","R_3aTS5Td067yyDEV","2014-06-17 19:11:00",6,NA,NA,NA,NA,NA,NA,NA,NA,NA,NA,8,"test",5,"phy","glass_clay","is made out of glass","aut","noise","can make noises all by itself","y",0.5,NA
"3174","3","india","adults","does that mean...?","cb1","R_3aTS5Td067yyDEV","2014-06-17 19:11:00",6,NA,NA,NA,NA,NA,NA,NA,NA,NA,NA,8,"test",6,"per","hearing","can hear what's going on around it","per","vision","can see me","n",-0.5,NA
"3175","3","india","adults","does that mean...?","cb1","R_3aTS5Td067yyDEV","2014-06-17 19:11:00",6,NA,NA,NA,NA,NA,NA,NA,NA,NA,NA,8,"test",7,"aff","positive","feels happy right now","phy","metal_plastic","is made out of plastic","n",-0.5,NA
"3176","3","india","adults","does that mean...?","cb1","R_3aTS5Td067yyDEV","2014-06-17 19:11:00",6,NA,NA,NA,NA,NA,NA,NA,NA,NA,NA,8,"test",8,"aut","noise","is making sounds on its own","aut","movement","can move itself from one side of the box to the other","y",0.5,NA
"3177","3","india","adults","does that mean...?","cb1","R_3aTS5Td067yyDEV","2014-06-17 19:11:00",6,NA,NA,NA,NA,NA,NA,NA,NA,NA,NA,8,"test",9,"phy","metal_plastic","is made out of metal","aff","positive","can be in a good mood sometimes","y",0.5,NA
"3178","3","india","adults","does that mean...?","cb1","R_3aTS5Td067yyDEV","2014-06-17 19:11:00",6,NA,NA,NA,NA,NA,NA,NA,NA,NA,NA,8,"test",10,"per","vision","can see what the box looks like","phy","glass_clay","is made out of clay","n",-0.5,NA
"3179","3","india","adults","does that mean...?","cb1","R_3aTS5Td067yyDEV","2014-06-17 19:11:00",6,NA,NA,NA,NA,NA,NA,NA,NA,NA,NA,8,"test",11,"aff","negative","is in a bad mood right now","per","hearing","can hear me","n",-0.5,NA
"3180","3","india","adults","does that mean...?","cb1","R_3kN3GE3FcdOUcAd","2014-06-17 19:29:00",5,NA,NA,NA,NA,NA,NA,NA,NA,NA,NA,8,"practice",1,NA,NA,"is purple",NA,NA,"is green","n",-1.5,NA
"3181","3","india","adults","does that mean...?","cb1","R_3kN3GE3FcdOUcAd","2014-06-17 19:29:00",5,NA,NA,NA,NA,NA,NA,NA,NA,NA,NA,8,"practice",2,NA,NA,"is walking around",NA,NA,"has legs","n",-0.5,NA
"3182","3","india","adults","does that mean...?","cb1","R_3kN3GE3FcdOUcAd","2014-06-17 19:29:00",5,NA,NA,NA,NA,NA,NA,NA,NA,NA,NA,8,"practice",3,NA,NA,"is made out of paper",NA,NA,"might rip sometime","y",0.5,NA
"3183","3","india","adults","does that mean...?","cb1","R_3kN3GE3FcdOUcAd","2014-06-17 19:29:00",5,NA,NA,NA,NA,NA,NA,NA,NA,NA,NA,8,"test",4,"aut","movement","is moving itself around the box","aff","negative","can feel sad sometimes","n",-0.5,NA
"3184","3","india","adults","does that mean...?","cb1","R_3kN3GE3FcdOUcAd","2014-06-17 19:29:00",5,NA,NA,NA,NA,NA,NA,NA,NA,NA,NA,8,"test",5,"phy","glass_clay","is made out of glass","aut","noise","can make noises all by itself","n",-1.5,NA
"3185","3","india","adults","does that mean...?","cb1","R_3kN3GE3FcdOUcAd","2014-06-17 19:29:00",5,NA,NA,NA,NA,NA,NA,NA,NA,NA,NA,8,"test",6,"per","hearing","can hear what's going on around it","per","vision","can see me","y",1.5,NA
"3186","3","india","adults","does that mean...?","cb1","R_3kN3GE3FcdOUcAd","2014-06-17 19:29:00",5,NA,NA,NA,NA,NA,NA,NA,NA,NA,NA,8,"test",7,"aff","positive","feels happy right now","phy","metal_plastic","is made out of plastic","n",-1.5,NA
"3187","3","india","adults","does that mean...?","cb1","R_3kN3GE3FcdOUcAd","2014-06-17 19:29:00",5,NA,NA,NA,NA,NA,NA,NA,NA,NA,NA,8,"test",8,"aut","noise","is making sounds on its own","aut","movement","can move itself from one side of the box to the other","y",0.5,NA
"3188","3","india","adults","does that mean...?","cb1","R_3kN3GE3FcdOUcAd","2014-06-17 19:29:00",5,NA,NA,NA,NA,NA,NA,NA,NA,NA,NA,8,"test",9,"phy","metal_plastic","is made out of metal","aff","positive","can be in a good mood sometimes","y",0.5,NA
"3189","3","india","adults","does that mean...?","cb1","R_3kN3GE3FcdOUcAd","2014-06-17 19:29:00",5,NA,NA,NA,NA,NA,NA,NA,NA,NA,NA,8,"test",10,"per","vision","can see what the box looks like","phy","glass_clay","is made out of clay","y",1.5,NA
"3190","3","india","adults","does that mean...?","cb1","R_3kN3GE3FcdOUcAd","2014-06-17 19:29:00",5,NA,NA,NA,NA,NA,NA,NA,NA,NA,NA,8,"test",11,"aff","negative","is in a bad mood right now","per","hearing","can hear me","n",-1.5,NA
"3191","3","india","adults","does that mean...?","cb1","R_6fnuoACI5FOKpZX","2014-06-17 19:07:00",5,NA,NA,NA,NA,NA,NA,NA,NA,NA,NA,8,"practice",1,NA,NA,"is purple",NA,NA,"is green","n",-1.5,NA
"3192","3","india","adults","does that mean...?","cb1","R_6fnuoACI5FOKpZX","2014-06-17 19:07:00",5,NA,NA,NA,NA,NA,NA,NA,NA,NA,NA,8,"practice",2,NA,NA,"is walking around",NA,NA,"has legs","y",0.5,NA
"3193","3","india","adults","does that mean...?","cb1","R_6fnuoACI5FOKpZX","2014-06-17 19:07:00",5,NA,NA,NA,NA,NA,NA,NA,NA,NA,NA,8,"practice",3,NA,NA,"is made out of paper",NA,NA,"might rip sometime","y",0.5,NA
"3194","3","india","adults","does that mean...?","cb1","R_6fnuoACI5FOKpZX","2014-06-17 19:07:00",5,NA,NA,NA,NA,NA,NA,NA,NA,NA,NA,8,"test",4,"aut","movement","is moving itself around the box","aff","negative","can feel sad sometimes","y",0.5,NA
"3195","3","india","adults","does that mean...?","cb1","R_6fnuoACI5FOKpZX","2014-06-17 19:07:00",5,NA,NA,NA,NA,NA,NA,NA,NA,NA,NA,8,"test",5,"phy","glass_clay","is made out of glass","aut","noise","can make noises all by itself","y",0.5,NA
"3196","3","india","adults","does that mean...?","cb1","R_6fnuoACI5FOKpZX","2014-06-17 19:07:00",5,NA,NA,NA,NA,NA,NA,NA,NA,NA,NA,8,"test",6,"per","hearing","can hear what's going on around it","per","vision","can see me","y",0.5,NA
"3197","3","india","adults","does that mean...?","cb1","R_6fnuoACI5FOKpZX","2014-06-17 19:07:00",5,NA,NA,NA,NA,NA,NA,NA,NA,NA,NA,8,"test",7,"aff","positive","feels happy right now","phy","metal_plastic","is made out of plastic","n",-0.5,NA
"3198","3","india","adults","does that mean...?","cb1","R_6fnuoACI5FOKpZX","2014-06-17 19:07:00",5,NA,NA,NA,NA,NA,NA,NA,NA,NA,NA,8,"test",8,"aut","noise","is making sounds on its own","aut","movement","can move itself from one side of the box to the other","n",-0.5,NA
"3199","3","india","adults","does that mean...?","cb1","R_6fnuoACI5FOKpZX","2014-06-17 19:07:00",5,NA,NA,NA,NA,NA,NA,NA,NA,NA,NA,8,"test",9,"phy","metal_plastic","is made out of metal","aff","positive","can be in a good mood sometimes","n",-1.5,NA
"3200","3","india","adults","does that mean...?","cb1","R_6fnuoACI5FOKpZX","2014-06-17 19:07:00",5,NA,NA,NA,NA,NA,NA,NA,NA,NA,NA,8,"test",10,"per","vision","can see what the box looks like","phy","glass_clay","is made out of clay","y",0.5,NA
"3201","3","india","adults","does that mean...?","cb1","R_6fnuoACI5FOKpZX","2014-06-17 19:07:00",5,NA,NA,NA,NA,NA,NA,NA,NA,NA,NA,8,"test",11,"aff","negative","is in a bad mood right now","per","hearing","can hear me","y",0.5,NA
"3202","3","india","adults","does that mean...?","cb1","R_6JX0HBOVpiexXVz","2014-06-17 18:55:00",6,NA,NA,NA,NA,NA,NA,NA,NA,"Thanks.",NA,8,"practice",1,NA,NA,"is purple",NA,NA,"is green","y",1.5,NA
"3203","3","india","adults","does that mean...?","cb1","R_6JX0HBOVpiexXVz","2014-06-17 18:55:00",6,NA,NA,NA,NA,NA,NA,NA,NA,"Thanks.",NA,8,"practice",2,NA,NA,"is walking around",NA,NA,"has legs","y",1.5,NA
"3204","3","india","adults","does that mean...?","cb1","R_6JX0HBOVpiexXVz","2014-06-17 18:55:00",6,NA,NA,NA,NA,NA,NA,NA,NA,"Thanks.",NA,8,"practice",3,NA,NA,"is made out of paper",NA,NA,"might rip sometime","y",0.5,NA
"3205","3","india","adults","does that mean...?","cb1","R_6JX0HBOVpiexXVz","2014-06-17 18:55:00",6,NA,NA,NA,NA,NA,NA,NA,NA,"Thanks.",NA,8,"test",4,"aut","movement","is moving itself around the box","aff","negative","can feel sad sometimes","y",1.5,NA
"3206","3","india","adults","does that mean...?","cb1","R_6JX0HBOVpiexXVz","2014-06-17 18:55:00",6,NA,NA,NA,NA,NA,NA,NA,NA,"Thanks.",NA,8,"test",5,"phy","glass_clay","is made out of glass","aut","noise","can make noises all by itself","n",-1.5,NA
"3207","3","india","adults","does that mean...?","cb1","R_6JX0HBOVpiexXVz","2014-06-17 18:55:00",6,NA,NA,NA,NA,NA,NA,NA,NA,"Thanks.",NA,8,"test",6,"per","hearing","can hear what's going on around it","per","vision","can see me","y",0.5,NA
"3208","3","india","adults","does that mean...?","cb1","R_6JX0HBOVpiexXVz","2014-06-17 18:55:00",6,NA,NA,NA,NA,NA,NA,NA,NA,"Thanks.",NA,8,"test",7,"aff","positive","feels happy right now","phy","metal_plastic","is made out of plastic","y",1.5,NA
"3209","3","india","adults","does that mean...?","cb1","R_6JX0HBOVpiexXVz","2014-06-17 18:55:00",6,NA,NA,NA,NA,NA,NA,NA,NA,"Thanks.",NA,8,"test",8,"aut","noise","is making sounds on its own","aut","movement","can move itself from one side of the box to the other","y",0.5,NA
"3210","3","india","adults","does that mean...?","cb1","R_6JX0HBOVpiexXVz","2014-06-17 18:55:00",6,NA,NA,NA,NA,NA,NA,NA,NA,"Thanks.",NA,8,"test",9,"phy","metal_plastic","is made out of metal","aff","positive","can be in a good mood sometimes","y",0.5,NA
"3211","3","india","adults","does that mean...?","cb1","R_6JX0HBOVpiexXVz","2014-06-17 18:55:00",6,NA,NA,NA,NA,NA,NA,NA,NA,"Thanks.",NA,8,"test",10,"per","vision","can see what the box looks like","phy","glass_clay","is made out of clay","y",1.5,NA
"3212","3","india","adults","does that mean...?","cb1","R_6JX0HBOVpiexXVz","2014-06-17 18:55:00",6,NA,NA,NA,NA,NA,NA,NA,NA,"Thanks.",NA,8,"test",11,"aff","negative","is in a bad mood right now","per","hearing","can hear me","y",1.5,NA
"3213","3","india","adults","does that mean...?","cb1","R_8H9hbhuTs0DwZ5r","2014-06-17 19:03:00",2,NA,NA,NA,NA,NA,NA,NA,NA,NA,NA,8,"practice",1,NA,NA,"is purple",NA,NA,"is green","y",0.5,NA
"3214","3","india","adults","does that mean...?","cb1","R_8H9hbhuTs0DwZ5r","2014-06-17 19:03:00",2,NA,NA,NA,NA,NA,NA,NA,NA,NA,NA,8,"practice",2,NA,NA,"is walking around",NA,NA,"has legs","n",-0.5,NA
"3215","3","india","adults","does that mean...?","cb1","R_8H9hbhuTs0DwZ5r","2014-06-17 19:03:00",2,NA,NA,NA,NA,NA,NA,NA,NA,NA,NA,8,"practice",3,NA,NA,"is made out of paper",NA,NA,"might rip sometime","y",1.5,NA
"3216","3","india","adults","does that mean...?","cb1","R_8H9hbhuTs0DwZ5r","2014-06-17 19:03:00",2,NA,NA,NA,NA,NA,NA,NA,NA,NA,NA,8,"test",4,"aut","movement","is moving itself around the box","aff","negative","can feel sad sometimes","n",-0.5,NA
"3217","3","india","adults","does that mean...?","cb1","R_8H9hbhuTs0DwZ5r","2014-06-17 19:03:00",2,NA,NA,NA,NA,NA,NA,NA,NA,NA,NA,8,"test",5,"phy","glass_clay","is made out of glass","aut","noise","can make noises all by itself","y",0.5,NA
"3218","3","india","adults","does that mean...?","cb1","R_8H9hbhuTs0DwZ5r","2014-06-17 19:03:00",2,NA,NA,NA,NA,NA,NA,NA,NA,NA,NA,8,"test",6,"per","hearing","can hear what's going on around it","per","vision","can see me","y",1.5,NA
"3219","3","india","adults","does that mean...?","cb1","R_8H9hbhuTs0DwZ5r","2014-06-17 19:03:00",2,NA,NA,NA,NA,NA,NA,NA,NA,NA,NA,8,"test",7,"aff","positive","feels happy right now","phy","metal_plastic","is made out of plastic","y",0.5,NA
"3220","3","india","adults","does that mean...?","cb1","R_8H9hbhuTs0DwZ5r","2014-06-17 19:03:00",2,NA,NA,NA,NA,NA,NA,NA,NA,NA,NA,8,"test",8,"aut","noise","is making sounds on its own","aut","movement","can move itself from one side of the box to the other","y",1.5,NA
"3221","3","india","adults","does that mean...?","cb1","R_8H9hbhuTs0DwZ5r","2014-06-17 19:03:00",2,NA,NA,NA,NA,NA,NA,NA,NA,NA,NA,8,"test",9,"phy","metal_plastic","is made out of metal","aff","positive","can be in a good mood sometimes","y",0.5,NA
"3222","3","india","adults","does that mean...?","cb1","R_8H9hbhuTs0DwZ5r","2014-06-17 19:03:00",2,NA,NA,NA,NA,NA,NA,NA,NA,NA,NA,8,"test",10,"per","vision","can see what the box looks like","phy","glass_clay","is made out of clay","n",-0.5,NA
"3223","3","india","adults","does that mean...?","cb1","R_8H9hbhuTs0DwZ5r","2014-06-17 19:03:00",2,NA,NA,NA,NA,NA,NA,NA,NA,NA,NA,8,"test",11,"aff","negative","is in a bad mood right now","per","hearing","can hear me","y",0.5,NA
"3224","3","india","adults","does that mean...?","cb1","R_8koqAeqmq4jfm4J","2014-06-17 19:34:00",7,NA,NA,NA,NA,NA,NA,NA,NA,"very good survey",NA,8,"practice",1,NA,NA,"is purple",NA,NA,"is green","n",-1.5,NA
"3225","3","india","adults","does that mean...?","cb1","R_8koqAeqmq4jfm4J","2014-06-17 19:34:00",7,NA,NA,NA,NA,NA,NA,NA,NA,"very good survey",NA,8,"practice",2,NA,NA,"is walking around",NA,NA,"has legs","y",1.5,NA
"3226","3","india","adults","does that mean...?","cb1","R_8koqAeqmq4jfm4J","2014-06-17 19:34:00",7,NA,NA,NA,NA,NA,NA,NA,NA,"very good survey",NA,8,"practice",3,NA,NA,"is made out of paper",NA,NA,"might rip sometime","y",1.5,NA
"3227","3","india","adults","does that mean...?","cb1","R_8koqAeqmq4jfm4J","2014-06-17 19:34:00",7,NA,NA,NA,NA,NA,NA,NA,NA,"very good survey",NA,8,"test",4,"aut","movement","is moving itself around the box","aff","negative","can feel sad sometimes","y",0.5,NA
"3228","3","india","adults","does that mean...?","cb1","R_8koqAeqmq4jfm4J","2014-06-17 19:34:00",7,NA,NA,NA,NA,NA,NA,NA,NA,"very good survey",NA,8,"test",5,"phy","glass_clay","is made out of glass","aut","noise","can make noises all by itself","n",-1.5,NA
"3229","3","india","adults","does that mean...?","cb1","R_8koqAeqmq4jfm4J","2014-06-17 19:34:00",7,NA,NA,NA,NA,NA,NA,NA,NA,"very good survey",NA,8,"test",6,"per","hearing","can hear what's going on around it","per","vision","can see me","y",0.5,NA
"3230","3","india","adults","does that mean...?","cb1","R_8koqAeqmq4jfm4J","2014-06-17 19:34:00",7,NA,NA,NA,NA,NA,NA,NA,NA,"very good survey",NA,8,"test",7,"aff","positive","feels happy right now","phy","metal_plastic","is made out of plastic","n",-1.5,NA
"3231","3","india","adults","does that mean...?","cb1","R_8koqAeqmq4jfm4J","2014-06-17 19:34:00",7,NA,NA,NA,NA,NA,NA,NA,NA,"very good survey",NA,8,"test",8,"aut","noise","is making sounds on its own","aut","movement","can move itself from one side of the box to the other","y",1.5,NA
"3232","3","india","adults","does that mean...?","cb1","R_8koqAeqmq4jfm4J","2014-06-17 19:34:00",7,NA,NA,NA,NA,NA,NA,NA,NA,"very good survey",NA,8,"test",9,"phy","metal_plastic","is made out of metal","aff","positive","can be in a good mood sometimes","n",-1.5,NA
"3233","3","india","adults","does that mean...?","cb1","R_8koqAeqmq4jfm4J","2014-06-17 19:34:00",7,NA,NA,NA,NA,NA,NA,NA,NA,"very good survey",NA,8,"test",10,"per","vision","can see what the box looks like","phy","glass_clay","is made out of clay","n",-1.5,NA
"3234","3","india","adults","does that mean...?","cb1","R_8koqAeqmq4jfm4J","2014-06-17 19:34:00",7,NA,NA,NA,NA,NA,NA,NA,NA,"very good survey",NA,8,"test",11,"aff","negative","is in a bad mood right now","per","hearing","can hear me","y",1.5,NA
"3235","3","india","adults","does that mean...?","cb1","R_9AMbvWegunKs8mx","2014-06-17 19:28:00",5,NA,NA,NA,NA,NA,NA,NA,NA,"good work",NA,8,"practice",1,NA,NA,"is purple",NA,NA,"is green","n",-1.5,NA
"3236","3","india","adults","does that mean...?","cb1","R_9AMbvWegunKs8mx","2014-06-17 19:28:00",5,NA,NA,NA,NA,NA,NA,NA,NA,"good work",NA,8,"practice",2,NA,NA,"is walking around",NA,NA,"has legs","n",-0.5,NA
"3237","3","india","adults","does that mean...?","cb1","R_9AMbvWegunKs8mx","2014-06-17 19:28:00",5,NA,NA,NA,NA,NA,NA,NA,NA,"good work",NA,8,"practice",3,NA,NA,"is made out of paper",NA,NA,"might rip sometime","n",-0.5,NA
"3238","3","india","adults","does that mean...?","cb1","R_9AMbvWegunKs8mx","2014-06-17 19:28:00",5,NA,NA,NA,NA,NA,NA,NA,NA,"good work",NA,8,"test",4,"aut","movement","is moving itself around the box","aff","negative","can feel sad sometimes","y",0.5,NA
"3239","3","india","adults","does that mean...?","cb1","R_9AMbvWegunKs8mx","2014-06-17 19:28:00",5,NA,NA,NA,NA,NA,NA,NA,NA,"good work",NA,8,"test",5,"phy","glass_clay","is made out of glass","aut","noise","can make noises all by itself","y",0.5,NA
"3240","3","india","adults","does that mean...?","cb1","R_9AMbvWegunKs8mx","2014-06-17 19:28:00",5,NA,NA,NA,NA,NA,NA,NA,NA,"good work",NA,8,"test",6,"per","hearing","can hear what's going on around it","per","vision","can see me","y",0.5,NA
"3241","3","india","adults","does that mean...?","cb1","R_9AMbvWegunKs8mx","2014-06-17 19:28:00",5,NA,NA,NA,NA,NA,NA,NA,NA,"good work",NA,8,"test",7,"aff","positive","feels happy right now","phy","metal_plastic","is made out of plastic","n",-1.5,NA
"3242","3","india","adults","does that mean...?","cb1","R_9AMbvWegunKs8mx","2014-06-17 19:28:00",5,NA,NA,NA,NA,NA,NA,NA,NA,"good work",NA,8,"test",8,"aut","noise","is making sounds on its own","aut","movement","can move itself from one side of the box to the other","n",-0.5,NA
"3243","3","india","adults","does that mean...?","cb1","R_9AMbvWegunKs8mx","2014-06-17 19:28:00",5,NA,NA,NA,NA,NA,NA,NA,NA,"good work",NA,8,"test",9,"phy","metal_plastic","is made out of metal","aff","positive","can be in a good mood sometimes","y",1.5,NA
"3244","3","india","adults","does that mean...?","cb1","R_9AMbvWegunKs8mx","2014-06-17 19:28:00",5,NA,NA,NA,NA,NA,NA,NA,NA,"good work",NA,8,"test",10,"per","vision","can see what the box looks like","phy","glass_clay","is made out of clay","n",-0.5,NA
"3245","3","india","adults","does that mean...?","cb1","R_9AMbvWegunKs8mx","2014-06-17 19:28:00",5,NA,NA,NA,NA,NA,NA,NA,NA,"good work",NA,8,"test",11,"aff","negative","is in a bad mood right now","per","hearing","can hear me","n",-0.5,NA
"3246","3","india","adults","does that mean...?","cb1","R_9S5j88o5klNBA3z","2014-06-17 20:38:00",6,NA,NA,NA,NA,NA,NA,NA,NA,NA,NA,8,"practice",1,NA,NA,"is purple",NA,NA,"is green","n",-1.5,NA
"3247","3","india","adults","does that mean...?","cb1","R_9S5j88o5klNBA3z","2014-06-17 20:38:00",6,NA,NA,NA,NA,NA,NA,NA,NA,NA,NA,8,"practice",2,NA,NA,"is walking around",NA,NA,"has legs","n",-1.5,NA
"3248","3","india","adults","does that mean...?","cb1","R_9S5j88o5klNBA3z","2014-06-17 20:38:00",6,NA,NA,NA,NA,NA,NA,NA,NA,NA,NA,8,"practice",3,NA,NA,"is made out of paper",NA,NA,"might rip sometime","y",0.5,NA
"3249","3","india","adults","does that mean...?","cb1","R_9S5j88o5klNBA3z","2014-06-17 20:38:00",6,NA,NA,NA,NA,NA,NA,NA,NA,NA,NA,8,"test",4,"aut","movement","is moving itself around the box","aff","negative","can feel sad sometimes","y",0.5,NA
"3250","3","india","adults","does that mean...?","cb1","R_9S5j88o5klNBA3z","2014-06-17 20:38:00",6,NA,NA,NA,NA,NA,NA,NA,NA,NA,NA,8,"test",5,"phy","glass_clay","is made out of glass","aut","noise","can make noises all by itself","n",-1.5,NA
"3251","3","india","adults","does that mean...?","cb1","R_9S5j88o5klNBA3z","2014-06-17 20:38:00",6,NA,NA,NA,NA,NA,NA,NA,NA,NA,NA,8,"test",6,"per","hearing","can hear what's going on around it","per","vision","can see me","y",0.5,NA
"3252","3","india","adults","does that mean...?","cb1","R_9S5j88o5klNBA3z","2014-06-17 20:38:00",6,NA,NA,NA,NA,NA,NA,NA,NA,NA,NA,8,"test",7,"aff","positive","feels happy right now","phy","metal_plastic","is made out of plastic","n",-1.5,NA
"3253","3","india","adults","does that mean...?","cb1","R_9S5j88o5klNBA3z","2014-06-17 20:38:00",6,NA,NA,NA,NA,NA,NA,NA,NA,NA,NA,8,"test",8,"aut","noise","is making sounds on its own","aut","movement","can move itself from one side of the box to the other","y",0.5,NA
"3254","3","india","adults","does that mean...?","cb1","R_9S5j88o5klNBA3z","2014-06-17 20:38:00",6,NA,NA,NA,NA,NA,NA,NA,NA,NA,NA,8,"test",9,"phy","metal_plastic","is made out of metal","aff","positive","can be in a good mood sometimes","n",-1.5,NA
"3255","3","india","adults","does that mean...?","cb1","R_9S5j88o5klNBA3z","2014-06-17 20:38:00",6,NA,NA,NA,NA,NA,NA,NA,NA,NA,NA,8,"test",10,"per","vision","can see what the box looks like","phy","glass_clay","is made out of clay","n",-1.5,NA
"3256","3","india","adults","does that mean...?","cb1","R_9S5j88o5klNBA3z","2014-06-17 20:38:00",6,NA,NA,NA,NA,NA,NA,NA,NA,NA,NA,8,"test",11,"aff","negative","is in a bad mood right now","per","hearing","can hear me","n",-0.5,NA
"3257","4","india","adults","do you think...?","cb1","R_0VNA7ehDPaRqJRH","2014-06-25 21:39:00",8,NA,"female",NA,NA,NA,NA,"hinduism","no",NA,NA,1,"practice",1,NA,NA,"is purple",NA,NA,"is green","n",-1.5,NA
"3258","4","india","adults","do you think...?","cb1","R_0VNA7ehDPaRqJRH","2014-06-25 21:39:00",8,NA,"female",NA,NA,NA,NA,"hinduism","no",NA,NA,1,"practice",2,NA,NA,"is walking around",NA,NA,"has legs","y",0.5,NA
"3259","4","india","adults","do you think...?","cb1","R_0VNA7ehDPaRqJRH","2014-06-25 21:39:00",8,NA,"female",NA,NA,NA,NA,"hinduism","no",NA,NA,1,"practice",3,NA,NA,"is made out of paper",NA,NA,"might rip sometime","y",0.5,NA
"3260","4","india","adults","do you think...?","cb1","R_0VNA7ehDPaRqJRH","2014-06-25 21:39:00",8,NA,"female",NA,NA,NA,NA,"hinduism","no",NA,NA,1,"test",4,"phy","metal_plastic","is made out of plastic","per","hearing","can hear what's going on around it","n",-0.5,NA
"3261","4","india","adults","do you think...?","cb1","R_0VNA7ehDPaRqJRH","2014-06-25 21:39:00",8,NA,"female",NA,NA,NA,NA,"hinduism","no",NA,NA,1,"test",5,"aff","positive","is in a good mood right now","aut","noise","can make noises all by itself","y",1.5,NA
"3262","4","india","adults","do you think...?","cb1","R_0VNA7ehDPaRqJRH","2014-06-25 21:39:00",8,NA,"female",NA,NA,NA,NA,"hinduism","no",NA,NA,1,"test",6,"per","vision","can see me","aff","negative","can be in a bad mood sometimes","y",0.5,NA
"3263","4","india","adults","do you think...?","cb1","R_0VNA7ehDPaRqJRH","2014-06-25 21:39:00",8,NA,"female",NA,NA,NA,NA,"hinduism","no",NA,NA,1,"test",7,"aut","movement","is moving itself from one side of the box to the other","phy","glass_clay","is made out of clay","n",-1.5,NA
"3264","4","india","adults","do you think...?","cb1","R_0VNA7ehDPaRqJRH","2014-06-25 21:39:00",8,NA,"female",NA,NA,NA,NA,"hinduism","no",NA,NA,1,"test",8,"aff","negative","feels sad right now","aff","positive","can feel happy sometimes","y",1.5,NA
"3265","4","india","adults","do you think...?","cb1","R_0VNA7ehDPaRqJRH","2014-06-25 21:39:00",8,NA,"female",NA,NA,NA,NA,"hinduism","no",NA,NA,1,"test",9,"aut","noise","is making sounds on its own","per","vision","can see what the box looks like","y",0.5,NA
"3266","4","india","adults","do you think...?","cb1","R_0VNA7ehDPaRqJRH","2014-06-25 21:39:00",8,NA,"female",NA,NA,NA,NA,"hinduism","no",NA,NA,1,"test",10,"phy","glass_clay","is made out of glass","phy","metal_plastic","is made out of metal","y",0.5,NA
"3267","4","india","adults","do you think...?","cb1","R_0VNA7ehDPaRqJRH","2014-06-25 21:39:00",8,NA,"female",NA,NA,NA,NA,"hinduism","no",NA,NA,1,"test",11,"per","hearing","can hear me","aut","movement","can move itself around the box","y",0.5,NA
"3268","4","india","adults","do you think...?","cb1","R_3BH5BEsyC2SqOaN","2014-06-25 23:16:00",7,NA,"female",NA,NA,NA,NA,"hinduism","no","Good survey ",NA,1,"practice",1,NA,NA,"is purple",NA,NA,"is green","n",-1.5,NA
"3269","4","india","adults","do you think...?","cb1","R_3BH5BEsyC2SqOaN","2014-06-25 23:16:00",7,NA,"female",NA,NA,NA,NA,"hinduism","no","Good survey ",NA,1,"practice",2,NA,NA,"is walking around",NA,NA,"has legs","y",1.5,NA
"3270","4","india","adults","do you think...?","cb1","R_3BH5BEsyC2SqOaN","2014-06-25 23:16:00",7,NA,"female",NA,NA,NA,NA,"hinduism","no","Good survey ",NA,1,"practice",3,NA,NA,"is made out of paper",NA,NA,"might rip sometime","n",-0.5,NA
"3271","4","india","adults","do you think...?","cb1","R_3BH5BEsyC2SqOaN","2014-06-25 23:16:00",7,NA,"female",NA,NA,NA,NA,"hinduism","no","Good survey ",NA,1,"test",4,"phy","metal_plastic","is made out of plastic","per","hearing","can hear what's going on around it","n",-1.5,NA
"3272","4","india","adults","do you think...?","cb1","R_3BH5BEsyC2SqOaN","2014-06-25 23:16:00",7,NA,"female",NA,NA,NA,NA,"hinduism","no","Good survey ",NA,1,"test",5,"aff","positive","is in a good mood right now","aut","noise","can make noises all by itself","y",0.5,NA
"3273","4","india","adults","do you think...?","cb1","R_3BH5BEsyC2SqOaN","2014-06-25 23:16:00",7,NA,"female",NA,NA,NA,NA,"hinduism","no","Good survey ",NA,1,"test",6,"per","vision","can see me","aff","negative","can be in a bad mood sometimes","y",0.5,NA
"3274","4","india","adults","do you think...?","cb1","R_3BH5BEsyC2SqOaN","2014-06-25 23:16:00",7,NA,"female",NA,NA,NA,NA,"hinduism","no","Good survey ",NA,1,"test",7,"aut","movement","is moving itself from one side of the box to the other","phy","glass_clay","is made out of clay","n",-1.5,NA
"3275","4","india","adults","do you think...?","cb1","R_3BH5BEsyC2SqOaN","2014-06-25 23:16:00",7,NA,"female",NA,NA,NA,NA,"hinduism","no","Good survey ",NA,1,"test",8,"aff","negative","feels sad right now","aff","positive","can feel happy sometimes","y",0.5,NA
"3276","4","india","adults","do you think...?","cb1","R_3BH5BEsyC2SqOaN","2014-06-25 23:16:00",7,NA,"female",NA,NA,NA,NA,"hinduism","no","Good survey ",NA,1,"test",9,"aut","noise","is making sounds on its own","per","vision","can see what the box looks like","y",0.5,NA
"3277","4","india","adults","do you think...?","cb1","R_3BH5BEsyC2SqOaN","2014-06-25 23:16:00",7,NA,"female",NA,NA,NA,NA,"hinduism","no","Good survey ",NA,1,"test",10,"phy","glass_clay","is made out of glass","phy","metal_plastic","is made out of metal","n",-0.5,NA
"3278","4","india","adults","do you think...?","cb1","R_3BH5BEsyC2SqOaN","2014-06-25 23:16:00",7,NA,"female",NA,NA,NA,NA,"hinduism","no","Good survey ",NA,1,"test",11,"per","hearing","can hear me","aut","movement","can move itself around the box","y",1.5,NA
"3279","4","india","adults","do you think...?","cb1","R_3Kx5Snzb299dbcp","2014-06-26 00:27:00",6,NA,"female",NA,NA,NA,NA,"islam","no",NA,NA,1,"practice",1,NA,NA,"is purple",NA,NA,"is green","y",0.5,NA
"3280","4","india","adults","do you think...?","cb1","R_3Kx5Snzb299dbcp","2014-06-26 00:27:00",6,NA,"female",NA,NA,NA,NA,"islam","no",NA,NA,1,"practice",2,NA,NA,"is walking around",NA,NA,"has legs","n",-1.5,NA
"3281","4","india","adults","do you think...?","cb1","R_3Kx5Snzb299dbcp","2014-06-26 00:27:00",6,NA,"female",NA,NA,NA,NA,"islam","no",NA,NA,1,"practice",3,NA,NA,"is made out of paper",NA,NA,"might rip sometime","y",0.5,NA
"3282","4","india","adults","do you think...?","cb1","R_3Kx5Snzb299dbcp","2014-06-26 00:27:00",6,NA,"female",NA,NA,NA,NA,"islam","no",NA,NA,1,"test",4,"phy","metal_plastic","is made out of plastic","per","hearing","can hear what's going on around it","n",-0.5,NA
"3283","4","india","adults","do you think...?","cb1","R_3Kx5Snzb299dbcp","2014-06-26 00:27:00",6,NA,"female",NA,NA,NA,NA,"islam","no",NA,NA,1,"test",5,"aff","positive","is in a good mood right now","aut","noise","can make noises all by itself","n",-1.5,NA
"3284","4","india","adults","do you think...?","cb1","R_3Kx5Snzb299dbcp","2014-06-26 00:27:00",6,NA,"female",NA,NA,NA,NA,"islam","no",NA,NA,1,"test",6,"per","vision","can see me","aff","negative","can be in a bad mood sometimes","y",0.5,NA
"3285","4","india","adults","do you think...?","cb1","R_3Kx5Snzb299dbcp","2014-06-26 00:27:00",6,NA,"female",NA,NA,NA,NA,"islam","no",NA,NA,1,"test",7,"aut","movement","is moving itself from one side of the box to the other","phy","glass_clay","is made out of clay","n",-0.5,NA
"3286","4","india","adults","do you think...?","cb1","R_3Kx5Snzb299dbcp","2014-06-26 00:27:00",6,NA,"female",NA,NA,NA,NA,"islam","no",NA,NA,1,"test",8,"aff","negative","feels sad right now","aff","positive","can feel happy sometimes","y",1.5,NA
"3287","4","india","adults","do you think...?","cb1","R_3Kx5Snzb299dbcp","2014-06-26 00:27:00",6,NA,"female",NA,NA,NA,NA,"islam","no",NA,NA,1,"test",9,"aut","noise","is making sounds on its own","per","vision","can see what the box looks like","y",0.5,NA
"3288","4","india","adults","do you think...?","cb1","R_3Kx5Snzb299dbcp","2014-06-26 00:27:00",6,NA,"female",NA,NA,NA,NA,"islam","no",NA,NA,1,"test",10,"phy","glass_clay","is made out of glass","phy","metal_plastic","is made out of metal","y",0.5,NA
"3289","4","india","adults","do you think...?","cb1","R_3Kx5Snzb299dbcp","2014-06-26 00:27:00",6,NA,"female",NA,NA,NA,NA,"islam","no",NA,NA,1,"test",11,"per","hearing","can hear me","aut","movement","can move itself around the box","y",0.5,NA
"3290","4","india","adults","do you think...?","cb1","R_3lPmlEl03ASOasR","2014-06-25 22:47:00",6,NA,"male",NA,NA,NA,NA,"hinduism","no","Thank you too.",NA,1,"practice",1,NA,NA,"is purple",NA,NA,"is green","n",-1.5,NA
"3291","4","india","adults","do you think...?","cb1","R_3lPmlEl03ASOasR","2014-06-25 22:47:00",6,NA,"male",NA,NA,NA,NA,"hinduism","no","Thank you too.",NA,1,"practice",2,NA,NA,"is walking around",NA,NA,"has legs","y",1.5,NA
"3292","4","india","adults","do you think...?","cb1","R_3lPmlEl03ASOasR","2014-06-25 22:47:00",6,NA,"male",NA,NA,NA,NA,"hinduism","no","Thank you too.",NA,1,"practice",3,NA,NA,"is made out of paper",NA,NA,"might rip sometime","y",1.5,NA
"3293","4","india","adults","do you think...?","cb1","R_3lPmlEl03ASOasR","2014-06-25 22:47:00",6,NA,"male",NA,NA,NA,NA,"hinduism","no","Thank you too.",NA,1,"test",4,"phy","metal_plastic","is made out of plastic","per","hearing","can hear what's going on around it","n",-1.5,NA
"3294","4","india","adults","do you think...?","cb1","R_3lPmlEl03ASOasR","2014-06-25 22:47:00",6,NA,"male",NA,NA,NA,NA,"hinduism","no","Thank you too.",NA,1,"test",5,"aff","positive","is in a good mood right now","aut","noise","can make noises all by itself","y",0.5,NA
"3295","4","india","adults","do you think...?","cb1","R_3lPmlEl03ASOasR","2014-06-25 22:47:00",6,NA,"male",NA,NA,NA,NA,"hinduism","no","Thank you too.",NA,1,"test",6,"per","vision","can see me","aff","negative","can be in a bad mood sometimes","y",1.5,NA
"3296","4","india","adults","do you think...?","cb1","R_3lPmlEl03ASOasR","2014-06-25 22:47:00",6,NA,"male",NA,NA,NA,NA,"hinduism","no","Thank you too.",NA,1,"test",7,"aut","movement","is moving itself from one side of the box to the other","phy","glass_clay","is made out of clay","n",-1.5,NA
"3297","4","india","adults","do you think...?","cb1","R_3lPmlEl03ASOasR","2014-06-25 22:47:00",6,NA,"male",NA,NA,NA,NA,"hinduism","no","Thank you too.",NA,1,"test",8,"aff","negative","feels sad right now","aff","positive","can feel happy sometimes","y",1.5,NA
"3298","4","india","adults","do you think...?","cb1","R_3lPmlEl03ASOasR","2014-06-25 22:47:00",6,NA,"male",NA,NA,NA,NA,"hinduism","no","Thank you too.",NA,1,"test",9,"aut","noise","is making sounds on its own","per","vision","can see what the box looks like","y",0.5,NA
"3299","4","india","adults","do you think...?","cb1","R_3lPmlEl03ASOasR","2014-06-25 22:47:00",6,NA,"male",NA,NA,NA,NA,"hinduism","no","Thank you too.",NA,1,"test",10,"phy","glass_clay","is made out of glass","phy","metal_plastic","is made out of metal","n",-1.5,NA
"3300","4","india","adults","do you think...?","cb1","R_3lPmlEl03ASOasR","2014-06-25 22:47:00",6,NA,"male",NA,NA,NA,NA,"hinduism","no","Thank you too.",NA,1,"test",11,"per","hearing","can hear me","aut","movement","can move itself around the box","y",1.5,NA
"3301","4","india","adults","do you think...?","cb1","R_40iu8l5yegtxlvn","2014-06-25 23:48:00",4,NA,"female",NA,NA,NA,NA,"christianity","no","Very nice i like this survey very much",NA,1,"practice",1,NA,NA,"is purple",NA,NA,"is green","y",0.5,NA
"3302","4","india","adults","do you think...?","cb1","R_40iu8l5yegtxlvn","2014-06-25 23:48:00",4,NA,"female",NA,NA,NA,NA,"christianity","no","Very nice i like this survey very much",NA,1,"practice",2,NA,NA,"is walking around",NA,NA,"has legs","y",0.5,NA
"3303","4","india","adults","do you think...?","cb1","R_40iu8l5yegtxlvn","2014-06-25 23:48:00",4,NA,"female",NA,NA,NA,NA,"christianity","no","Very nice i like this survey very much",NA,1,"practice",3,NA,NA,"is made out of paper",NA,NA,"might rip sometime","n",-0.5,NA
"3304","4","india","adults","do you think...?","cb1","R_40iu8l5yegtxlvn","2014-06-25 23:48:00",4,NA,"female",NA,NA,NA,NA,"christianity","no","Very nice i like this survey very much",NA,1,"test",4,"phy","metal_plastic","is made out of plastic","per","hearing","can hear what's going on around it","n",-0.5,NA
"3305","4","india","adults","do you think...?","cb1","R_40iu8l5yegtxlvn","2014-06-25 23:48:00",4,NA,"female",NA,NA,NA,NA,"christianity","no","Very nice i like this survey very much",NA,1,"test",5,"aff","positive","is in a good mood right now","aut","noise","can make noises all by itself","n",-0.5,NA
"3306","4","india","adults","do you think...?","cb1","R_40iu8l5yegtxlvn","2014-06-25 23:48:00",4,NA,"female",NA,NA,NA,NA,"christianity","no","Very nice i like this survey very much",NA,1,"test",6,"per","vision","can see me","aff","negative","can be in a bad mood sometimes","n",-0.5,NA
"3307","4","india","adults","do you think...?","cb1","R_40iu8l5yegtxlvn","2014-06-25 23:48:00",4,NA,"female",NA,NA,NA,NA,"christianity","no","Very nice i like this survey very much",NA,1,"test",7,"aut","movement","is moving itself from one side of the box to the other","phy","glass_clay","is made out of clay","y",0.5,NA
"3308","4","india","adults","do you think...?","cb1","R_40iu8l5yegtxlvn","2014-06-25 23:48:00",4,NA,"female",NA,NA,NA,NA,"christianity","no","Very nice i like this survey very much",NA,1,"test",8,"aff","negative","feels sad right now","aff","positive","can feel happy sometimes","n",-0.5,NA
"3309","4","india","adults","do you think...?","cb1","R_40iu8l5yegtxlvn","2014-06-25 23:48:00",4,NA,"female",NA,NA,NA,NA,"christianity","no","Very nice i like this survey very much",NA,1,"test",9,"aut","noise","is making sounds on its own","per","vision","can see what the box looks like","y",0.5,NA
"3310","4","india","adults","do you think...?","cb1","R_40iu8l5yegtxlvn","2014-06-25 23:48:00",4,NA,"female",NA,NA,NA,NA,"christianity","no","Very nice i like this survey very much",NA,1,"test",10,"phy","glass_clay","is made out of glass","phy","metal_plastic","is made out of metal","n",-0.5,NA
"3311","4","india","adults","do you think...?","cb1","R_40iu8l5yegtxlvn","2014-06-25 23:48:00",4,NA,"female",NA,NA,NA,NA,"christianity","no","Very nice i like this survey very much",NA,1,"test",11,"per","hearing","can hear me","aut","movement","can move itself around the box","n",-0.5,NA
"3312","4","india","adults","do you think...?","cb1","R_5dJaOXZn6CTgG1v","2014-06-25 20:29:00",6,NA,"female",NA,NA,NA,NA,"islam","no","no thanks.i like it ",NA,1,"practice",1,NA,NA,"is purple",NA,NA,"is green","y",1.5,NA
"3313","4","india","adults","do you think...?","cb1","R_5dJaOXZn6CTgG1v","2014-06-25 20:29:00",6,NA,"female",NA,NA,NA,NA,"islam","no","no thanks.i like it ",NA,1,"practice",2,NA,NA,"is walking around",NA,NA,"has legs","y",0.5,NA
"3314","4","india","adults","do you think...?","cb1","R_5dJaOXZn6CTgG1v","2014-06-25 20:29:00",6,NA,"female",NA,NA,NA,NA,"islam","no","no thanks.i like it ",NA,1,"practice",3,NA,NA,"is made out of paper",NA,NA,"might rip sometime","y",0.5,NA
"3315","4","india","adults","do you think...?","cb1","R_5dJaOXZn6CTgG1v","2014-06-25 20:29:00",6,NA,"female",NA,NA,NA,NA,"islam","no","no thanks.i like it ",NA,1,"test",4,"phy","metal_plastic","is made out of plastic","per","hearing","can hear what's going on around it","y",1.5,NA
"3316","4","india","adults","do you think...?","cb1","R_5dJaOXZn6CTgG1v","2014-06-25 20:29:00",6,NA,"female",NA,NA,NA,NA,"islam","no","no thanks.i like it ",NA,1,"test",5,"aff","positive","is in a good mood right now","aut","noise","can make noises all by itself","y",1.5,NA
"3317","4","india","adults","do you think...?","cb1","R_5dJaOXZn6CTgG1v","2014-06-25 20:29:00",6,NA,"female",NA,NA,NA,NA,"islam","no","no thanks.i like it ",NA,1,"test",6,"per","vision","can see me","aff","negative","can be in a bad mood sometimes","y",0.5,NA
"3318","4","india","adults","do you think...?","cb1","R_5dJaOXZn6CTgG1v","2014-06-25 20:29:00",6,NA,"female",NA,NA,NA,NA,"islam","no","no thanks.i like it ",NA,1,"test",7,"aut","movement","is moving itself from one side of the box to the other","phy","glass_clay","is made out of clay","y",1.5,NA
"3319","4","india","adults","do you think...?","cb1","R_5dJaOXZn6CTgG1v","2014-06-25 20:29:00",6,NA,"female",NA,NA,NA,NA,"islam","no","no thanks.i like it ",NA,1,"test",8,"aff","negative","feels sad right now","aff","positive","can feel happy sometimes","y",1.5,NA
"3320","4","india","adults","do you think...?","cb1","R_5dJaOXZn6CTgG1v","2014-06-25 20:29:00",6,NA,"female",NA,NA,NA,NA,"islam","no","no thanks.i like it ",NA,1,"test",9,"aut","noise","is making sounds on its own","per","vision","can see what the box looks like","y",1.5,NA
"3321","4","india","adults","do you think...?","cb1","R_5dJaOXZn6CTgG1v","2014-06-25 20:29:00",6,NA,"female",NA,NA,NA,NA,"islam","no","no thanks.i like it ",NA,1,"test",10,"phy","glass_clay","is made out of glass","phy","metal_plastic","is made out of metal","y",1.5,NA
"3322","4","india","adults","do you think...?","cb1","R_5dJaOXZn6CTgG1v","2014-06-25 20:29:00",6,NA,"female",NA,NA,NA,NA,"islam","no","no thanks.i like it ",NA,1,"test",11,"per","hearing","can hear me","aut","movement","can move itself around the box","y",1.5,NA
"3323","4","india","adults","do you think...?","cb1","R_74dFI2XW1VzDdEV","2014-06-25 18:46:00",3,NA,"male",NA,NA,NA,NA,"hinduism","yes",NA,NA,1,"practice",1,NA,NA,"is purple",NA,NA,"is green","n",-0.5,NA
"3324","4","india","adults","do you think...?","cb1","R_74dFI2XW1VzDdEV","2014-06-25 18:46:00",3,NA,"male",NA,NA,NA,NA,"hinduism","yes",NA,NA,1,"practice",2,NA,NA,"is walking around",NA,NA,"has legs","y",0.5,NA
"3325","4","india","adults","do you think...?","cb1","R_74dFI2XW1VzDdEV","2014-06-25 18:46:00",3,NA,"male",NA,NA,NA,NA,"hinduism","yes",NA,NA,1,"practice",3,NA,NA,"is made out of paper",NA,NA,"might rip sometime","y",0.5,NA
"3326","4","india","adults","do you think...?","cb1","R_74dFI2XW1VzDdEV","2014-06-25 18:46:00",3,NA,"male",NA,NA,NA,NA,"hinduism","yes",NA,NA,1,"test",4,"phy","metal_plastic","is made out of plastic","per","hearing","can hear what's going on around it","n",-0.5,NA
"3327","4","india","adults","do you think...?","cb1","R_74dFI2XW1VzDdEV","2014-06-25 18:46:00",3,NA,"male",NA,NA,NA,NA,"hinduism","yes",NA,NA,1,"test",5,"aff","positive","is in a good mood right now","aut","noise","can make noises all by itself","n",-1.5,NA
"3328","4","india","adults","do you think...?","cb1","R_74dFI2XW1VzDdEV","2014-06-25 18:46:00",3,NA,"male",NA,NA,NA,NA,"hinduism","yes",NA,NA,1,"test",6,"per","vision","can see me","aff","negative","can be in a bad mood sometimes","n",-0.5,NA
"3329","4","india","adults","do you think...?","cb1","R_74dFI2XW1VzDdEV","2014-06-25 18:46:00",3,NA,"male",NA,NA,NA,NA,"hinduism","yes",NA,NA,1,"test",7,"aut","movement","is moving itself from one side of the box to the other","phy","glass_clay","is made out of clay","y",0.5,NA
"3330","4","india","adults","do you think...?","cb1","R_74dFI2XW1VzDdEV","2014-06-25 18:46:00",3,NA,"male",NA,NA,NA,NA,"hinduism","yes",NA,NA,1,"test",8,"aff","negative","feels sad right now","aff","positive","can feel happy sometimes","n",-0.5,NA
"3331","4","india","adults","do you think...?","cb1","R_74dFI2XW1VzDdEV","2014-06-25 18:46:00",3,NA,"male",NA,NA,NA,NA,"hinduism","yes",NA,NA,1,"test",9,"aut","noise","is making sounds on its own","per","vision","can see what the box looks like","y",0.5,NA
"3332","4","india","adults","do you think...?","cb1","R_74dFI2XW1VzDdEV","2014-06-25 18:46:00",3,NA,"male",NA,NA,NA,NA,"hinduism","yes",NA,NA,1,"test",10,"phy","glass_clay","is made out of glass","phy","metal_plastic","is made out of metal","n",-0.5,NA
"3333","4","india","adults","do you think...?","cb1","R_74dFI2XW1VzDdEV","2014-06-25 18:46:00",3,NA,"male",NA,NA,NA,NA,"hinduism","yes",NA,NA,1,"test",11,"per","hearing","can hear me","aut","movement","can move itself around the box","n",-0.5,NA
"3334","4","india","adults","do you think...?","cb1","R_81ke5D6BhvWfVOJ","2014-06-25 20:52:00",9,NA,"female",NA,NA,NA,NA,"hinduism","no","Good task.",NA,1,"practice",1,NA,NA,"is purple",NA,NA,"is green","n",-0.5,NA
"3335","4","india","adults","do you think...?","cb1","R_81ke5D6BhvWfVOJ","2014-06-25 20:52:00",9,NA,"female",NA,NA,NA,NA,"hinduism","no","Good task.",NA,1,"practice",2,NA,NA,"is walking around",NA,NA,"has legs","y",0.5,NA
"3336","4","india","adults","do you think...?","cb1","R_81ke5D6BhvWfVOJ","2014-06-25 20:52:00",9,NA,"female",NA,NA,NA,NA,"hinduism","no","Good task.",NA,1,"practice",3,NA,NA,"is made out of paper",NA,NA,"might rip sometime","n",-0.5,NA
"3337","4","india","adults","do you think...?","cb1","R_81ke5D6BhvWfVOJ","2014-06-25 20:52:00",9,NA,"female",NA,NA,NA,NA,"hinduism","no","Good task.",NA,1,"test",4,"phy","metal_plastic","is made out of plastic","per","hearing","can hear what's going on around it","n",-1.5,NA
"3338","4","india","adults","do you think...?","cb1","R_81ke5D6BhvWfVOJ","2014-06-25 20:52:00",9,NA,"female",NA,NA,NA,NA,"hinduism","no","Good task.",NA,1,"test",5,"aff","positive","is in a good mood right now","aut","noise","can make noises all by itself","y",1.5,NA
"3339","4","india","adults","do you think...?","cb1","R_81ke5D6BhvWfVOJ","2014-06-25 20:52:00",9,NA,"female",NA,NA,NA,NA,"hinduism","no","Good task.",NA,1,"test",6,"per","vision","can see me","aff","negative","can be in a bad mood sometimes","y",0.5,NA
"3340","4","india","adults","do you think...?","cb1","R_81ke5D6BhvWfVOJ","2014-06-25 20:52:00",9,NA,"female",NA,NA,NA,NA,"hinduism","no","Good task.",NA,1,"test",7,"aut","movement","is moving itself from one side of the box to the other","phy","glass_clay","is made out of clay","n",-0.5,NA
"3341","4","india","adults","do you think...?","cb1","R_81ke5D6BhvWfVOJ","2014-06-25 20:52:00",9,NA,"female",NA,NA,NA,NA,"hinduism","no","Good task.",NA,1,"test",8,"aff","negative","feels sad right now","aff","positive","can feel happy sometimes","y",1.5,NA
"3342","4","india","adults","do you think...?","cb1","R_81ke5D6BhvWfVOJ","2014-06-25 20:52:00",9,NA,"female",NA,NA,NA,NA,"hinduism","no","Good task.",NA,1,"test",9,"aut","noise","is making sounds on its own","per","vision","can see what the box looks like","n",-0.5,NA
"3343","4","india","adults","do you think...?","cb1","R_81ke5D6BhvWfVOJ","2014-06-25 20:52:00",9,NA,"female",NA,NA,NA,NA,"hinduism","no","Good task.",NA,1,"test",10,"phy","glass_clay","is made out of glass","phy","metal_plastic","is made out of metal","n",-1.5,NA
"3344","4","india","adults","do you think...?","cb1","R_81ke5D6BhvWfVOJ","2014-06-25 20:52:00",9,NA,"female",NA,NA,NA,NA,"hinduism","no","Good task.",NA,1,"test",11,"per","hearing","can hear me","aut","movement","can move itself around the box","y",0.5,NA
"3345","4","india","adults","do you think...?","cb1","R_b930VSHt4lTTWUB","2014-06-25 21:23:00",5,NA,"female",NA,NA,NA,NA,"hinduism","no",NA,NA,1,"practice",1,NA,NA,"is purple",NA,NA,"is green","n",-1.5,NA
"3346","4","india","adults","do you think...?","cb1","R_b930VSHt4lTTWUB","2014-06-25 21:23:00",5,NA,"female",NA,NA,NA,NA,"hinduism","no",NA,NA,1,"practice",2,NA,NA,"is walking around",NA,NA,"has legs","y",1.5,NA
"3347","4","india","adults","do you think...?","cb1","R_b930VSHt4lTTWUB","2014-06-25 21:23:00",5,NA,"female",NA,NA,NA,NA,"hinduism","no",NA,NA,1,"practice",3,NA,NA,"is made out of paper",NA,NA,"might rip sometime","n",-1.5,NA
"3348","4","india","adults","do you think...?","cb1","R_b930VSHt4lTTWUB","2014-06-25 21:23:00",5,NA,"female",NA,NA,NA,NA,"hinduism","no",NA,NA,1,"test",4,"phy","metal_plastic","is made out of plastic","per","hearing","can hear what's going on around it","n",-1.5,NA
"3349","4","india","adults","do you think...?","cb1","R_b930VSHt4lTTWUB","2014-06-25 21:23:00",5,NA,"female",NA,NA,NA,NA,"hinduism","no",NA,NA,1,"test",5,"aff","positive","is in a good mood right now","aut","noise","can make noises all by itself","y",1.5,NA
"3350","4","india","adults","do you think...?","cb1","R_b930VSHt4lTTWUB","2014-06-25 21:23:00",5,NA,"female",NA,NA,NA,NA,"hinduism","no",NA,NA,1,"test",6,"per","vision","can see me","aff","negative","can be in a bad mood sometimes","y",0.5,NA
"3351","4","india","adults","do you think...?","cb1","R_b930VSHt4lTTWUB","2014-06-25 21:23:00",5,NA,"female",NA,NA,NA,NA,"hinduism","no",NA,NA,1,"test",7,"aut","movement","is moving itself from one side of the box to the other","phy","glass_clay","is made out of clay","n",-1.5,NA
"3352","4","india","adults","do you think...?","cb1","R_b930VSHt4lTTWUB","2014-06-25 21:23:00",5,NA,"female",NA,NA,NA,NA,"hinduism","no",NA,NA,1,"test",8,"aff","negative","feels sad right now","aff","positive","can feel happy sometimes","y",1.5,NA
"3353","4","india","adults","do you think...?","cb1","R_b930VSHt4lTTWUB","2014-06-25 21:23:00",5,NA,"female",NA,NA,NA,NA,"hinduism","no",NA,NA,1,"test",9,"aut","noise","is making sounds on its own","per","vision","can see what the box looks like","y",1.5,NA
"3354","4","india","adults","do you think...?","cb1","R_b930VSHt4lTTWUB","2014-06-25 21:23:00",5,NA,"female",NA,NA,NA,NA,"hinduism","no",NA,NA,1,"test",10,"phy","glass_clay","is made out of glass","phy","metal_plastic","is made out of metal","n",-1.5,NA
"3355","4","india","adults","do you think...?","cb1","R_b930VSHt4lTTWUB","2014-06-25 21:23:00",5,NA,"female",NA,NA,NA,NA,"hinduism","no",NA,NA,1,"test",11,"per","hearing","can hear me","aut","movement","can move itself around the box","y",1.5,NA
"3356","4","india","adults","do you think...?","cb1","R_dgpl2sWVZnjHhhr","2014-06-25 21:57:00",9,NA,"male",NA,NA,NA,NA,"hinduism","no","Nice experience",NA,1,"practice",1,NA,NA,"is purple",NA,NA,"is green","y",0.5,NA
"3357","4","india","adults","do you think...?","cb1","R_dgpl2sWVZnjHhhr","2014-06-25 21:57:00",9,NA,"male",NA,NA,NA,NA,"hinduism","no","Nice experience",NA,1,"practice",2,NA,NA,"is walking around",NA,NA,"has legs","y",0.5,NA
"3358","4","india","adults","do you think...?","cb1","R_dgpl2sWVZnjHhhr","2014-06-25 21:57:00",9,NA,"male",NA,NA,NA,NA,"hinduism","no","Nice experience",NA,1,"practice",3,NA,NA,"is made out of paper",NA,NA,"might rip sometime","y",1.5,NA
"3359","4","india","adults","do you think...?","cb1","R_dgpl2sWVZnjHhhr","2014-06-25 21:57:00",9,NA,"male",NA,NA,NA,NA,"hinduism","no","Nice experience",NA,1,"test",4,"phy","metal_plastic","is made out of plastic","per","hearing","can hear what's going on around it","y",0.5,NA
"3360","4","india","adults","do you think...?","cb1","R_dgpl2sWVZnjHhhr","2014-06-25 21:57:00",9,NA,"male",NA,NA,NA,NA,"hinduism","no","Nice experience",NA,1,"test",5,"aff","positive","is in a good mood right now","aut","noise","can make noises all by itself","y",1.5,NA
"3361","4","india","adults","do you think...?","cb1","R_dgpl2sWVZnjHhhr","2014-06-25 21:57:00",9,NA,"male",NA,NA,NA,NA,"hinduism","no","Nice experience",NA,1,"test",6,"per","vision","can see me","aff","negative","can be in a bad mood sometimes","n",-0.5,NA
"3362","4","india","adults","do you think...?","cb1","R_dgpl2sWVZnjHhhr","2014-06-25 21:57:00",9,NA,"male",NA,NA,NA,NA,"hinduism","no","Nice experience",NA,1,"test",7,"aut","movement","is moving itself from one side of the box to the other","phy","glass_clay","is made out of clay","y",0.5,NA
"3363","4","india","adults","do you think...?","cb1","R_dgpl2sWVZnjHhhr","2014-06-25 21:57:00",9,NA,"male",NA,NA,NA,NA,"hinduism","no","Nice experience",NA,1,"test",8,"aff","negative","feels sad right now","aff","positive","can feel happy sometimes","y",0.5,NA
"3364","4","india","adults","do you think...?","cb1","R_dgpl2sWVZnjHhhr","2014-06-25 21:57:00",9,NA,"male",NA,NA,NA,NA,"hinduism","no","Nice experience",NA,1,"test",9,"aut","noise","is making sounds on its own","per","vision","can see what the box looks like","y",1.5,NA
"3365","4","india","adults","do you think...?","cb1","R_dgpl2sWVZnjHhhr","2014-06-25 21:57:00",9,NA,"male",NA,NA,NA,NA,"hinduism","no","Nice experience",NA,1,"test",10,"phy","glass_clay","is made out of glass","phy","metal_plastic","is made out of metal","n",-0.5,NA
"3366","4","india","adults","do you think...?","cb1","R_dgpl2sWVZnjHhhr","2014-06-25 21:57:00",9,NA,"male",NA,NA,NA,NA,"hinduism","no","Nice experience",NA,1,"test",11,"per","hearing","can hear me","aut","movement","can move itself around the box","n",-0.5,NA
"3367","4","india","adults","do you think...?","cb1","R_2c8jrZkGYP9rzq5","2014-06-25 22:53:00",4,NA,"male",NA,NA,NA,NA,"hinduism","no",NA,NA,2,"practice",1,NA,NA,"is purple",NA,NA,"is green","y",0.5,NA
"3368","4","india","adults","do you think...?","cb1","R_2c8jrZkGYP9rzq5","2014-06-25 22:53:00",4,NA,"male",NA,NA,NA,NA,"hinduism","no",NA,NA,2,"practice",2,NA,NA,"is walking around",NA,NA,"has legs","y",0.5,NA
"3369","4","india","adults","do you think...?","cb1","R_2c8jrZkGYP9rzq5","2014-06-25 22:53:00",4,NA,"male",NA,NA,NA,NA,"hinduism","no",NA,NA,2,"practice",3,NA,NA,"is made out of paper",NA,NA,"might rip sometime","n",-0.5,NA
"3370","4","india","adults","do you think...?","cb1","R_2c8jrZkGYP9rzq5","2014-06-25 22:53:00",4,NA,"male",NA,NA,NA,NA,"hinduism","no",NA,NA,2,"test",4,"per","vision","can see what the box looks like","aut","noise","can make noises all by itself","n",-0.5,NA
"3371","4","india","adults","do you think...?","cb1","R_2c8jrZkGYP9rzq5","2014-06-25 22:53:00",4,NA,"male",NA,NA,NA,NA,"hinduism","no",NA,NA,2,"test",5,"phy","glass_clay","is made out of clay","phy","metal_plastic","is made out of plastic","n",-1.5,NA
"3372","4","india","adults","do you think...?","cb1","R_2c8jrZkGYP9rzq5","2014-06-25 22:53:00",4,NA,"male",NA,NA,NA,NA,"hinduism","no",NA,NA,2,"test",6,"aut","movement","is moving itself from one side of the box to the other","per","hearing","can hear me","y",0.5,NA
"3373","4","india","adults","do you think...?","cb1","R_2c8jrZkGYP9rzq5","2014-06-25 22:53:00",4,NA,"male",NA,NA,NA,NA,"hinduism","no",NA,NA,2,"test",7,"aff","negative","is in a bad mood right now","aff","positive","can be in a good mood sometimes","n",-1.5,NA
"3374","4","india","adults","do you think...?","cb1","R_2c8jrZkGYP9rzq5","2014-06-25 22:53:00",4,NA,"male",NA,NA,NA,NA,"hinduism","no",NA,NA,2,"test",8,"aut","noise","is making sounds on its own","phy","glass_clay","is made out of glass","y",0.5,NA
"3375","4","india","adults","do you think...?","cb1","R_2c8jrZkGYP9rzq5","2014-06-25 22:53:00",4,NA,"male",NA,NA,NA,NA,"hinduism","no",NA,NA,2,"test",9,"per","hearing","can hear what's going on around it","aff","negative","can feel sad sometimes","y",0.5,NA
"3376","4","india","adults","do you think...?","cb1","R_2c8jrZkGYP9rzq5","2014-06-25 22:53:00",4,NA,"male",NA,NA,NA,NA,"hinduism","no",NA,NA,2,"test",10,"aff","positive","feels happy right now","aut","movement","can move itself around the box","y",0.5,NA
"3377","4","india","adults","do you think...?","cb1","R_2c8jrZkGYP9rzq5","2014-06-25 22:53:00",4,NA,"male",NA,NA,NA,NA,"hinduism","no",NA,NA,2,"test",11,"phy","metal_plastic","is made out of metal","per","vision","can see me","n",-0.5,NA
"3378","4","india","adults","do you think...?","cb1","R_5hB6J9EfyEaHinj","2014-06-25 22:11:00",7,NA,"male",NA,NA,NA,NA,"hinduism","no",NA,NA,2,"practice",1,NA,NA,"is purple",NA,NA,"is green","y",0.5,NA
"3379","4","india","adults","do you think...?","cb1","R_5hB6J9EfyEaHinj","2014-06-25 22:11:00",7,NA,"male",NA,NA,NA,NA,"hinduism","no",NA,NA,2,"practice",2,NA,NA,"is walking around",NA,NA,"has legs","y",1.5,NA
"3380","4","india","adults","do you think...?","cb1","R_5hB6J9EfyEaHinj","2014-06-25 22:11:00",7,NA,"male",NA,NA,NA,NA,"hinduism","no",NA,NA,2,"practice",3,NA,NA,"is made out of paper",NA,NA,"might rip sometime","n",-0.5,NA
"3381","4","india","adults","do you think...?","cb1","R_5hB6J9EfyEaHinj","2014-06-25 22:11:00",7,NA,"male",NA,NA,NA,NA,"hinduism","no",NA,NA,2,"test",4,"per","vision","can see what the box looks like","aut","noise","can make noises all by itself","y",1.5,NA
"3382","4","india","adults","do you think...?","cb1","R_5hB6J9EfyEaHinj","2014-06-25 22:11:00",7,NA,"male",NA,NA,NA,NA,"hinduism","no",NA,NA,2,"test",5,"phy","glass_clay","is made out of clay","phy","metal_plastic","is made out of plastic","n",-1.5,NA
"3383","4","india","adults","do you think...?","cb1","R_5hB6J9EfyEaHinj","2014-06-25 22:11:00",7,NA,"male",NA,NA,NA,NA,"hinduism","no",NA,NA,2,"test",6,"aut","movement","is moving itself from one side of the box to the other","per","hearing","can hear me","y",0.5,NA
"3384","4","india","adults","do you think...?","cb1","R_5hB6J9EfyEaHinj","2014-06-25 22:11:00",7,NA,"male",NA,NA,NA,NA,"hinduism","no",NA,NA,2,"test",7,"aff","negative","is in a bad mood right now","aff","positive","can be in a good mood sometimes","y",1.5,NA
"3385","4","india","adults","do you think...?","cb1","R_5hB6J9EfyEaHinj","2014-06-25 22:11:00",7,NA,"male",NA,NA,NA,NA,"hinduism","no",NA,NA,2,"test",8,"aut","noise","is making sounds on its own","phy","glass_clay","is made out of glass","y",0.5,NA
"3386","4","india","adults","do you think...?","cb1","R_5hB6J9EfyEaHinj","2014-06-25 22:11:00",7,NA,"male",NA,NA,NA,NA,"hinduism","no",NA,NA,2,"test",9,"per","hearing","can hear what's going on around it","aff","negative","can feel sad sometimes","y",0.5,NA
"3387","4","india","adults","do you think...?","cb1","R_5hB6J9EfyEaHinj","2014-06-25 22:11:00",7,NA,"male",NA,NA,NA,NA,"hinduism","no",NA,NA,2,"test",10,"aff","positive","feels happy right now","aut","movement","can move itself around the box","y",0.5,NA
"3388","4","india","adults","do you think...?","cb1","R_5hB6J9EfyEaHinj","2014-06-25 22:11:00",7,NA,"male",NA,NA,NA,NA,"hinduism","no",NA,NA,2,"test",11,"phy","metal_plastic","is made out of metal","per","vision","can see me","n",-1.5,NA
"3389","4","india","adults","do you think...?","cb1","R_6svoKnUJvaG2X77","2014-06-25 20:56:00",4,NA,"male",NA,NA,NA,NA,"hinduism","no",NA,NA,2,"practice",1,NA,NA,"is purple",NA,NA,"is green","y",0.5,NA
"3390","4","india","adults","do you think...?","cb1","R_6svoKnUJvaG2X77","2014-06-25 20:56:00",4,NA,"male",NA,NA,NA,NA,"hinduism","no",NA,NA,2,"practice",2,NA,NA,"is walking around",NA,NA,"has legs","n",-0.5,NA
"3391","4","india","adults","do you think...?","cb1","R_6svoKnUJvaG2X77","2014-06-25 20:56:00",4,NA,"male",NA,NA,NA,NA,"hinduism","no",NA,NA,2,"practice",3,NA,NA,"is made out of paper",NA,NA,"might rip sometime","n",-0.5,NA
"3392","4","india","adults","do you think...?","cb1","R_6svoKnUJvaG2X77","2014-06-25 20:56:00",4,NA,"male",NA,NA,NA,NA,"hinduism","no",NA,NA,2,"test",4,"per","vision","can see what the box looks like","aut","noise","can make noises all by itself","y",0.5,NA
"3393","4","india","adults","do you think...?","cb1","R_6svoKnUJvaG2X77","2014-06-25 20:56:00",4,NA,"male",NA,NA,NA,NA,"hinduism","no",NA,NA,2,"test",5,"phy","glass_clay","is made out of clay","phy","metal_plastic","is made out of plastic","n",-1.5,NA
"3394","4","india","adults","do you think...?","cb1","R_6svoKnUJvaG2X77","2014-06-25 20:56:00",4,NA,"male",NA,NA,NA,NA,"hinduism","no",NA,NA,2,"test",6,"aut","movement","is moving itself from one side of the box to the other","per","hearing","can hear me","y",0.5,NA
"3395","4","india","adults","do you think...?","cb1","R_6svoKnUJvaG2X77","2014-06-25 20:56:00",4,NA,"male",NA,NA,NA,NA,"hinduism","no",NA,NA,2,"test",7,"aff","negative","is in a bad mood right now","aff","positive","can be in a good mood sometimes","n",-0.5,NA
"3396","4","india","adults","do you think...?","cb1","R_6svoKnUJvaG2X77","2014-06-25 20:56:00",4,NA,"male",NA,NA,NA,NA,"hinduism","no",NA,NA,2,"test",8,"aut","noise","is making sounds on its own","phy","glass_clay","is made out of glass","y",0.5,NA
"3397","4","india","adults","do you think...?","cb1","R_6svoKnUJvaG2X77","2014-06-25 20:56:00",4,NA,"male",NA,NA,NA,NA,"hinduism","no",NA,NA,2,"test",9,"per","hearing","can hear what's going on around it","aff","negative","can feel sad sometimes","y",0.5,NA
"3398","4","india","adults","do you think...?","cb1","R_6svoKnUJvaG2X77","2014-06-25 20:56:00",4,NA,"male",NA,NA,NA,NA,"hinduism","no",NA,NA,2,"test",10,"aff","positive","feels happy right now","aut","movement","can move itself around the box","y",0.5,NA
"3399","4","india","adults","do you think...?","cb1","R_6svoKnUJvaG2X77","2014-06-25 20:56:00",4,NA,"male",NA,NA,NA,NA,"hinduism","no",NA,NA,2,"test",11,"phy","metal_plastic","is made out of metal","per","vision","can see me","y",0.5,NA
"3400","4","india","adults","do you think...?","cb1","R_88InPVr9BHeirpb","2014-06-25 20:12:00",5,NA,"male",NA,NA,NA,NA,"hinduism","yes","no comments ",NA,2,"practice",1,NA,NA,"is purple",NA,NA,"is green","y",0.5,NA
"3401","4","india","adults","do you think...?","cb1","R_88InPVr9BHeirpb","2014-06-25 20:12:00",5,NA,"male",NA,NA,NA,NA,"hinduism","yes","no comments ",NA,2,"practice",2,NA,NA,"is walking around",NA,NA,"has legs","n",-0.5,NA
"3402","4","india","adults","do you think...?","cb1","R_88InPVr9BHeirpb","2014-06-25 20:12:00",5,NA,"male",NA,NA,NA,NA,"hinduism","yes","no comments ",NA,2,"practice",3,NA,NA,"is made out of paper",NA,NA,"might rip sometime","n",-0.5,NA
"3403","4","india","adults","do you think...?","cb1","R_88InPVr9BHeirpb","2014-06-25 20:12:00",5,NA,"male",NA,NA,NA,NA,"hinduism","yes","no comments ",NA,2,"test",4,"per","vision","can see what the box looks like","aut","noise","can make noises all by itself","n",-0.5,NA
"3404","4","india","adults","do you think...?","cb1","R_88InPVr9BHeirpb","2014-06-25 20:12:00",5,NA,"male",NA,NA,NA,NA,"hinduism","yes","no comments ",NA,2,"test",5,"phy","glass_clay","is made out of clay","phy","metal_plastic","is made out of plastic","y",0.5,NA
"3405","4","india","adults","do you think...?","cb1","R_88InPVr9BHeirpb","2014-06-25 20:12:00",5,NA,"male",NA,NA,NA,NA,"hinduism","yes","no comments ",NA,2,"test",6,"aut","movement","is moving itself from one side of the box to the other","per","hearing","can hear me","y",0.5,NA
"3406","4","india","adults","do you think...?","cb1","R_88InPVr9BHeirpb","2014-06-25 20:12:00",5,NA,"male",NA,NA,NA,NA,"hinduism","yes","no comments ",NA,2,"test",7,"aff","negative","is in a bad mood right now","aff","positive","can be in a good mood sometimes","y",1.5,NA
"3407","4","india","adults","do you think...?","cb1","R_88InPVr9BHeirpb","2014-06-25 20:12:00",5,NA,"male",NA,NA,NA,NA,"hinduism","yes","no comments ",NA,2,"test",8,"aut","noise","is making sounds on its own","phy","glass_clay","is made out of glass","n",-0.5,NA
"3408","4","india","adults","do you think...?","cb1","R_88InPVr9BHeirpb","2014-06-25 20:12:00",5,NA,"male",NA,NA,NA,NA,"hinduism","yes","no comments ",NA,2,"test",9,"per","hearing","can hear what's going on around it","aff","negative","can feel sad sometimes","n",-0.5,NA
"3409","4","india","adults","do you think...?","cb1","R_88InPVr9BHeirpb","2014-06-25 20:12:00",5,NA,"male",NA,NA,NA,NA,"hinduism","yes","no comments ",NA,2,"test",10,"aff","positive","feels happy right now","aut","movement","can move itself around the box","n",-0.5,NA
"3410","4","india","adults","do you think...?","cb1","R_88InPVr9BHeirpb","2014-06-25 20:12:00",5,NA,"male",NA,NA,NA,NA,"hinduism","yes","no comments ",NA,2,"test",11,"phy","metal_plastic","is made out of metal","per","vision","can see me","n",-0.5,NA
"3411","4","india","adults","do you think...?","cb1","R_8vxveGkOZGi2snz","2014-06-25 21:25:00",7,NA,"female",NA,NA,NA,NA,"hinduism","no",NA,NA,2,"practice",1,NA,NA,"is purple",NA,NA,"is green","n",-1.5,NA
"3412","4","india","adults","do you think...?","cb1","R_8vxveGkOZGi2snz","2014-06-25 21:25:00",7,NA,"female",NA,NA,NA,NA,"hinduism","no",NA,NA,2,"practice",2,NA,NA,"is walking around",NA,NA,"has legs","y",1.5,NA
"3413","4","india","adults","do you think...?","cb1","R_8vxveGkOZGi2snz","2014-06-25 21:25:00",7,NA,"female",NA,NA,NA,NA,"hinduism","no",NA,NA,2,"practice",3,NA,NA,"is made out of paper",NA,NA,"might rip sometime","y",0.5,NA
"3414","4","india","adults","do you think...?","cb1","R_8vxveGkOZGi2snz","2014-06-25 21:25:00",7,NA,"female",NA,NA,NA,NA,"hinduism","no",NA,NA,2,"test",4,"per","vision","can see what the box looks like","aut","noise","can make noises all by itself","n",-0.5,NA
"3415","4","india","adults","do you think...?","cb1","R_8vxveGkOZGi2snz","2014-06-25 21:25:00",7,NA,"female",NA,NA,NA,NA,"hinduism","no",NA,NA,2,"test",5,"phy","glass_clay","is made out of clay","phy","metal_plastic","is made out of plastic","n",-1.5,NA
"3416","4","india","adults","do you think...?","cb1","R_8vxveGkOZGi2snz","2014-06-25 21:25:00",7,NA,"female",NA,NA,NA,NA,"hinduism","no",NA,NA,2,"test",6,"aut","movement","is moving itself from one side of the box to the other","per","hearing","can hear me","n",-0.5,NA
"3417","4","india","adults","do you think...?","cb1","R_8vxveGkOZGi2snz","2014-06-25 21:25:00",7,NA,"female",NA,NA,NA,NA,"hinduism","no",NA,NA,2,"test",7,"aff","negative","is in a bad mood right now","aff","positive","can be in a good mood sometimes","y",0.5,NA
"3418","4","india","adults","do you think...?","cb1","R_8vxveGkOZGi2snz","2014-06-25 21:25:00",7,NA,"female",NA,NA,NA,NA,"hinduism","no",NA,NA,2,"test",8,"aut","noise","is making sounds on its own","phy","glass_clay","is made out of glass","y",0.5,NA
"3419","4","india","adults","do you think...?","cb1","R_8vxveGkOZGi2snz","2014-06-25 21:25:00",7,NA,"female",NA,NA,NA,NA,"hinduism","no",NA,NA,2,"test",9,"per","hearing","can hear what's going on around it","aff","negative","can feel sad sometimes","y",0.5,NA
"3420","4","india","adults","do you think...?","cb1","R_8vxveGkOZGi2snz","2014-06-25 21:25:00",7,NA,"female",NA,NA,NA,NA,"hinduism","no",NA,NA,2,"test",10,"aff","positive","feels happy right now","aut","movement","can move itself around the box","y",0.5,NA
"3421","4","india","adults","do you think...?","cb1","R_8vxveGkOZGi2snz","2014-06-25 21:25:00",7,NA,"female",NA,NA,NA,NA,"hinduism","no",NA,NA,2,"test",11,"phy","metal_plastic","is made out of metal","per","vision","can see me","n",-1.5,NA
"3422","4","india","adults","do you think...?","cb1","R_aeYlCcRXlPn57XD","2014-06-25 18:48:00",5,NA,"female",NA,NA,NA,NA,"hinduism","no",NA,NA,2,"practice",1,NA,NA,"is purple",NA,NA,"is green","n",-0.5,NA
"3423","4","india","adults","do you think...?","cb1","R_aeYlCcRXlPn57XD","2014-06-25 18:48:00",5,NA,"female",NA,NA,NA,NA,"hinduism","no",NA,NA,2,"practice",2,NA,NA,"is walking around",NA,NA,"has legs","y",0.5,NA
"3424","4","india","adults","do you think...?","cb1","R_aeYlCcRXlPn57XD","2014-06-25 18:48:00",5,NA,"female",NA,NA,NA,NA,"hinduism","no",NA,NA,2,"practice",3,NA,NA,"is made out of paper",NA,NA,"might rip sometime","n",-0.5,NA
"3425","4","india","adults","do you think...?","cb1","R_aeYlCcRXlPn57XD","2014-06-25 18:48:00",5,NA,"female",NA,NA,NA,NA,"hinduism","no",NA,NA,2,"test",4,"per","vision","can see what the box looks like","aut","noise","can make noises all by itself","y",1.5,NA
"3426","4","india","adults","do you think...?","cb1","R_aeYlCcRXlPn57XD","2014-06-25 18:48:00",5,NA,"female",NA,NA,NA,NA,"hinduism","no",NA,NA,2,"test",5,"phy","glass_clay","is made out of clay","phy","metal_plastic","is made out of plastic","y",0.5,NA
"3427","4","india","adults","do you think...?","cb1","R_aeYlCcRXlPn57XD","2014-06-25 18:48:00",5,NA,"female",NA,NA,NA,NA,"hinduism","no",NA,NA,2,"test",6,"aut","movement","is moving itself from one side of the box to the other","per","hearing","can hear me","y",0.5,NA
"3428","4","india","adults","do you think...?","cb1","R_aeYlCcRXlPn57XD","2014-06-25 18:48:00",5,NA,"female",NA,NA,NA,NA,"hinduism","no",NA,NA,2,"test",7,"aff","negative","is in a bad mood right now","aff","positive","can be in a good mood sometimes","y",1.5,NA
"3429","4","india","adults","do you think...?","cb1","R_aeYlCcRXlPn57XD","2014-06-25 18:48:00",5,NA,"female",NA,NA,NA,NA,"hinduism","no",NA,NA,2,"test",8,"aut","noise","is making sounds on its own","phy","glass_clay","is made out of glass","y",0.5,NA
"3430","4","india","adults","do you think...?","cb1","R_aeYlCcRXlPn57XD","2014-06-25 18:48:00",5,NA,"female",NA,NA,NA,NA,"hinduism","no",NA,NA,2,"test",9,"per","hearing","can hear what's going on around it","aff","negative","can feel sad sometimes","n",-0.5,NA
"3431","4","india","adults","do you think...?","cb1","R_aeYlCcRXlPn57XD","2014-06-25 18:48:00",5,NA,"female",NA,NA,NA,NA,"hinduism","no",NA,NA,2,"test",10,"aff","positive","feels happy right now","aut","movement","can move itself around the box","n",-0.5,NA
"3432","4","india","adults","do you think...?","cb1","R_aeYlCcRXlPn57XD","2014-06-25 18:48:00",5,NA,"female",NA,NA,NA,NA,"hinduism","no",NA,NA,2,"test",11,"phy","metal_plastic","is made out of metal","per","vision","can see me","y",0.5,NA
"3433","4","india","adults","do you think...?","cb1","R_bCpBG6nMVfXrv6d","2014-06-25 23:57:00",7,NA,"male",NA,NA,NA,NA,"hinduism","no",NA,NA,2,"practice",1,NA,NA,"is purple",NA,NA,"is green","n",-1.5,NA
"3434","4","india","adults","do you think...?","cb1","R_bCpBG6nMVfXrv6d","2014-06-25 23:57:00",7,NA,"male",NA,NA,NA,NA,"hinduism","no",NA,NA,2,"practice",2,NA,NA,"is walking around",NA,NA,"has legs","y",1.5,NA
"3435","4","india","adults","do you think...?","cb1","R_bCpBG6nMVfXrv6d","2014-06-25 23:57:00",7,NA,"male",NA,NA,NA,NA,"hinduism","no",NA,NA,2,"practice",3,NA,NA,"is made out of paper",NA,NA,"might rip sometime","y",1.5,NA
"3436","4","india","adults","do you think...?","cb1","R_bCpBG6nMVfXrv6d","2014-06-25 23:57:00",7,NA,"male",NA,NA,NA,NA,"hinduism","no",NA,NA,2,"test",4,"per","vision","can see what the box looks like","aut","noise","can make noises all by itself","y",1.5,NA
"3437","4","india","adults","do you think...?","cb1","R_bCpBG6nMVfXrv6d","2014-06-25 23:57:00",7,NA,"male",NA,NA,NA,NA,"hinduism","no",NA,NA,2,"test",5,"phy","glass_clay","is made out of clay","phy","metal_plastic","is made out of plastic","n",-1.5,NA
"3438","4","india","adults","do you think...?","cb1","R_bCpBG6nMVfXrv6d","2014-06-25 23:57:00",7,NA,"male",NA,NA,NA,NA,"hinduism","no",NA,NA,2,"test",6,"aut","movement","is moving itself from one side of the box to the other","per","hearing","can hear me","y",0.5,NA
"3439","4","india","adults","do you think...?","cb1","R_bCpBG6nMVfXrv6d","2014-06-25 23:57:00",7,NA,"male",NA,NA,NA,NA,"hinduism","no",NA,NA,2,"test",7,"aff","negative","is in a bad mood right now","aff","positive","can be in a good mood sometimes","y",1.5,NA
"3440","4","india","adults","do you think...?","cb1","R_bCpBG6nMVfXrv6d","2014-06-25 23:57:00",7,NA,"male",NA,NA,NA,NA,"hinduism","no",NA,NA,2,"test",8,"aut","noise","is making sounds on its own","phy","glass_clay","is made out of glass","n",-1.5,NA
"3441","4","india","adults","do you think...?","cb1","R_bCpBG6nMVfXrv6d","2014-06-25 23:57:00",7,NA,"male",NA,NA,NA,NA,"hinduism","no",NA,NA,2,"test",9,"per","hearing","can hear what's going on around it","aff","negative","can feel sad sometimes","y",0.5,NA
"3442","4","india","adults","do you think...?","cb1","R_bCpBG6nMVfXrv6d","2014-06-25 23:57:00",7,NA,"male",NA,NA,NA,NA,"hinduism","no",NA,NA,2,"test",10,"aff","positive","feels happy right now","aut","movement","can move itself around the box","y",1.5,NA
"3443","4","india","adults","do you think...?","cb1","R_bCpBG6nMVfXrv6d","2014-06-25 23:57:00",7,NA,"male",NA,NA,NA,NA,"hinduism","no",NA,NA,2,"test",11,"phy","metal_plastic","is made out of metal","per","vision","can see me","n",-1.5,NA
"3444","4","india","adults","do you think...?","cb1","R_eKX2XJ7ckMfp5Fb","2014-06-25 21:18:00",6,NA,"female",NA,NA,NA,NA,"jainism","no",NA,NA,2,"practice",1,NA,NA,"is purple",NA,NA,"is green","y",0.5,NA
"3445","4","india","adults","do you think...?","cb1","R_eKX2XJ7ckMfp5Fb","2014-06-25 21:18:00",6,NA,"female",NA,NA,NA,NA,"jainism","no",NA,NA,2,"practice",2,NA,NA,"is walking around",NA,NA,"has legs","n",-1.5,NA
"3446","4","india","adults","do you think...?","cb1","R_eKX2XJ7ckMfp5Fb","2014-06-25 21:18:00",6,NA,"female",NA,NA,NA,NA,"jainism","no",NA,NA,2,"practice",3,NA,NA,"is made out of paper",NA,NA,"might rip sometime","y",0.5,NA
"3447","4","india","adults","do you think...?","cb1","R_eKX2XJ7ckMfp5Fb","2014-06-25 21:18:00",6,NA,"female",NA,NA,NA,NA,"jainism","no",NA,NA,2,"test",4,"per","vision","can see what the box looks like","aut","noise","can make noises all by itself","y",0.5,NA
"3448","4","india","adults","do you think...?","cb1","R_eKX2XJ7ckMfp5Fb","2014-06-25 21:18:00",6,NA,"female",NA,NA,NA,NA,"jainism","no",NA,NA,2,"test",5,"phy","glass_clay","is made out of clay","phy","metal_plastic","is made out of plastic","n",-0.5,NA
"3449","4","india","adults","do you think...?","cb1","R_eKX2XJ7ckMfp5Fb","2014-06-25 21:18:00",6,NA,"female",NA,NA,NA,NA,"jainism","no",NA,NA,2,"test",6,"aut","movement","is moving itself from one side of the box to the other","per","hearing","can hear me","y",0.5,NA
"3450","4","india","adults","do you think...?","cb1","R_eKX2XJ7ckMfp5Fb","2014-06-25 21:18:00",6,NA,"female",NA,NA,NA,NA,"jainism","no",NA,NA,2,"test",7,"aff","negative","is in a bad mood right now","aff","positive","can be in a good mood sometimes","y",0.5,NA
"3451","4","india","adults","do you think...?","cb1","R_eKX2XJ7ckMfp5Fb","2014-06-25 21:18:00",6,NA,"female",NA,NA,NA,NA,"jainism","no",NA,NA,2,"test",8,"aut","noise","is making sounds on its own","phy","glass_clay","is made out of glass","y",0.5,NA
"3452","4","india","adults","do you think...?","cb1","R_eKX2XJ7ckMfp5Fb","2014-06-25 21:18:00",6,NA,"female",NA,NA,NA,NA,"jainism","no",NA,NA,2,"test",9,"per","hearing","can hear what's going on around it","aff","negative","can feel sad sometimes","y",0.5,NA
"3453","4","india","adults","do you think...?","cb1","R_eKX2XJ7ckMfp5Fb","2014-06-25 21:18:00",6,NA,"female",NA,NA,NA,NA,"jainism","no",NA,NA,2,"test",10,"aff","positive","feels happy right now","aut","movement","can move itself around the box","y",0.5,NA
"3454","4","india","adults","do you think...?","cb1","R_eKX2XJ7ckMfp5Fb","2014-06-25 21:18:00",6,NA,"female",NA,NA,NA,NA,"jainism","no",NA,NA,2,"test",11,"phy","metal_plastic","is made out of metal","per","vision","can see me","n",-1.5,NA
"3455","4","india","adults","do you think...?","cb1","R_em7mwyfhZGOfRGd","2014-06-25 20:49:00",4,NA,"male",NA,NA,NA,NA,"hinduism","no",NA,NA,2,"practice",1,NA,NA,"is purple",NA,NA,"is green","n",-1.5,NA
"3456","4","india","adults","do you think...?","cb1","R_em7mwyfhZGOfRGd","2014-06-25 20:49:00",4,NA,"male",NA,NA,NA,NA,"hinduism","no",NA,NA,2,"practice",2,NA,NA,"is walking around",NA,NA,"has legs","y",1.5,NA
"3457","4","india","adults","do you think...?","cb1","R_em7mwyfhZGOfRGd","2014-06-25 20:49:00",4,NA,"male",NA,NA,NA,NA,"hinduism","no",NA,NA,2,"practice",3,NA,NA,"is made out of paper",NA,NA,"might rip sometime","y",0.5,NA
"3458","4","india","adults","do you think...?","cb1","R_em7mwyfhZGOfRGd","2014-06-25 20:49:00",4,NA,"male",NA,NA,NA,NA,"hinduism","no",NA,NA,2,"test",4,"per","vision","can see what the box looks like","aut","noise","can make noises all by itself","n",-0.5,NA
"3459","4","india","adults","do you think...?","cb1","R_em7mwyfhZGOfRGd","2014-06-25 20:49:00",4,NA,"male",NA,NA,NA,NA,"hinduism","no",NA,NA,2,"test",5,"phy","glass_clay","is made out of clay","phy","metal_plastic","is made out of plastic","n",-1.5,NA
"3460","4","india","adults","do you think...?","cb1","R_em7mwyfhZGOfRGd","2014-06-25 20:49:00",4,NA,"male",NA,NA,NA,NA,"hinduism","no",NA,NA,2,"test",6,"aut","movement","is moving itself from one side of the box to the other","per","hearing","can hear me","y",0.5,NA
"3461","4","india","adults","do you think...?","cb1","R_em7mwyfhZGOfRGd","2014-06-25 20:49:00",4,NA,"male",NA,NA,NA,NA,"hinduism","no",NA,NA,2,"test",7,"aff","negative","is in a bad mood right now","aff","positive","can be in a good mood sometimes","n",-0.5,NA
"3462","4","india","adults","do you think...?","cb1","R_em7mwyfhZGOfRGd","2014-06-25 20:49:00",4,NA,"male",NA,NA,NA,NA,"hinduism","no",NA,NA,2,"test",8,"aut","noise","is making sounds on its own","phy","glass_clay","is made out of glass","y",1.5,NA
"3463","4","india","adults","do you think...?","cb1","R_em7mwyfhZGOfRGd","2014-06-25 20:49:00",4,NA,"male",NA,NA,NA,NA,"hinduism","no",NA,NA,2,"test",9,"per","hearing","can hear what's going on around it","aff","negative","can feel sad sometimes","n",-0.5,NA
"3464","4","india","adults","do you think...?","cb1","R_em7mwyfhZGOfRGd","2014-06-25 20:49:00",4,NA,"male",NA,NA,NA,NA,"hinduism","no",NA,NA,2,"test",10,"aff","positive","feels happy right now","aut","movement","can move itself around the box","y",1.5,NA
"3465","4","india","adults","do you think...?","cb1","R_em7mwyfhZGOfRGd","2014-06-25 20:49:00",4,NA,"male",NA,NA,NA,NA,"hinduism","no",NA,NA,2,"test",11,"phy","metal_plastic","is made out of metal","per","vision","can see me","n",-1.5,NA
"3466","4","india","adults","do you think...?","cb1","R_eu46Nki2hQvcECh","2014-06-26 09:23:00",17,NA,"male",NA,NA,NA,NA,"hinduism","no","Thanks for the opportunity and consideration. Much appreciated.",NA,2,"practice",1,NA,NA,"is purple",NA,NA,"is green","n",-1.5,NA
"3467","4","india","adults","do you think...?","cb1","R_eu46Nki2hQvcECh","2014-06-26 09:23:00",17,NA,"male",NA,NA,NA,NA,"hinduism","no","Thanks for the opportunity and consideration. Much appreciated.",NA,2,"practice",2,NA,NA,"is walking around",NA,NA,"has legs","y",1.5,NA
"3468","4","india","adults","do you think...?","cb1","R_eu46Nki2hQvcECh","2014-06-26 09:23:00",17,NA,"male",NA,NA,NA,NA,"hinduism","no","Thanks for the opportunity and consideration. Much appreciated.",NA,2,"practice",3,NA,NA,"is made out of paper",NA,NA,"might rip sometime","y",1.5,NA
"3469","4","india","adults","do you think...?","cb1","R_eu46Nki2hQvcECh","2014-06-26 09:23:00",17,NA,"male",NA,NA,NA,NA,"hinduism","no","Thanks for the opportunity and consideration. Much appreciated.",NA,2,"test",4,"per","vision","can see what the box looks like","aut","noise","can make noises all by itself","y",1.5,NA
"3470","4","india","adults","do you think...?","cb1","R_eu46Nki2hQvcECh","2014-06-26 09:23:00",17,NA,"male",NA,NA,NA,NA,"hinduism","no","Thanks for the opportunity and consideration. Much appreciated.",NA,2,"test",5,"phy","glass_clay","is made out of clay","phy","metal_plastic","is made out of plastic","n",-1.5,NA
"3471","4","india","adults","do you think...?","cb1","R_eu46Nki2hQvcECh","2014-06-26 09:23:00",17,NA,"male",NA,NA,NA,NA,"hinduism","no","Thanks for the opportunity and consideration. Much appreciated.",NA,2,"test",6,"aut","movement","is moving itself from one side of the box to the other","per","hearing","can hear me","y",0.5,NA
"3472","4","india","adults","do you think...?","cb1","R_eu46Nki2hQvcECh","2014-06-26 09:23:00",17,NA,"male",NA,NA,NA,NA,"hinduism","no","Thanks for the opportunity and consideration. Much appreciated.",NA,2,"test",7,"aff","negative","is in a bad mood right now","aff","positive","can be in a good mood sometimes","y",1.5,NA
"3473","4","india","adults","do you think...?","cb1","R_eu46Nki2hQvcECh","2014-06-26 09:23:00",17,NA,"male",NA,NA,NA,NA,"hinduism","no","Thanks for the opportunity and consideration. Much appreciated.",NA,2,"test",8,"aut","noise","is making sounds on its own","phy","glass_clay","is made out of glass","n",-1.5,NA
"3474","4","india","adults","do you think...?","cb1","R_eu46Nki2hQvcECh","2014-06-26 09:23:00",17,NA,"male",NA,NA,NA,NA,"hinduism","no","Thanks for the opportunity and consideration. Much appreciated.",NA,2,"test",9,"per","hearing","can hear what's going on around it","aff","negative","can feel sad sometimes","y",1.5,NA
"3475","4","india","adults","do you think...?","cb1","R_eu46Nki2hQvcECh","2014-06-26 09:23:00",17,NA,"male",NA,NA,NA,NA,"hinduism","no","Thanks for the opportunity and consideration. Much appreciated.",NA,2,"test",10,"aff","positive","feels happy right now","aut","movement","can move itself around the box","y",0.5,NA
"3476","4","india","adults","do you think...?","cb1","R_eu46Nki2hQvcECh","2014-06-26 09:23:00",17,NA,"male",NA,NA,NA,NA,"hinduism","no","Thanks for the opportunity and consideration. Much appreciated.",NA,2,"test",11,"phy","metal_plastic","is made out of metal","per","vision","can see me","n",-1.5,NA
"3477","4","india","adults","do you think...?","cb1","R_098V7PfN6EG7jiB","2014-06-25 23:52:00",2,NA,"male",NA,NA,NA,NA,"hinduism","yes",NA,NA,3,"practice",1,NA,NA,"is purple",NA,NA,"is green","y",0.5,NA
"3478","4","india","adults","do you think...?","cb1","R_098V7PfN6EG7jiB","2014-06-25 23:52:00",2,NA,"male",NA,NA,NA,NA,"hinduism","yes",NA,NA,3,"practice",2,NA,NA,"is walking around",NA,NA,"has legs","y",0.5,NA
"3479","4","india","adults","do you think...?","cb1","R_098V7PfN6EG7jiB","2014-06-25 23:52:00",2,NA,"male",NA,NA,NA,NA,"hinduism","yes",NA,NA,3,"practice",3,NA,NA,"is made out of paper",NA,NA,"might rip sometime","n",-0.5,NA
"3480","4","india","adults","do you think...?","cb1","R_098V7PfN6EG7jiB","2014-06-25 23:52:00",2,NA,"male",NA,NA,NA,NA,"hinduism","yes",NA,NA,3,"test",4,"aff","negative","feels sad right now","per","vision","can see what the box looks like","y",1.5,NA
"3481","4","india","adults","do you think...?","cb1","R_098V7PfN6EG7jiB","2014-06-25 23:52:00",2,NA,"male",NA,NA,NA,NA,"hinduism","yes",NA,NA,3,"test",5,"per","hearing","can hear what's going on around it","phy","glass_clay","is made out of glass","y",0.5,NA
"3482","4","india","adults","do you think...?","cb1","R_098V7PfN6EG7jiB","2014-06-25 23:52:00",2,NA,"male",NA,NA,NA,NA,"hinduism","yes",NA,NA,3,"test",6,"phy","metal_plastic","is made out of plastic","aff","negative","can be in a bad mood sometimes","n",-0.5,NA
"3483","4","india","adults","do you think...?","cb1","R_098V7PfN6EG7jiB","2014-06-25 23:52:00",2,NA,"male",NA,NA,NA,NA,"hinduism","yes",NA,NA,3,"test",7,"aut","noise","is making noises all by itself","aut","movement","can move itself around the box","n",-0.5,NA
"3484","4","india","adults","do you think...?","cb1","R_098V7PfN6EG7jiB","2014-06-25 23:52:00",2,NA,"male",NA,NA,NA,NA,"hinduism","yes",NA,NA,3,"test",8,"aff","positive","is in a good mood right now","phy","metal_plastic","is made out of metal","y",0.5,NA
"3485","4","india","adults","do you think...?","cb1","R_098V7PfN6EG7jiB","2014-06-25 23:52:00",2,NA,"male",NA,NA,NA,NA,"hinduism","yes",NA,NA,3,"test",9,"per","vision","can see me","per","hearing","can hear me","n",-0.5,NA
"3486","4","india","adults","do you think...?","cb1","R_098V7PfN6EG7jiB","2014-06-25 23:52:00",2,NA,"male",NA,NA,NA,NA,"hinduism","yes",NA,NA,3,"test",10,"phy","glass_clay","is made out of clay","aut","noise","can make sounds on its own","y",0.5,NA
"3487","4","india","adults","do you think...?","cb1","R_098V7PfN6EG7jiB","2014-06-25 23:52:00",2,NA,"male",NA,NA,NA,NA,"hinduism","yes",NA,NA,3,"test",11,"aut","movement","is moving itself from one side of the box to the other","aff","positive","can feel happy sometimes","n",-0.5,NA
"3488","4","india","adults","do you think...?","cb1","R_5gt4dLoOq9wV3eJ","2014-06-25 21:30:00",4,NA,"female",NA,NA,NA,NA,"islam","no",NA,NA,3,"practice",1,NA,NA,"is purple",NA,NA,"is green","y",0.5,NA
"3489","4","india","adults","do you think...?","cb1","R_5gt4dLoOq9wV3eJ","2014-06-25 21:30:00",4,NA,"female",NA,NA,NA,NA,"islam","no",NA,NA,3,"practice",2,NA,NA,"is walking around",NA,NA,"has legs","n",-0.5,NA
"3490","4","india","adults","do you think...?","cb1","R_5gt4dLoOq9wV3eJ","2014-06-25 21:30:00",4,NA,"female",NA,NA,NA,NA,"islam","no",NA,NA,3,"practice",3,NA,NA,"is made out of paper",NA,NA,"might rip sometime","n",-0.5,NA
"3491","4","india","adults","do you think...?","cb1","R_5gt4dLoOq9wV3eJ","2014-06-25 21:30:00",4,NA,"female",NA,NA,NA,NA,"islam","no",NA,NA,3,"test",4,"aff","negative","feels sad right now","per","vision","can see what the box looks like","y",0.5,NA
"3492","4","india","adults","do you think...?","cb1","R_5gt4dLoOq9wV3eJ","2014-06-25 21:30:00",4,NA,"female",NA,NA,NA,NA,"islam","no",NA,NA,3,"test",5,"per","hearing","can hear what's going on around it","phy","glass_clay","is made out of glass","n",-1.5,NA
"3493","4","india","adults","do you think...?","cb1","R_5gt4dLoOq9wV3eJ","2014-06-25 21:30:00",4,NA,"female",NA,NA,NA,NA,"islam","no",NA,NA,3,"test",6,"phy","metal_plastic","is made out of plastic","aff","negative","can be in a bad mood sometimes","y",1.5,NA
"3494","4","india","adults","do you think...?","cb1","R_5gt4dLoOq9wV3eJ","2014-06-25 21:30:00",4,NA,"female",NA,NA,NA,NA,"islam","no",NA,NA,3,"test",7,"aut","noise","is making noises all by itself","aut","movement","can move itself around the box","n",-1.5,NA
"3495","4","india","adults","do you think...?","cb1","R_5gt4dLoOq9wV3eJ","2014-06-25 21:30:00",4,NA,"female",NA,NA,NA,NA,"islam","no",NA,NA,3,"test",8,"aff","positive","is in a good mood right now","phy","metal_plastic","is made out of metal","y",1.5,NA
"3496","4","india","adults","do you think...?","cb1","R_5gt4dLoOq9wV3eJ","2014-06-25 21:30:00",4,NA,"female",NA,NA,NA,NA,"islam","no",NA,NA,3,"test",9,"per","vision","can see me","per","hearing","can hear me","y",1.5,NA
"3497","4","india","adults","do you think...?","cb1","R_5gt4dLoOq9wV3eJ","2014-06-25 21:30:00",4,NA,"female",NA,NA,NA,NA,"islam","no",NA,NA,3,"test",10,"phy","glass_clay","is made out of clay","aut","noise","can make sounds on its own","y",0.5,NA
"3498","4","india","adults","do you think...?","cb1","R_5gt4dLoOq9wV3eJ","2014-06-25 21:30:00",4,NA,"female",NA,NA,NA,NA,"islam","no",NA,NA,3,"test",11,"aut","movement","is moving itself from one side of the box to the other","aff","positive","can feel happy sometimes","y",1.5,NA
"3499","4","india","adults","do you think...?","cb1","R_5yVKGH0ztPSUL65","2014-06-25 21:17:00",6,NA,"male",NA,NA,NA,NA,"hinduism","no",NA,NA,3,"practice",1,NA,NA,"is purple",NA,NA,"is green","n",-1.5,NA
"3500","4","india","adults","do you think...?","cb1","R_5yVKGH0ztPSUL65","2014-06-25 21:17:00",6,NA,"male",NA,NA,NA,NA,"hinduism","no",NA,NA,3,"practice",2,NA,NA,"is walking around",NA,NA,"has legs","y",1.5,NA
"3501","4","india","adults","do you think...?","cb1","R_5yVKGH0ztPSUL65","2014-06-25 21:17:00",6,NA,"male",NA,NA,NA,NA,"hinduism","no",NA,NA,3,"practice",3,NA,NA,"is made out of paper",NA,NA,"might rip sometime","n",-0.5,NA
"3502","4","india","adults","do you think...?","cb1","R_5yVKGH0ztPSUL65","2014-06-25 21:17:00",6,NA,"male",NA,NA,NA,NA,"hinduism","no",NA,NA,3,"test",4,"aff","negative","feels sad right now","per","vision","can see what the box looks like","y",0.5,NA
"3503","4","india","adults","do you think...?","cb1","R_5yVKGH0ztPSUL65","2014-06-25 21:17:00",6,NA,"male",NA,NA,NA,NA,"hinduism","no",NA,NA,3,"test",5,"per","hearing","can hear what's going on around it","phy","glass_clay","is made out of glass","n",-0.5,NA
"3504","4","india","adults","do you think...?","cb1","R_5yVKGH0ztPSUL65","2014-06-25 21:17:00",6,NA,"male",NA,NA,NA,NA,"hinduism","no",NA,NA,3,"test",6,"phy","metal_plastic","is made out of plastic","aff","negative","can be in a bad mood sometimes","y",0.5,NA
"3505","4","india","adults","do you think...?","cb1","R_5yVKGH0ztPSUL65","2014-06-25 21:17:00",6,NA,"male",NA,NA,NA,NA,"hinduism","no",NA,NA,3,"test",7,"aut","noise","is making noises all by itself","aut","movement","can move itself around the box","n",-0.5,NA
"3506","4","india","adults","do you think...?","cb1","R_5yVKGH0ztPSUL65","2014-06-25 21:17:00",6,NA,"male",NA,NA,NA,NA,"hinduism","no",NA,NA,3,"test",8,"aff","positive","is in a good mood right now","phy","metal_plastic","is made out of metal","y",0.5,NA
"3507","4","india","adults","do you think...?","cb1","R_5yVKGH0ztPSUL65","2014-06-25 21:17:00",6,NA,"male",NA,NA,NA,NA,"hinduism","no",NA,NA,3,"test",9,"per","vision","can see me","per","hearing","can hear me","y",1.5,NA
"3508","4","india","adults","do you think...?","cb1","R_5yVKGH0ztPSUL65","2014-06-25 21:17:00",6,NA,"male",NA,NA,NA,NA,"hinduism","no",NA,NA,3,"test",10,"phy","glass_clay","is made out of clay","aut","noise","can make sounds on its own","n",-0.5,NA
"3509","4","india","adults","do you think...?","cb1","R_5yVKGH0ztPSUL65","2014-06-25 21:17:00",6,NA,"male",NA,NA,NA,NA,"hinduism","no",NA,NA,3,"test",11,"aut","movement","is moving itself from one side of the box to the other","aff","positive","can feel happy sometimes","y",0.5,NA
"3510","4","india","adults","do you think...?","cb1","R_8JpDIsDIHXLgFw1","2014-06-25 20:21:00",7,NA,"male",NA,NA,NA,NA,"hinduism","no","Interesting One.",NA,3,"practice",1,NA,NA,"is purple",NA,NA,"is green","n",-1.5,NA
"3511","4","india","adults","do you think...?","cb1","R_8JpDIsDIHXLgFw1","2014-06-25 20:21:00",7,NA,"male",NA,NA,NA,NA,"hinduism","no","Interesting One.",NA,3,"practice",2,NA,NA,"is walking around",NA,NA,"has legs","y",1.5,NA
"3512","4","india","adults","do you think...?","cb1","R_8JpDIsDIHXLgFw1","2014-06-25 20:21:00",7,NA,"male",NA,NA,NA,NA,"hinduism","no","Interesting One.",NA,3,"practice",3,NA,NA,"is made out of paper",NA,NA,"might rip sometime","y",0.5,NA
"3513","4","india","adults","do you think...?","cb1","R_8JpDIsDIHXLgFw1","2014-06-25 20:21:00",7,NA,"male",NA,NA,NA,NA,"hinduism","no","Interesting One.",NA,3,"test",4,"aff","negative","feels sad right now","per","vision","can see what the box looks like","y",0.5,NA
"3514","4","india","adults","do you think...?","cb1","R_8JpDIsDIHXLgFw1","2014-06-25 20:21:00",7,NA,"male",NA,NA,NA,NA,"hinduism","no","Interesting One.",NA,3,"test",5,"per","hearing","can hear what's going on around it","phy","glass_clay","is made out of glass","n",-1.5,NA
"3515","4","india","adults","do you think...?","cb1","R_8JpDIsDIHXLgFw1","2014-06-25 20:21:00",7,NA,"male",NA,NA,NA,NA,"hinduism","no","Interesting One.",NA,3,"test",6,"phy","metal_plastic","is made out of plastic","aff","negative","can be in a bad mood sometimes","n",-1.5,NA
"3516","4","india","adults","do you think...?","cb1","R_8JpDIsDIHXLgFw1","2014-06-25 20:21:00",7,NA,"male",NA,NA,NA,NA,"hinduism","no","Interesting One.",NA,3,"test",7,"aut","noise","is making noises all by itself","aut","movement","can move itself around the box","y",1.5,NA
"3517","4","india","adults","do you think...?","cb1","R_8JpDIsDIHXLgFw1","2014-06-25 20:21:00",7,NA,"male",NA,NA,NA,NA,"hinduism","no","Interesting One.",NA,3,"test",8,"aff","positive","is in a good mood right now","phy","metal_plastic","is made out of metal","n",-1.5,NA
"3518","4","india","adults","do you think...?","cb1","R_8JpDIsDIHXLgFw1","2014-06-25 20:21:00",7,NA,"male",NA,NA,NA,NA,"hinduism","no","Interesting One.",NA,3,"test",9,"per","vision","can see me","per","hearing","can hear me","y",0.5,NA
"3519","4","india","adults","do you think...?","cb1","R_8JpDIsDIHXLgFw1","2014-06-25 20:21:00",7,NA,"male",NA,NA,NA,NA,"hinduism","no","Interesting One.",NA,3,"test",10,"phy","glass_clay","is made out of clay","aut","noise","can make sounds on its own","n",-1.5,NA
"3520","4","india","adults","do you think...?","cb1","R_8JpDIsDIHXLgFw1","2014-06-25 20:21:00",7,NA,"male",NA,NA,NA,NA,"hinduism","no","Interesting One.",NA,3,"test",11,"aut","movement","is moving itself from one side of the box to the other","aff","positive","can feel happy sometimes","y",0.5,NA
"3521","4","india","adults","do you think...?","cb1","R_9Nzf48gTiYhVmgR","2014-06-25 22:58:00",5,NA,"male",NA,NA,NA,NA,"hinduism","no",NA,NA,3,"practice",1,NA,NA,"is purple",NA,NA,"is green","n",-1.5,NA
"3522","4","india","adults","do you think...?","cb1","R_9Nzf48gTiYhVmgR","2014-06-25 22:58:00",5,NA,"male",NA,NA,NA,NA,"hinduism","no",NA,NA,3,"practice",2,NA,NA,"is walking around",NA,NA,"has legs","y",1.5,NA
"3523","4","india","adults","do you think...?","cb1","R_9Nzf48gTiYhVmgR","2014-06-25 22:58:00",5,NA,"male",NA,NA,NA,NA,"hinduism","no",NA,NA,3,"practice",3,NA,NA,"is made out of paper",NA,NA,"might rip sometime","y",0.5,NA
"3524","4","india","adults","do you think...?","cb1","R_9Nzf48gTiYhVmgR","2014-06-25 22:58:00",5,NA,"male",NA,NA,NA,NA,"hinduism","no",NA,NA,3,"test",4,"aff","negative","feels sad right now","per","vision","can see what the box looks like","y",0.5,NA
"3525","4","india","adults","do you think...?","cb1","R_9Nzf48gTiYhVmgR","2014-06-25 22:58:00",5,NA,"male",NA,NA,NA,NA,"hinduism","no",NA,NA,3,"test",5,"per","hearing","can hear what's going on around it","phy","glass_clay","is made out of glass","n",-1.5,NA
"3526","4","india","adults","do you think...?","cb1","R_9Nzf48gTiYhVmgR","2014-06-25 22:58:00",5,NA,"male",NA,NA,NA,NA,"hinduism","no",NA,NA,3,"test",6,"phy","metal_plastic","is made out of plastic","aff","negative","can be in a bad mood sometimes","n",-1.5,NA
"3527","4","india","adults","do you think...?","cb1","R_9Nzf48gTiYhVmgR","2014-06-25 22:58:00",5,NA,"male",NA,NA,NA,NA,"hinduism","no",NA,NA,3,"test",7,"aut","noise","is making noises all by itself","aut","movement","can move itself around the box","n",-0.5,NA
"3528","4","india","adults","do you think...?","cb1","R_9Nzf48gTiYhVmgR","2014-06-25 22:58:00",5,NA,"male",NA,NA,NA,NA,"hinduism","no",NA,NA,3,"test",8,"aff","positive","is in a good mood right now","phy","metal_plastic","is made out of metal","n",-1.5,NA
"3529","4","india","adults","do you think...?","cb1","R_9Nzf48gTiYhVmgR","2014-06-25 22:58:00",5,NA,"male",NA,NA,NA,NA,"hinduism","no",NA,NA,3,"test",9,"per","vision","can see me","per","hearing","can hear me","y",0.5,NA
"3530","4","india","adults","do you think...?","cb1","R_9Nzf48gTiYhVmgR","2014-06-25 22:58:00",5,NA,"male",NA,NA,NA,NA,"hinduism","no",NA,NA,3,"test",10,"phy","glass_clay","is made out of clay","aut","noise","can make sounds on its own","n",-1.5,NA
"3531","4","india","adults","do you think...?","cb1","R_9Nzf48gTiYhVmgR","2014-06-25 22:58:00",5,NA,"male",NA,NA,NA,NA,"hinduism","no",NA,NA,3,"test",11,"aut","movement","is moving itself from one side of the box to the other","aff","positive","can feel happy sometimes","y",0.5,NA
"3532","4","india","adults","do you think...?","cb1","R_9tAKs7uiqmmDSuN","2014-06-26 00:48:00",4,NA,"male",NA,NA,NA,NA,"jainism","no",NA,NA,3,"practice",1,NA,NA,"is purple",NA,NA,"is green","n",-1.5,NA
"3533","4","india","adults","do you think...?","cb1","R_9tAKs7uiqmmDSuN","2014-06-26 00:48:00",4,NA,"male",NA,NA,NA,NA,"jainism","no",NA,NA,3,"practice",2,NA,NA,"is walking around",NA,NA,"has legs","n",-1.5,NA
"3534","4","india","adults","do you think...?","cb1","R_9tAKs7uiqmmDSuN","2014-06-26 00:48:00",4,NA,"male",NA,NA,NA,NA,"jainism","no",NA,NA,3,"practice",3,NA,NA,"is made out of paper",NA,NA,"might rip sometime","y",0.5,NA
"3535","4","india","adults","do you think...?","cb1","R_9tAKs7uiqmmDSuN","2014-06-26 00:48:00",4,NA,"male",NA,NA,NA,NA,"jainism","no",NA,NA,3,"test",4,"aff","negative","feels sad right now","per","vision","can see what the box looks like","n",-0.5,NA
"3536","4","india","adults","do you think...?","cb1","R_9tAKs7uiqmmDSuN","2014-06-26 00:48:00",4,NA,"male",NA,NA,NA,NA,"jainism","no",NA,NA,3,"test",5,"per","hearing","can hear what's going on around it","phy","glass_clay","is made out of glass","n",-1.5,NA
"3537","4","india","adults","do you think...?","cb1","R_9tAKs7uiqmmDSuN","2014-06-26 00:48:00",4,NA,"male",NA,NA,NA,NA,"jainism","no",NA,NA,3,"test",6,"phy","metal_plastic","is made out of plastic","aff","negative","can be in a bad mood sometimes","y",0.5,NA
"3538","4","india","adults","do you think...?","cb1","R_9tAKs7uiqmmDSuN","2014-06-26 00:48:00",4,NA,"male",NA,NA,NA,NA,"jainism","no",NA,NA,3,"test",7,"aut","noise","is making noises all by itself","aut","movement","can move itself around the box","y",0.5,NA
"3539","4","india","adults","do you think...?","cb1","R_9tAKs7uiqmmDSuN","2014-06-26 00:48:00",4,NA,"male",NA,NA,NA,NA,"jainism","no",NA,NA,3,"test",8,"aff","positive","is in a good mood right now","phy","metal_plastic","is made out of metal","y",0.5,NA
"3540","4","india","adults","do you think...?","cb1","R_9tAKs7uiqmmDSuN","2014-06-26 00:48:00",4,NA,"male",NA,NA,NA,NA,"jainism","no",NA,NA,3,"test",9,"per","vision","can see me","per","hearing","can hear me","n",-1.5,NA
"3541","4","india","adults","do you think...?","cb1","R_9tAKs7uiqmmDSuN","2014-06-26 00:48:00",4,NA,"male",NA,NA,NA,NA,"jainism","no",NA,NA,3,"test",10,"phy","glass_clay","is made out of clay","aut","noise","can make sounds on its own","y",0.5,NA
"3542","4","india","adults","do you think...?","cb1","R_9tAKs7uiqmmDSuN","2014-06-26 00:48:00",4,NA,"male",NA,NA,NA,NA,"jainism","no",NA,NA,3,"test",11,"aut","movement","is moving itself from one side of the box to the other","aff","positive","can feel happy sometimes","n",-1.5,NA
"3543","4","india","adults","do you think...?","cb1","R_bD68bazHIu2lejH","2014-06-25 23:14:00",6,NA,"female",NA,NA,NA,NA,"christianity","yes",NA,NA,3,"practice",1,NA,NA,"is purple",NA,NA,"is green","y",0.5,NA
"3544","4","india","adults","do you think...?","cb1","R_bD68bazHIu2lejH","2014-06-25 23:14:00",6,NA,"female",NA,NA,NA,NA,"christianity","yes",NA,NA,3,"practice",2,NA,NA,"is walking around",NA,NA,"has legs","n",-0.5,NA
"3545","4","india","adults","do you think...?","cb1","R_bD68bazHIu2lejH","2014-06-25 23:14:00",6,NA,"female",NA,NA,NA,NA,"christianity","yes",NA,NA,3,"practice",3,NA,NA,"is made out of paper",NA,NA,"might rip sometime","y",0.5,NA
"3546","4","india","adults","do you think...?","cb1","R_bD68bazHIu2lejH","2014-06-25 23:14:00",6,NA,"female",NA,NA,NA,NA,"christianity","yes",NA,NA,3,"test",4,"aff","negative","feels sad right now","per","vision","can see what the box looks like","n",-1.5,NA
"3547","4","india","adults","do you think...?","cb1","R_bD68bazHIu2lejH","2014-06-25 23:14:00",6,NA,"female",NA,NA,NA,NA,"christianity","yes",NA,NA,3,"test",5,"per","hearing","can hear what's going on around it","phy","glass_clay","is made out of glass","n",-0.5,NA
"3548","4","india","adults","do you think...?","cb1","R_bD68bazHIu2lejH","2014-06-25 23:14:00",6,NA,"female",NA,NA,NA,NA,"christianity","yes",NA,NA,3,"test",6,"phy","metal_plastic","is made out of plastic","aff","negative","can be in a bad mood sometimes","y",0.5,NA
"3549","4","india","adults","do you think...?","cb1","R_bD68bazHIu2lejH","2014-06-25 23:14:00",6,NA,"female",NA,NA,NA,NA,"christianity","yes",NA,NA,3,"test",7,"aut","noise","is making noises all by itself","aut","movement","can move itself around the box","y",0.5,NA
"3550","4","india","adults","do you think...?","cb1","R_bD68bazHIu2lejH","2014-06-25 23:14:00",6,NA,"female",NA,NA,NA,NA,"christianity","yes",NA,NA,3,"test",8,"aff","positive","is in a good mood right now","phy","metal_plastic","is made out of metal","y",0.5,NA
"3551","4","india","adults","do you think...?","cb1","R_bD68bazHIu2lejH","2014-06-25 23:14:00",6,NA,"female",NA,NA,NA,NA,"christianity","yes",NA,NA,3,"test",9,"per","vision","can see me","per","hearing","can hear me","y",0.5,NA
"3552","4","india","adults","do you think...?","cb1","R_bD68bazHIu2lejH","2014-06-25 23:14:00",6,NA,"female",NA,NA,NA,NA,"christianity","yes",NA,NA,3,"test",10,"phy","glass_clay","is made out of clay","aut","noise","can make sounds on its own","y",0.5,NA
"3553","4","india","adults","do you think...?","cb1","R_bD68bazHIu2lejH","2014-06-25 23:14:00",6,NA,"female",NA,NA,NA,NA,"christianity","yes",NA,NA,3,"test",11,"aut","movement","is moving itself from one side of the box to the other","aff","positive","can feel happy sometimes","y",1.5,NA
"3554","4","india","adults","do you think...?","cb1","R_bOceZGCjZNggljD","2014-06-25 22:13:00",4,NA,"male",NA,NA,NA,NA,"christianity","no",NA,NA,3,"practice",1,NA,NA,"is purple",NA,NA,"is green","n",-1.5,NA
"3555","4","india","adults","do you think...?","cb1","R_bOceZGCjZNggljD","2014-06-25 22:13:00",4,NA,"male",NA,NA,NA,NA,"christianity","no",NA,NA,3,"practice",2,NA,NA,"is walking around",NA,NA,"has legs","y",0.5,NA
"3556","4","india","adults","do you think...?","cb1","R_bOceZGCjZNggljD","2014-06-25 22:13:00",4,NA,"male",NA,NA,NA,NA,"christianity","no",NA,NA,3,"practice",3,NA,NA,"is made out of paper",NA,NA,"might rip sometime","n",-0.5,NA
"3557","4","india","adults","do you think...?","cb1","R_bOceZGCjZNggljD","2014-06-25 22:13:00",4,NA,"male",NA,NA,NA,NA,"christianity","no",NA,NA,3,"test",4,"aff","negative","feels sad right now","per","vision","can see what the box looks like","y",0.5,NA
"3558","4","india","adults","do you think...?","cb1","R_bOceZGCjZNggljD","2014-06-25 22:13:00",4,NA,"male",NA,NA,NA,NA,"christianity","no",NA,NA,3,"test",5,"per","hearing","can hear what's going on around it","phy","glass_clay","is made out of glass","n",-1.5,NA
"3559","4","india","adults","do you think...?","cb1","R_bOceZGCjZNggljD","2014-06-25 22:13:00",4,NA,"male",NA,NA,NA,NA,"christianity","no",NA,NA,3,"test",6,"phy","metal_plastic","is made out of plastic","aff","negative","can be in a bad mood sometimes","n",-1.5,NA
"3560","4","india","adults","do you think...?","cb1","R_bOceZGCjZNggljD","2014-06-25 22:13:00",4,NA,"male",NA,NA,NA,NA,"christianity","no",NA,NA,3,"test",7,"aut","noise","is making noises all by itself","aut","movement","can move itself around the box","y",0.5,NA
"3561","4","india","adults","do you think...?","cb1","R_bOceZGCjZNggljD","2014-06-25 22:13:00",4,NA,"male",NA,NA,NA,NA,"christianity","no",NA,NA,3,"test",8,"aff","positive","is in a good mood right now","phy","metal_plastic","is made out of metal","n",-1.5,NA
"3562","4","india","adults","do you think...?","cb1","R_bOceZGCjZNggljD","2014-06-25 22:13:00",4,NA,"male",NA,NA,NA,NA,"christianity","no",NA,NA,3,"test",9,"per","vision","can see me","per","hearing","can hear me","y",0.5,NA
"3563","4","india","adults","do you think...?","cb1","R_bOceZGCjZNggljD","2014-06-25 22:13:00",4,NA,"male",NA,NA,NA,NA,"christianity","no",NA,NA,3,"test",10,"phy","glass_clay","is made out of clay","aut","noise","can make sounds on its own","n",-1.5,NA
"3564","4","india","adults","do you think...?","cb1","R_bOceZGCjZNggljD","2014-06-25 22:13:00",4,NA,"male",NA,NA,NA,NA,"christianity","no",NA,NA,3,"test",11,"aut","movement","is moving itself from one side of the box to the other","aff","positive","can feel happy sometimes","y",0.5,NA
"3565","4","india","adults","do you think...?","cb1","R_bQIUbicP96BP1mB","2014-06-25 22:16:00",6,NA,"male",NA,NA,NA,NA,"hinduism","no",NA,NA,3,"practice",1,NA,NA,"is purple",NA,NA,"is green","n",-1.5,NA
"3566","4","india","adults","do you think...?","cb1","R_bQIUbicP96BP1mB","2014-06-25 22:16:00",6,NA,"male",NA,NA,NA,NA,"hinduism","no",NA,NA,3,"practice",2,NA,NA,"is walking around",NA,NA,"has legs","y",0.5,NA
"3567","4","india","adults","do you think...?","cb1","R_bQIUbicP96BP1mB","2014-06-25 22:16:00",6,NA,"male",NA,NA,NA,NA,"hinduism","no",NA,NA,3,"practice",3,NA,NA,"is made out of paper",NA,NA,"might rip sometime","y",0.5,NA
"3568","4","india","adults","do you think...?","cb1","R_bQIUbicP96BP1mB","2014-06-25 22:16:00",6,NA,"male",NA,NA,NA,NA,"hinduism","no",NA,NA,3,"test",4,"aff","negative","feels sad right now","per","vision","can see what the box looks like","n",-0.5,NA
"3569","4","india","adults","do you think...?","cb1","R_bQIUbicP96BP1mB","2014-06-25 22:16:00",6,NA,"male",NA,NA,NA,NA,"hinduism","no",NA,NA,3,"test",5,"per","hearing","can hear what's going on around it","phy","glass_clay","is made out of glass","n",-0.5,NA
"3570","4","india","adults","do you think...?","cb1","R_bQIUbicP96BP1mB","2014-06-25 22:16:00",6,NA,"male",NA,NA,NA,NA,"hinduism","no",NA,NA,3,"test",6,"phy","metal_plastic","is made out of plastic","aff","negative","can be in a bad mood sometimes","n",-0.5,NA
"3571","4","india","adults","do you think...?","cb1","R_bQIUbicP96BP1mB","2014-06-25 22:16:00",6,NA,"male",NA,NA,NA,NA,"hinduism","no",NA,NA,3,"test",7,"aut","noise","is making noises all by itself","aut","movement","can move itself around the box","y",0.5,NA
"3572","4","india","adults","do you think...?","cb1","R_bQIUbicP96BP1mB","2014-06-25 22:16:00",6,NA,"male",NA,NA,NA,NA,"hinduism","no",NA,NA,3,"test",8,"aff","positive","is in a good mood right now","phy","metal_plastic","is made out of metal","y",0.5,NA
"3573","4","india","adults","do you think...?","cb1","R_bQIUbicP96BP1mB","2014-06-25 22:16:00",6,NA,"male",NA,NA,NA,NA,"hinduism","no",NA,NA,3,"test",9,"per","vision","can see me","per","hearing","can hear me","y",0.5,NA
"3574","4","india","adults","do you think...?","cb1","R_bQIUbicP96BP1mB","2014-06-25 22:16:00",6,NA,"male",NA,NA,NA,NA,"hinduism","no",NA,NA,3,"test",10,"phy","glass_clay","is made out of clay","aut","noise","can make sounds on its own","y",0.5,NA
"3575","4","india","adults","do you think...?","cb1","R_bQIUbicP96BP1mB","2014-06-25 22:16:00",6,NA,"male",NA,NA,NA,NA,"hinduism","no",NA,NA,3,"test",11,"aut","movement","is moving itself from one side of the box to the other","aff","positive","can feel happy sometimes","y",0.5,NA
"3576","4","india","adults","do you think...?","cb1","R_exhgNaGy9vo2VuZ","2014-06-25 20:16:00",14,NA,"male",NA,NA,NA,NA,"hinduism","no",NA,NA,3,"practice",1,NA,NA,"is purple",NA,NA,"is green","n",-1.5,NA
"3577","4","india","adults","do you think...?","cb1","R_exhgNaGy9vo2VuZ","2014-06-25 20:16:00",14,NA,"male",NA,NA,NA,NA,"hinduism","no",NA,NA,3,"practice",2,NA,NA,"is walking around",NA,NA,"has legs","y",0.5,NA
"3578","4","india","adults","do you think...?","cb1","R_exhgNaGy9vo2VuZ","2014-06-25 20:16:00",14,NA,"male",NA,NA,NA,NA,"hinduism","no",NA,NA,3,"practice",3,NA,NA,"is made out of paper",NA,NA,"might rip sometime","n",-1.5,NA
"3579","4","india","adults","do you think...?","cb1","R_exhgNaGy9vo2VuZ","2014-06-25 20:16:00",14,NA,"male",NA,NA,NA,NA,"hinduism","no",NA,NA,3,"test",4,"aff","negative","feels sad right now","per","vision","can see what the box looks like","n",-1.5,NA
"3580","4","india","adults","do you think...?","cb1","R_exhgNaGy9vo2VuZ","2014-06-25 20:16:00",14,NA,"male",NA,NA,NA,NA,"hinduism","no",NA,NA,3,"test",5,"per","hearing","can hear what's going on around it","phy","glass_clay","is made out of glass","y",0.5,NA
"3581","4","india","adults","do you think...?","cb1","R_exhgNaGy9vo2VuZ","2014-06-25 20:16:00",14,NA,"male",NA,NA,NA,NA,"hinduism","no",NA,NA,3,"test",6,"phy","metal_plastic","is made out of plastic","aff","negative","can be in a bad mood sometimes","n",-1.5,NA
"3582","4","india","adults","do you think...?","cb1","R_exhgNaGy9vo2VuZ","2014-06-25 20:16:00",14,NA,"male",NA,NA,NA,NA,"hinduism","no",NA,NA,3,"test",7,"aut","noise","is making noises all by itself","aut","movement","can move itself around the box","y",0.5,NA
"3583","4","india","adults","do you think...?","cb1","R_exhgNaGy9vo2VuZ","2014-06-25 20:16:00",14,NA,"male",NA,NA,NA,NA,"hinduism","no",NA,NA,3,"test",8,"aff","positive","is in a good mood right now","phy","metal_plastic","is made out of metal","y",0.5,NA
"3584","4","india","adults","do you think...?","cb1","R_exhgNaGy9vo2VuZ","2014-06-25 20:16:00",14,NA,"male",NA,NA,NA,NA,"hinduism","no",NA,NA,3,"test",9,"per","vision","can see me","per","hearing","can hear me","y",0.5,NA
"3585","4","india","adults","do you think...?","cb1","R_exhgNaGy9vo2VuZ","2014-06-25 20:16:00",14,NA,"male",NA,NA,NA,NA,"hinduism","no",NA,NA,3,"test",10,"phy","glass_clay","is made out of clay","aut","noise","can make sounds on its own","n",-1.5,NA
"3586","4","india","adults","do you think...?","cb1","R_exhgNaGy9vo2VuZ","2014-06-25 20:16:00",14,NA,"male",NA,NA,NA,NA,"hinduism","no",NA,NA,3,"test",11,"aut","movement","is moving itself from one side of the box to the other","aff","positive","can feel happy sometimes","n",-0.5,NA
"3587","4","india","adults","do you think...?","cb1","R_01CmPlK7oSmoKJT","2014-06-25 22:44:00",5,NA,"male",NA,NA,NA,NA,"hinduism","unsure",NA,NA,4,"practice",1,NA,NA,"is purple",NA,NA,"is green","y",1.5,NA
"3588","4","india","adults","do you think...?","cb1","R_01CmPlK7oSmoKJT","2014-06-25 22:44:00",5,NA,"male",NA,NA,NA,NA,"hinduism","unsure",NA,NA,4,"practice",2,NA,NA,"is walking around",NA,NA,"has legs","y",1.5,NA
"3589","4","india","adults","do you think...?","cb1","R_01CmPlK7oSmoKJT","2014-06-25 22:44:00",5,NA,"male",NA,NA,NA,NA,"hinduism","unsure",NA,NA,4,"practice",3,NA,NA,"is made out of paper",NA,NA,"might rip sometime","y",0.5,NA
"3590","4","india","adults","do you think...?","cb1","R_01CmPlK7oSmoKJT","2014-06-25 22:44:00",5,NA,"male",NA,NA,NA,NA,"hinduism","unsure",NA,NA,4,"test",4,"aut","noise","is making noises all by itself","aff","positive","can be in a good mood sometimes","y",0.5,NA
"3591","4","india","adults","do you think...?","cb1","R_01CmPlK7oSmoKJT","2014-06-25 22:44:00",5,NA,"male",NA,NA,NA,NA,"hinduism","unsure",NA,NA,4,"test",5,"phy","metal_plastic","is made out of metal","aut","movement","can move itself from one side of the box to the other","y",0.5,NA
"3592","4","india","adults","do you think...?","cb1","R_01CmPlK7oSmoKJT","2014-06-25 22:44:00",5,NA,"male",NA,NA,NA,NA,"hinduism","unsure",NA,NA,4,"test",6,"per","vision","can see what the box looks like","per","hearing","can hear what's going on around it","y",0.5,NA
"3593","4","india","adults","do you think...?","cb1","R_01CmPlK7oSmoKJT","2014-06-25 22:44:00",5,NA,"male",NA,NA,NA,NA,"hinduism","unsure",NA,NA,4,"test",7,"aff","negative","is in a bad mood right now","phy","glass_clay","is made out of clay","n",-0.5,NA
"3594","4","india","adults","do you think...?","cb1","R_01CmPlK7oSmoKJT","2014-06-25 22:44:00",5,NA,"male",NA,NA,NA,NA,"hinduism","unsure",NA,NA,4,"test",8,"aut","movement","is moving itself around the box","aut","noise","can make sounds on its own","n",-0.5,NA
"3595","4","india","adults","do you think...?","cb1","R_01CmPlK7oSmoKJT","2014-06-25 22:44:00",5,NA,"male",NA,NA,NA,NA,"hinduism","unsure",NA,NA,4,"test",9,"phy","glass_clay","is made out of glass","aff","negative","can feel sad sometimes","n",-0.5,NA
"3596","4","india","adults","do you think...?","cb1","R_01CmPlK7oSmoKJT","2014-06-25 22:44:00",5,NA,"male",NA,NA,NA,NA,"hinduism","unsure",NA,NA,4,"test",10,"per","hearing","can hear me","phy","metal_plastic","is made out of plastic","n",-0.5,NA
"3597","4","india","adults","do you think...?","cb1","R_01CmPlK7oSmoKJT","2014-06-25 22:44:00",5,NA,"male",NA,NA,NA,NA,"hinduism","unsure",NA,NA,4,"test",11,"aff","positive","feels happy right now","per","vision","can see me","y",1.5,NA
"3598","4","india","adults","do you think...?","cb1","R_1SQmi3SwioBrX1j","2014-06-25 22:33:00",11,NA,"male",NA,NA,NA,NA,"non-religious","no",NA,NA,4,"practice",1,NA,NA,"is purple",NA,NA,"is green","n",-1.5,NA
"3599","4","india","adults","do you think...?","cb1","R_1SQmi3SwioBrX1j","2014-06-25 22:33:00",11,NA,"male",NA,NA,NA,NA,"non-religious","no",NA,NA,4,"practice",2,NA,NA,"is walking around",NA,NA,"has legs","y",1.5,NA
"3600","4","india","adults","do you think...?","cb1","R_1SQmi3SwioBrX1j","2014-06-25 22:33:00",11,NA,"male",NA,NA,NA,NA,"non-religious","no",NA,NA,4,"practice",3,NA,NA,"is made out of paper",NA,NA,"might rip sometime","y",1.5,NA
"3601","4","india","adults","do you think...?","cb1","R_1SQmi3SwioBrX1j","2014-06-25 22:33:00",11,NA,"male",NA,NA,NA,NA,"non-religious","no",NA,NA,4,"test",4,"aut","noise","is making noises all by itself","aff","positive","can be in a good mood sometimes","y",0.5,NA
"3602","4","india","adults","do you think...?","cb1","R_1SQmi3SwioBrX1j","2014-06-25 22:33:00",11,NA,"male",NA,NA,NA,NA,"non-religious","no",NA,NA,4,"test",5,"phy","metal_plastic","is made out of metal","aut","movement","can move itself from one side of the box to the other","n",-1.5,NA
"3603","4","india","adults","do you think...?","cb1","R_1SQmi3SwioBrX1j","2014-06-25 22:33:00",11,NA,"male",NA,NA,NA,NA,"non-religious","no",NA,NA,4,"test",6,"per","vision","can see what the box looks like","per","hearing","can hear what's going on around it","y",0.5,NA
"3604","4","india","adults","do you think...?","cb1","R_1SQmi3SwioBrX1j","2014-06-25 22:33:00",11,NA,"male",NA,NA,NA,NA,"non-religious","no",NA,NA,4,"test",7,"aff","negative","is in a bad mood right now","phy","glass_clay","is made out of clay","n",-1.5,NA
"3605","4","india","adults","do you think...?","cb1","R_1SQmi3SwioBrX1j","2014-06-25 22:33:00",11,NA,"male",NA,NA,NA,NA,"non-religious","no",NA,NA,4,"test",8,"aut","movement","is moving itself around the box","aut","noise","can make sounds on its own","y",0.5,NA
"3606","4","india","adults","do you think...?","cb1","R_1SQmi3SwioBrX1j","2014-06-25 22:33:00",11,NA,"male",NA,NA,NA,NA,"non-religious","no",NA,NA,4,"test",9,"phy","glass_clay","is made out of glass","aff","negative","can feel sad sometimes","n",-1.5,NA
"3607","4","india","adults","do you think...?","cb1","R_1SQmi3SwioBrX1j","2014-06-25 22:33:00",11,NA,"male",NA,NA,NA,NA,"non-religious","no",NA,NA,4,"test",10,"per","hearing","can hear me","phy","metal_plastic","is made out of plastic","n",-1.5,NA
"3608","4","india","adults","do you think...?","cb1","R_1SQmi3SwioBrX1j","2014-06-25 22:33:00",11,NA,"male",NA,NA,NA,NA,"non-religious","no",NA,NA,4,"test",11,"aff","positive","feels happy right now","per","vision","can see me","y",1.5,NA
"3609","4","india","adults","do you think...?","cb1","R_3aX22R1bHzi91el","2014-06-25 18:34:00",15,NA,"male",NA,NA,NA,NA,"hinduism","yes",NA,NA,4,"practice",1,NA,NA,"is purple",NA,NA,"is green","y",0.5,NA
"3610","4","india","adults","do you think...?","cb1","R_3aX22R1bHzi91el","2014-06-25 18:34:00",15,NA,"male",NA,NA,NA,NA,"hinduism","yes",NA,NA,4,"practice",2,NA,NA,"is walking around",NA,NA,"has legs","y",1.5,NA
"3611","4","india","adults","do you think...?","cb1","R_3aX22R1bHzi91el","2014-06-25 18:34:00",15,NA,"male",NA,NA,NA,NA,"hinduism","yes",NA,NA,4,"practice",3,NA,NA,"is made out of paper",NA,NA,"might rip sometime","y",0.5,NA
"3612","4","india","adults","do you think...?","cb1","R_3aX22R1bHzi91el","2014-06-25 18:34:00",15,NA,"male",NA,NA,NA,NA,"hinduism","yes",NA,NA,4,"test",4,"aut","noise","is making noises all by itself","aff","positive","can be in a good mood sometimes","n",-1.5,NA
"3613","4","india","adults","do you think...?","cb1","R_3aX22R1bHzi91el","2014-06-25 18:34:00",15,NA,"male",NA,NA,NA,NA,"hinduism","yes",NA,NA,4,"test",5,"phy","metal_plastic","is made out of metal","aut","movement","can move itself from one side of the box to the other","n",-1.5,NA
"3614","4","india","adults","do you think...?","cb1","R_3aX22R1bHzi91el","2014-06-25 18:34:00",15,NA,"male",NA,NA,NA,NA,"hinduism","yes",NA,NA,4,"test",6,"per","vision","can see what the box looks like","per","hearing","can hear what's going on around it","n",-1.5,NA
"3615","4","india","adults","do you think...?","cb1","R_3aX22R1bHzi91el","2014-06-25 18:34:00",15,NA,"male",NA,NA,NA,NA,"hinduism","yes",NA,NA,4,"test",7,"aff","negative","is in a bad mood right now","phy","glass_clay","is made out of clay","n",-1.5,NA
"3616","4","india","adults","do you think...?","cb1","R_3aX22R1bHzi91el","2014-06-25 18:34:00",15,NA,"male",NA,NA,NA,NA,"hinduism","yes",NA,NA,4,"test",8,"aut","movement","is moving itself around the box","aut","noise","can make sounds on its own","n",-1.5,NA
"3617","4","india","adults","do you think...?","cb1","R_3aX22R1bHzi91el","2014-06-25 18:34:00",15,NA,"male",NA,NA,NA,NA,"hinduism","yes",NA,NA,4,"test",9,"phy","glass_clay","is made out of glass","aff","negative","can feel sad sometimes","n",-1.5,NA
"3618","4","india","adults","do you think...?","cb1","R_3aX22R1bHzi91el","2014-06-25 18:34:00",15,NA,"male",NA,NA,NA,NA,"hinduism","yes",NA,NA,4,"test",10,"per","hearing","can hear me","phy","metal_plastic","is made out of plastic","n",-1.5,NA
"3619","4","india","adults","do you think...?","cb1","R_3aX22R1bHzi91el","2014-06-25 18:34:00",15,NA,"male",NA,NA,NA,NA,"hinduism","yes",NA,NA,4,"test",11,"aff","positive","feels happy right now","per","vision","can see me","y",0.5,NA
"3620","4","india","adults","do you think...?","cb1","R_5AbshrqOP4ZBpVr","2014-06-25 20:42:00",8,NA,"female",NA,NA,NA,NA,"hinduism","no","no",NA,4,"practice",1,NA,NA,"is purple",NA,NA,"is green","y",0.5,NA
"3621","4","india","adults","do you think...?","cb1","R_5AbshrqOP4ZBpVr","2014-06-25 20:42:00",8,NA,"female",NA,NA,NA,NA,"hinduism","no","no",NA,4,"practice",2,NA,NA,"is walking around",NA,NA,"has legs","y",0.5,NA
"3622","4","india","adults","do you think...?","cb1","R_5AbshrqOP4ZBpVr","2014-06-25 20:42:00",8,NA,"female",NA,NA,NA,NA,"hinduism","no","no",NA,4,"practice",3,NA,NA,"is made out of paper",NA,NA,"might rip sometime","y",0.5,NA
"3623","4","india","adults","do you think...?","cb1","R_5AbshrqOP4ZBpVr","2014-06-25 20:42:00",8,NA,"female",NA,NA,NA,NA,"hinduism","no","no",NA,4,"test",4,"aut","noise","is making noises all by itself","aff","positive","can be in a good mood sometimes","n",-0.5,NA
"3624","4","india","adults","do you think...?","cb1","R_5AbshrqOP4ZBpVr","2014-06-25 20:42:00",8,NA,"female",NA,NA,NA,NA,"hinduism","no","no",NA,4,"test",5,"phy","metal_plastic","is made out of metal","aut","movement","can move itself from one side of the box to the other","y",0.5,NA
"3625","4","india","adults","do you think...?","cb1","R_5AbshrqOP4ZBpVr","2014-06-25 20:42:00",8,NA,"female",NA,NA,NA,NA,"hinduism","no","no",NA,4,"test",6,"per","vision","can see what the box looks like","per","hearing","can hear what's going on around it","n",-0.5,NA
"3626","4","india","adults","do you think...?","cb1","R_5AbshrqOP4ZBpVr","2014-06-25 20:42:00",8,NA,"female",NA,NA,NA,NA,"hinduism","no","no",NA,4,"test",7,"aff","negative","is in a bad mood right now","phy","glass_clay","is made out of clay","y",0.5,NA
"3627","4","india","adults","do you think...?","cb1","R_5AbshrqOP4ZBpVr","2014-06-25 20:42:00",8,NA,"female",NA,NA,NA,NA,"hinduism","no","no",NA,4,"test",8,"aut","movement","is moving itself around the box","aut","noise","can make sounds on its own","y",0.5,NA
"3628","4","india","adults","do you think...?","cb1","R_5AbshrqOP4ZBpVr","2014-06-25 20:42:00",8,NA,"female",NA,NA,NA,NA,"hinduism","no","no",NA,4,"test",9,"phy","glass_clay","is made out of glass","aff","negative","can feel sad sometimes","n",-0.5,NA
"3629","4","india","adults","do you think...?","cb1","R_5AbshrqOP4ZBpVr","2014-06-25 20:42:00",8,NA,"female",NA,NA,NA,NA,"hinduism","no","no",NA,4,"test",10,"per","hearing","can hear me","phy","metal_plastic","is made out of plastic","n",-0.5,NA
"3630","4","india","adults","do you think...?","cb1","R_5AbshrqOP4ZBpVr","2014-06-25 20:42:00",8,NA,"female",NA,NA,NA,NA,"hinduism","no","no",NA,4,"test",11,"aff","positive","feels happy right now","per","vision","can see me","y",0.5,NA
"3631","4","india","adults","do you think...?","cb1","R_5gSVXvZuZRlq0cJ","2014-06-25 18:53:00",2,NA,"male",NA,NA,NA,NA,"hinduism","no",NA,NA,4,"practice",1,NA,NA,"is purple",NA,NA,"is green","n",-0.5,NA
"3632","4","india","adults","do you think...?","cb1","R_5gSVXvZuZRlq0cJ","2014-06-25 18:53:00",2,NA,"male",NA,NA,NA,NA,"hinduism","no",NA,NA,4,"practice",2,NA,NA,"is walking around",NA,NA,"has legs","y",0.5,NA
"3633","4","india","adults","do you think...?","cb1","R_5gSVXvZuZRlq0cJ","2014-06-25 18:53:00",2,NA,"male",NA,NA,NA,NA,"hinduism","no",NA,NA,4,"practice",3,NA,NA,"is made out of paper",NA,NA,"might rip sometime","y",1.5,NA
"3634","4","india","adults","do you think...?","cb1","R_5gSVXvZuZRlq0cJ","2014-06-25 18:53:00",2,NA,"male",NA,NA,NA,NA,"hinduism","no",NA,NA,4,"test",4,"aut","noise","is making noises all by itself","aff","positive","can be in a good mood sometimes","n",-1.5,NA
"3635","4","india","adults","do you think...?","cb1","R_5gSVXvZuZRlq0cJ","2014-06-25 18:53:00",2,NA,"male",NA,NA,NA,NA,"hinduism","no",NA,NA,4,"test",5,"phy","metal_plastic","is made out of metal","aut","movement","can move itself from one side of the box to the other","y",1.5,NA
"3636","4","india","adults","do you think...?","cb1","R_5gSVXvZuZRlq0cJ","2014-06-25 18:53:00",2,NA,"male",NA,NA,NA,NA,"hinduism","no",NA,NA,4,"test",6,"per","vision","can see what the box looks like","per","hearing","can hear what's going on around it","n",-1.5,NA
"3637","4","india","adults","do you think...?","cb1","R_5gSVXvZuZRlq0cJ","2014-06-25 18:53:00",2,NA,"male",NA,NA,NA,NA,"hinduism","no",NA,NA,4,"test",7,"aff","negative","is in a bad mood right now","phy","glass_clay","is made out of clay","y",0.5,NA
"3638","4","india","adults","do you think...?","cb1","R_5gSVXvZuZRlq0cJ","2014-06-25 18:53:00",2,NA,"male",NA,NA,NA,NA,"hinduism","no",NA,NA,4,"test",8,"aut","movement","is moving itself around the box","aut","noise","can make sounds on its own","y",1.5,NA
"3639","4","india","adults","do you think...?","cb1","R_5gSVXvZuZRlq0cJ","2014-06-25 18:53:00",2,NA,"male",NA,NA,NA,NA,"hinduism","no",NA,NA,4,"test",9,"phy","glass_clay","is made out of glass","aff","negative","can feel sad sometimes","n",-0.5,NA
"3640","4","india","adults","do you think...?","cb1","R_5gSVXvZuZRlq0cJ","2014-06-25 18:53:00",2,NA,"male",NA,NA,NA,NA,"hinduism","no",NA,NA,4,"test",10,"per","hearing","can hear me","phy","metal_plastic","is made out of plastic","y",1.5,NA
"3641","4","india","adults","do you think...?","cb1","R_5gSVXvZuZRlq0cJ","2014-06-25 18:53:00",2,NA,"male",NA,NA,NA,NA,"hinduism","no",NA,NA,4,"test",11,"aff","positive","feels happy right now","per","vision","can see me","y",0.5,NA
"3642","4","india","adults","do you think...?","cb1","R_8w85BuWY7Je5TiB","2014-06-26 00:41:00",2,NA,"female",NA,NA,NA,NA,"hinduism","no","This study was interesting.",NA,4,"practice",1,NA,NA,"is purple",NA,NA,"is green","y",0.5,NA
"3643","4","india","adults","do you think...?","cb1","R_8w85BuWY7Je5TiB","2014-06-26 00:41:00",2,NA,"female",NA,NA,NA,NA,"hinduism","no","This study was interesting.",NA,4,"practice",2,NA,NA,"is walking around",NA,NA,"has legs","n",-0.5,NA
"3644","4","india","adults","do you think...?","cb1","R_8w85BuWY7Je5TiB","2014-06-26 00:41:00",2,NA,"female",NA,NA,NA,NA,"hinduism","no","This study was interesting.",NA,4,"practice",3,NA,NA,"is made out of paper",NA,NA,"might rip sometime","y",0.5,NA
"3645","4","india","adults","do you think...?","cb1","R_8w85BuWY7Je5TiB","2014-06-26 00:41:00",2,NA,"female",NA,NA,NA,NA,"hinduism","no","This study was interesting.",NA,4,"test",4,"aut","noise","is making noises all by itself","aff","positive","can be in a good mood sometimes","y",1.5,NA
"3646","4","india","adults","do you think...?","cb1","R_8w85BuWY7Je5TiB","2014-06-26 00:41:00",2,NA,"female",NA,NA,NA,NA,"hinduism","no","This study was interesting.",NA,4,"test",5,"phy","metal_plastic","is made out of metal","aut","movement","can move itself from one side of the box to the other","n",-0.5,NA
"3647","4","india","adults","do you think...?","cb1","R_8w85BuWY7Je5TiB","2014-06-26 00:41:00",2,NA,"female",NA,NA,NA,NA,"hinduism","no","This study was interesting.",NA,4,"test",6,"per","vision","can see what the box looks like","per","hearing","can hear what's going on around it","y",0.5,NA
"3648","4","india","adults","do you think...?","cb1","R_8w85BuWY7Je5TiB","2014-06-26 00:41:00",2,NA,"female",NA,NA,NA,NA,"hinduism","no","This study was interesting.",NA,4,"test",7,"aff","negative","is in a bad mood right now","phy","glass_clay","is made out of clay","y",1.5,NA
"3649","4","india","adults","do you think...?","cb1","R_8w85BuWY7Je5TiB","2014-06-26 00:41:00",2,NA,"female",NA,NA,NA,NA,"hinduism","no","This study was interesting.",NA,4,"test",8,"aut","movement","is moving itself around the box","aut","noise","can make sounds on its own","n",-0.5,NA
"3650","4","india","adults","do you think...?","cb1","R_8w85BuWY7Je5TiB","2014-06-26 00:41:00",2,NA,"female",NA,NA,NA,NA,"hinduism","no","This study was interesting.",NA,4,"test",9,"phy","glass_clay","is made out of glass","aff","negative","can feel sad sometimes","y",0.5,NA
"3651","4","india","adults","do you think...?","cb1","R_8w85BuWY7Je5TiB","2014-06-26 00:41:00",2,NA,"female",NA,NA,NA,NA,"hinduism","no","This study was interesting.",NA,4,"test",10,"per","hearing","can hear me","phy","metal_plastic","is made out of plastic","y",1.5,NA
"3652","4","india","adults","do you think...?","cb1","R_8w85BuWY7Je5TiB","2014-06-26 00:41:00",2,NA,"female",NA,NA,NA,NA,"hinduism","no","This study was interesting.",NA,4,"test",11,"aff","positive","feels happy right now","per","vision","can see me","y",0.5,NA
"3653","4","india","adults","do you think...?","cb1","R_9uwpT96V3nnOlM1","2014-06-25 20:53:00",4,NA,"female",NA,NA,NA,NA,"hinduism","no","No thanks!",NA,4,"practice",1,NA,NA,"is purple",NA,NA,"is green","n",-1.5,NA
"3654","4","india","adults","do you think...?","cb1","R_9uwpT96V3nnOlM1","2014-06-25 20:53:00",4,NA,"female",NA,NA,NA,NA,"hinduism","no","No thanks!",NA,4,"practice",2,NA,NA,"is walking around",NA,NA,"has legs","y",0.5,NA
"3655","4","india","adults","do you think...?","cb1","R_9uwpT96V3nnOlM1","2014-06-25 20:53:00",4,NA,"female",NA,NA,NA,NA,"hinduism","no","No thanks!",NA,4,"practice",3,NA,NA,"is made out of paper",NA,NA,"might rip sometime","n",-0.5,NA
"3656","4","india","adults","do you think...?","cb1","R_9uwpT96V3nnOlM1","2014-06-25 20:53:00",4,NA,"female",NA,NA,NA,NA,"hinduism","no","No thanks!",NA,4,"test",4,"aut","noise","is making noises all by itself","aff","positive","can be in a good mood sometimes","n",-1.5,NA
"3657","4","india","adults","do you think...?","cb1","R_9uwpT96V3nnOlM1","2014-06-25 20:53:00",4,NA,"female",NA,NA,NA,NA,"hinduism","no","No thanks!",NA,4,"test",5,"phy","metal_plastic","is made out of metal","aut","movement","can move itself from one side of the box to the other","n",-1.5,NA
"3658","4","india","adults","do you think...?","cb1","R_9uwpT96V3nnOlM1","2014-06-25 20:53:00",4,NA,"female",NA,NA,NA,NA,"hinduism","no","No thanks!",NA,4,"test",6,"per","vision","can see what the box looks like","per","hearing","can hear what's going on around it","y",0.5,NA
"3659","4","india","adults","do you think...?","cb1","R_9uwpT96V3nnOlM1","2014-06-25 20:53:00",4,NA,"female",NA,NA,NA,NA,"hinduism","no","No thanks!",NA,4,"test",7,"aff","negative","is in a bad mood right now","phy","glass_clay","is made out of clay","y",0.5,NA
"3660","4","india","adults","do you think...?","cb1","R_9uwpT96V3nnOlM1","2014-06-25 20:53:00",4,NA,"female",NA,NA,NA,NA,"hinduism","no","No thanks!",NA,4,"test",8,"aut","movement","is moving itself around the box","aut","noise","can make sounds on its own","y",0.5,NA
"3661","4","india","adults","do you think...?","cb1","R_9uwpT96V3nnOlM1","2014-06-25 20:53:00",4,NA,"female",NA,NA,NA,NA,"hinduism","no","No thanks!",NA,4,"test",9,"phy","glass_clay","is made out of glass","aff","negative","can feel sad sometimes","n",-1.5,NA
"3662","4","india","adults","do you think...?","cb1","R_9uwpT96V3nnOlM1","2014-06-25 20:53:00",4,NA,"female",NA,NA,NA,NA,"hinduism","no","No thanks!",NA,4,"test",10,"per","hearing","can hear me","phy","metal_plastic","is made out of plastic","n",-1.5,NA
"3663","4","india","adults","do you think...?","cb1","R_9uwpT96V3nnOlM1","2014-06-25 20:53:00",4,NA,"female",NA,NA,NA,NA,"hinduism","no","No thanks!",NA,4,"test",11,"aff","positive","feels happy right now","per","vision","can see me","y",0.5,NA
"3664","4","india","adults","do you think...?","cb1","R_b1QrN9le7N6ELE9","2014-06-25 22:07:00",4,NA,"female",NA,NA,NA,NA,"hinduism","no",NA,NA,4,"practice",1,NA,NA,"is purple",NA,NA,"is green","n",-1.5,NA
"3665","4","india","adults","do you think...?","cb1","R_b1QrN9le7N6ELE9","2014-06-25 22:07:00",4,NA,"female",NA,NA,NA,NA,"hinduism","no",NA,NA,4,"practice",2,NA,NA,"is walking around",NA,NA,"has legs","y",1.5,NA
"3666","4","india","adults","do you think...?","cb1","R_b1QrN9le7N6ELE9","2014-06-25 22:07:00",4,NA,"female",NA,NA,NA,NA,"hinduism","no",NA,NA,4,"practice",3,NA,NA,"is made out of paper",NA,NA,"might rip sometime","y",1.5,NA
"3667","4","india","adults","do you think...?","cb1","R_b1QrN9le7N6ELE9","2014-06-25 22:07:00",4,NA,"female",NA,NA,NA,NA,"hinduism","no",NA,NA,4,"test",4,"aut","noise","is making noises all by itself","aff","positive","can be in a good mood sometimes","y",0.5,NA
"3668","4","india","adults","do you think...?","cb1","R_b1QrN9le7N6ELE9","2014-06-25 22:07:00",4,NA,"female",NA,NA,NA,NA,"hinduism","no",NA,NA,4,"test",5,"phy","metal_plastic","is made out of metal","aut","movement","can move itself from one side of the box to the other","n",-0.5,NA
"3669","4","india","adults","do you think...?","cb1","R_b1QrN9le7N6ELE9","2014-06-25 22:07:00",4,NA,"female",NA,NA,NA,NA,"hinduism","no",NA,NA,4,"test",6,"per","vision","can see what the box looks like","per","hearing","can hear what's going on around it","y",0.5,NA
"3670","4","india","adults","do you think...?","cb1","R_b1QrN9le7N6ELE9","2014-06-25 22:07:00",4,NA,"female",NA,NA,NA,NA,"hinduism","no",NA,NA,4,"test",7,"aff","negative","is in a bad mood right now","phy","glass_clay","is made out of clay","n",-1.5,NA
"3671","4","india","adults","do you think...?","cb1","R_b1QrN9le7N6ELE9","2014-06-25 22:07:00",4,NA,"female",NA,NA,NA,NA,"hinduism","no",NA,NA,4,"test",8,"aut","movement","is moving itself around the box","aut","noise","can make sounds on its own","y",0.5,NA
"3672","4","india","adults","do you think...?","cb1","R_b1QrN9le7N6ELE9","2014-06-25 22:07:00",4,NA,"female",NA,NA,NA,NA,"hinduism","no",NA,NA,4,"test",9,"phy","glass_clay","is made out of glass","aff","negative","can feel sad sometimes","n",-1.5,NA
"3673","4","india","adults","do you think...?","cb1","R_b1QrN9le7N6ELE9","2014-06-25 22:07:00",4,NA,"female",NA,NA,NA,NA,"hinduism","no",NA,NA,4,"test",10,"per","hearing","can hear me","phy","metal_plastic","is made out of plastic","n",-1.5,NA
"3674","4","india","adults","do you think...?","cb1","R_b1QrN9le7N6ELE9","2014-06-25 22:07:00",4,NA,"female",NA,NA,NA,NA,"hinduism","no",NA,NA,4,"test",11,"aff","positive","feels happy right now","per","vision","can see me","y",1.5,NA
"3675","4","india","adults","do you think...?","cb1","R_cub2B34drj7TAoZ","2014-06-25 21:56:00",3,NA,"male",NA,NA,NA,NA,"christianity","no",NA,NA,4,"practice",1,NA,NA,"is purple",NA,NA,"is green","n",-1.5,NA
"3676","4","india","adults","do you think...?","cb1","R_cub2B34drj7TAoZ","2014-06-25 21:56:00",3,NA,"male",NA,NA,NA,NA,"christianity","no",NA,NA,4,"practice",2,NA,NA,"is walking around",NA,NA,"has legs","n",-1.5,NA
"3677","4","india","adults","do you think...?","cb1","R_cub2B34drj7TAoZ","2014-06-25 21:56:00",3,NA,"male",NA,NA,NA,NA,"christianity","no",NA,NA,4,"practice",3,NA,NA,"is made out of paper",NA,NA,"might rip sometime","y",0.5,NA
"3678","4","india","adults","do you think...?","cb1","R_cub2B34drj7TAoZ","2014-06-25 21:56:00",3,NA,"male",NA,NA,NA,NA,"christianity","no",NA,NA,4,"test",4,"aut","noise","is making noises all by itself","aff","positive","can be in a good mood sometimes","n",-1.5,NA
"3679","4","india","adults","do you think...?","cb1","R_cub2B34drj7TAoZ","2014-06-25 21:56:00",3,NA,"male",NA,NA,NA,NA,"christianity","no",NA,NA,4,"test",5,"phy","metal_plastic","is made out of metal","aut","movement","can move itself from one side of the box to the other","y",0.5,NA
"3680","4","india","adults","do you think...?","cb1","R_cub2B34drj7TAoZ","2014-06-25 21:56:00",3,NA,"male",NA,NA,NA,NA,"christianity","no",NA,NA,4,"test",6,"per","vision","can see what the box looks like","per","hearing","can hear what's going on around it","n",-0.5,NA
"3681","4","india","adults","do you think...?","cb1","R_cub2B34drj7TAoZ","2014-06-25 21:56:00",3,NA,"male",NA,NA,NA,NA,"christianity","no",NA,NA,4,"test",7,"aff","negative","is in a bad mood right now","phy","glass_clay","is made out of clay","n",-1.5,NA
"3682","4","india","adults","do you think...?","cb1","R_cub2B34drj7TAoZ","2014-06-25 21:56:00",3,NA,"male",NA,NA,NA,NA,"christianity","no",NA,NA,4,"test",8,"aut","movement","is moving itself around the box","aut","noise","can make sounds on its own","y",0.5,NA
"3683","4","india","adults","do you think...?","cb1","R_cub2B34drj7TAoZ","2014-06-25 21:56:00",3,NA,"male",NA,NA,NA,NA,"christianity","no",NA,NA,4,"test",9,"phy","glass_clay","is made out of glass","aff","negative","can feel sad sometimes","n",-0.5,NA
"3684","4","india","adults","do you think...?","cb1","R_cub2B34drj7TAoZ","2014-06-25 21:56:00",3,NA,"male",NA,NA,NA,NA,"christianity","no",NA,NA,4,"test",10,"per","hearing","can hear me","phy","metal_plastic","is made out of plastic","n",-0.5,NA
"3685","4","india","adults","do you think...?","cb1","R_cub2B34drj7TAoZ","2014-06-25 21:56:00",3,NA,"male",NA,NA,NA,NA,"christianity","no",NA,NA,4,"test",11,"aff","positive","feels happy right now","per","vision","can see me","n",-1.5,NA
"3686","4","india","adults","do you think...?","cb1","R_ezChfIhlztl8OYR","2014-06-26 00:10:00",18,NA,"female",NA,NA,NA,NA,"hinduism","no","Very interesting study",NA,4,"practice",1,NA,NA,"is purple",NA,NA,"is green","n",-1.5,NA
"3687","4","india","adults","do you think...?","cb1","R_ezChfIhlztl8OYR","2014-06-26 00:10:00",18,NA,"female",NA,NA,NA,NA,"hinduism","no","Very interesting study",NA,4,"practice",2,NA,NA,"is walking around",NA,NA,"has legs","y",1.5,NA
"3688","4","india","adults","do you think...?","cb1","R_ezChfIhlztl8OYR","2014-06-26 00:10:00",18,NA,"female",NA,NA,NA,NA,"hinduism","no","Very interesting study",NA,4,"practice",3,NA,NA,"is made out of paper",NA,NA,"might rip sometime","y",0.5,NA
"3689","4","india","adults","do you think...?","cb1","R_ezChfIhlztl8OYR","2014-06-26 00:10:00",18,NA,"female",NA,NA,NA,NA,"hinduism","no","Very interesting study",NA,4,"test",4,"aut","noise","is making noises all by itself","aff","positive","can be in a good mood sometimes","n",-0.5,NA
"3690","4","india","adults","do you think...?","cb1","R_ezChfIhlztl8OYR","2014-06-26 00:10:00",18,NA,"female",NA,NA,NA,NA,"hinduism","no","Very interesting study",NA,4,"test",5,"phy","metal_plastic","is made out of metal","aut","movement","can move itself from one side of the box to the other","n",-0.5,NA
"3691","4","india","adults","do you think...?","cb1","R_ezChfIhlztl8OYR","2014-06-26 00:10:00",18,NA,"female",NA,NA,NA,NA,"hinduism","no","Very interesting study",NA,4,"test",6,"per","vision","can see what the box looks like","per","hearing","can hear what's going on around it","y",0.5,NA
"3692","4","india","adults","do you think...?","cb1","R_ezChfIhlztl8OYR","2014-06-26 00:10:00",18,NA,"female",NA,NA,NA,NA,"hinduism","no","Very interesting study",NA,4,"test",7,"aff","negative","is in a bad mood right now","phy","glass_clay","is made out of clay","n",-0.5,NA
"3693","4","india","adults","do you think...?","cb1","R_ezChfIhlztl8OYR","2014-06-26 00:10:00",18,NA,"female",NA,NA,NA,NA,"hinduism","no","Very interesting study",NA,4,"test",8,"aut","movement","is moving itself around the box","aut","noise","can make sounds on its own","y",0.5,NA
"3694","4","india","adults","do you think...?","cb1","R_ezChfIhlztl8OYR","2014-06-26 00:10:00",18,NA,"female",NA,NA,NA,NA,"hinduism","no","Very interesting study",NA,4,"test",9,"phy","glass_clay","is made out of glass","aff","negative","can feel sad sometimes","n",-0.5,NA
"3695","4","india","adults","do you think...?","cb1","R_ezChfIhlztl8OYR","2014-06-26 00:10:00",18,NA,"female",NA,NA,NA,NA,"hinduism","no","Very interesting study",NA,4,"test",10,"per","hearing","can hear me","phy","metal_plastic","is made out of plastic","n",-0.5,NA
"3696","4","india","adults","do you think...?","cb1","R_ezChfIhlztl8OYR","2014-06-26 00:10:00",18,NA,"female",NA,NA,NA,NA,"hinduism","no","Very interesting study",NA,4,"test",11,"aff","positive","feels happy right now","per","vision","can see me","y",0.5,NA
"3697","4","india","adults","do you think...?","cb1","R_0HEyDd1SdkvyihL","2014-06-25 23:00:00",6,NA,"male",NA,NA,NA,NA,"hinduism","no",NA,NA,5,"practice",1,NA,NA,"is purple",NA,NA,"is green","n",-0.5,NA
"3698","4","india","adults","do you think...?","cb1","R_0HEyDd1SdkvyihL","2014-06-25 23:00:00",6,NA,"male",NA,NA,NA,NA,"hinduism","no",NA,NA,5,"practice",2,NA,NA,"is walking around",NA,NA,"has legs","y",0.5,NA
"3699","4","india","adults","do you think...?","cb1","R_0HEyDd1SdkvyihL","2014-06-25 23:00:00",6,NA,"male",NA,NA,NA,NA,"hinduism","no",NA,NA,5,"practice",3,NA,NA,"is made out of paper",NA,NA,"might rip sometime","y",0.5,NA
"3700","4","india","adults","do you think...?","cb1","R_0HEyDd1SdkvyihL","2014-06-25 23:00:00",6,NA,"male",NA,NA,NA,NA,"hinduism","no",NA,NA,5,"test",4,"phy","glass_clay","is made out of clay","per","vision","can see what the box looks like","y",0.5,NA
"3701","4","india","adults","do you think...?","cb1","R_0HEyDd1SdkvyihL","2014-06-25 23:00:00",6,NA,"male",NA,NA,NA,NA,"hinduism","no",NA,NA,5,"test",5,"aff","negative","feels sad right now","aut","movement","can move itself from one side of the box to the other","y",0.5,NA
"3702","4","india","adults","do you think...?","cb1","R_0HEyDd1SdkvyihL","2014-06-25 23:00:00",6,NA,"male",NA,NA,NA,NA,"hinduism","no",NA,NA,5,"test",6,"per","hearing","can hear me","aff","positive","can be in a good mood sometimes","y",0.5,NA
"3703","4","india","adults","do you think...?","cb1","R_0HEyDd1SdkvyihL","2014-06-25 23:00:00",6,NA,"male",NA,NA,NA,NA,"hinduism","no",NA,NA,5,"test",7,"aut","noise","is making noises all by itself","phy","metal_plastic","is made out of metal","n",-0.5,NA
"3704","4","india","adults","do you think...?","cb1","R_0HEyDd1SdkvyihL","2014-06-25 23:00:00",6,NA,"male",NA,NA,NA,NA,"hinduism","no",NA,NA,5,"test",8,"aff","positive","feels happy right now","aff","negative","can be in a bad mood sometimes","n",-0.5,NA
"3705","4","india","adults","do you think...?","cb1","R_0HEyDd1SdkvyihL","2014-06-25 23:00:00",6,NA,"male",NA,NA,NA,NA,"hinduism","no",NA,NA,5,"test",9,"aut","movement","is moving itself around the box","per","hearing","can hear what's going on around it","y",0.5,NA
"3706","4","india","adults","do you think...?","cb1","R_0HEyDd1SdkvyihL","2014-06-25 23:00:00",6,NA,"male",NA,NA,NA,NA,"hinduism","no",NA,NA,5,"test",10,"phy","metal_plastic","is made out of plastic","phy","glass_clay","is made out of glass","y",0.5,NA
"3707","4","india","adults","do you think...?","cb1","R_0HEyDd1SdkvyihL","2014-06-25 23:00:00",6,NA,"male",NA,NA,NA,NA,"hinduism","no",NA,NA,5,"test",11,"per","vision","can see me","aut","noise","can make sounds on its own","y",0.5,NA
"3708","4","india","adults","do you think...?","cb1","R_3yiqXqvDobvgplH","2014-06-25 21:22:00",5,NA,"male",NA,NA,NA,NA,"hinduism","no",NA,NA,5,"practice",1,NA,NA,"is purple",NA,NA,"is green","n",-1.5,NA
"3709","4","india","adults","do you think...?","cb1","R_3yiqXqvDobvgplH","2014-06-25 21:22:00",5,NA,"male",NA,NA,NA,NA,"hinduism","no",NA,NA,5,"practice",2,NA,NA,"is walking around",NA,NA,"has legs","y",1.5,NA
"3710","4","india","adults","do you think...?","cb1","R_3yiqXqvDobvgplH","2014-06-25 21:22:00",5,NA,"male",NA,NA,NA,NA,"hinduism","no",NA,NA,5,"practice",3,NA,NA,"is made out of paper",NA,NA,"might rip sometime","y",0.5,NA
"3711","4","india","adults","do you think...?","cb1","R_3yiqXqvDobvgplH","2014-06-25 21:22:00",5,NA,"male",NA,NA,NA,NA,"hinduism","no",NA,NA,5,"test",4,"phy","glass_clay","is made out of clay","per","vision","can see what the box looks like","y",0.5,NA
"3712","4","india","adults","do you think...?","cb1","R_3yiqXqvDobvgplH","2014-06-25 21:22:00",5,NA,"male",NA,NA,NA,NA,"hinduism","no",NA,NA,5,"test",5,"aff","negative","feels sad right now","aut","movement","can move itself from one side of the box to the other","n",-1.5,NA
"3713","4","india","adults","do you think...?","cb1","R_3yiqXqvDobvgplH","2014-06-25 21:22:00",5,NA,"male",NA,NA,NA,NA,"hinduism","no",NA,NA,5,"test",6,"per","hearing","can hear me","aff","positive","can be in a good mood sometimes","y",0.5,NA
"3714","4","india","adults","do you think...?","cb1","R_3yiqXqvDobvgplH","2014-06-25 21:22:00",5,NA,"male",NA,NA,NA,NA,"hinduism","no",NA,NA,5,"test",7,"aut","noise","is making noises all by itself","phy","metal_plastic","is made out of metal","y",1.5,NA
"3715","4","india","adults","do you think...?","cb1","R_3yiqXqvDobvgplH","2014-06-25 21:22:00",5,NA,"male",NA,NA,NA,NA,"hinduism","no",NA,NA,5,"test",8,"aff","positive","feels happy right now","aff","negative","can be in a bad mood sometimes","y",0.5,NA
"3716","4","india","adults","do you think...?","cb1","R_3yiqXqvDobvgplH","2014-06-25 21:22:00",5,NA,"male",NA,NA,NA,NA,"hinduism","no",NA,NA,5,"test",9,"aut","movement","is moving itself around the box","per","hearing","can hear what's going on around it","y",0.5,NA
"3717","4","india","adults","do you think...?","cb1","R_3yiqXqvDobvgplH","2014-06-25 21:22:00",5,NA,"male",NA,NA,NA,NA,"hinduism","no",NA,NA,5,"test",10,"phy","metal_plastic","is made out of plastic","phy","glass_clay","is made out of glass","n",-1.5,NA
"3718","4","india","adults","do you think...?","cb1","R_3yiqXqvDobvgplH","2014-06-25 21:22:00",5,NA,"male",NA,NA,NA,NA,"hinduism","no",NA,NA,5,"test",11,"per","vision","can see me","aut","noise","can make sounds on its own","y",0.5,NA
"3719","4","india","adults","do you think...?","cb1","R_4NMvHHhDVHsLfKJ","2014-06-25 18:28:00",6,NA,"male",NA,NA,NA,NA,"hinduism","no",NA,NA,5,"practice",1,NA,NA,"is purple",NA,NA,"is green","y",0.5,NA
"3720","4","india","adults","do you think...?","cb1","R_4NMvHHhDVHsLfKJ","2014-06-25 18:28:00",6,NA,"male",NA,NA,NA,NA,"hinduism","no",NA,NA,5,"practice",2,NA,NA,"is walking around",NA,NA,"has legs","y",0.5,NA
"3721","4","india","adults","do you think...?","cb1","R_4NMvHHhDVHsLfKJ","2014-06-25 18:28:00",6,NA,"male",NA,NA,NA,NA,"hinduism","no",NA,NA,5,"practice",3,NA,NA,"is made out of paper",NA,NA,"might rip sometime","y",0.5,NA
"3722","4","india","adults","do you think...?","cb1","R_4NMvHHhDVHsLfKJ","2014-06-25 18:28:00",6,NA,"male",NA,NA,NA,NA,"hinduism","no",NA,NA,5,"test",4,"phy","glass_clay","is made out of clay","per","vision","can see what the box looks like","y",1.5,NA
"3723","4","india","adults","do you think...?","cb1","R_4NMvHHhDVHsLfKJ","2014-06-25 18:28:00",6,NA,"male",NA,NA,NA,NA,"hinduism","no",NA,NA,5,"test",5,"aff","negative","feels sad right now","aut","movement","can move itself from one side of the box to the other","y",0.5,NA
"3724","4","india","adults","do you think...?","cb1","R_4NMvHHhDVHsLfKJ","2014-06-25 18:28:00",6,NA,"male",NA,NA,NA,NA,"hinduism","no",NA,NA,5,"test",6,"per","hearing","can hear me","aff","positive","can be in a good mood sometimes","n",-0.5,NA
"3725","4","india","adults","do you think...?","cb1","R_4NMvHHhDVHsLfKJ","2014-06-25 18:28:00",6,NA,"male",NA,NA,NA,NA,"hinduism","no",NA,NA,5,"test",7,"aut","noise","is making noises all by itself","phy","metal_plastic","is made out of metal","y",0.5,NA
"3726","4","india","adults","do you think...?","cb1","R_4NMvHHhDVHsLfKJ","2014-06-25 18:28:00",6,NA,"male",NA,NA,NA,NA,"hinduism","no",NA,NA,5,"test",8,"aff","positive","feels happy right now","aff","negative","can be in a bad mood sometimes","n",-0.5,NA
"3727","4","india","adults","do you think...?","cb1","R_4NMvHHhDVHsLfKJ","2014-06-25 18:28:00",6,NA,"male",NA,NA,NA,NA,"hinduism","no",NA,NA,5,"test",9,"aut","movement","is moving itself around the box","per","hearing","can hear what's going on around it","n",-0.5,NA
"3728","4","india","adults","do you think...?","cb1","R_4NMvHHhDVHsLfKJ","2014-06-25 18:28:00",6,NA,"male",NA,NA,NA,NA,"hinduism","no",NA,NA,5,"test",10,"phy","metal_plastic","is made out of plastic","phy","glass_clay","is made out of glass","n",-1.5,NA
"3729","4","india","adults","do you think...?","cb1","R_4NMvHHhDVHsLfKJ","2014-06-25 18:28:00",6,NA,"male",NA,NA,NA,NA,"hinduism","no",NA,NA,5,"test",11,"per","vision","can see me","aut","noise","can make sounds on its own","n",-0.5,NA
"3730","4","india","adults","do you think...?","cb1","R_5ATlGkQON7ZamNv","2014-06-25 21:45:00",5,NA,"female",NA,NA,NA,NA,"hinduism","no",NA,NA,5,"practice",1,NA,NA,"is purple",NA,NA,"is green","n",-1.5,NA
"3731","4","india","adults","do you think...?","cb1","R_5ATlGkQON7ZamNv","2014-06-25 21:45:00",5,NA,"female",NA,NA,NA,NA,"hinduism","no",NA,NA,5,"practice",2,NA,NA,"is walking around",NA,NA,"has legs","y",1.5,NA
"3732","4","india","adults","do you think...?","cb1","R_5ATlGkQON7ZamNv","2014-06-25 21:45:00",5,NA,"female",NA,NA,NA,NA,"hinduism","no",NA,NA,5,"practice",3,NA,NA,"is made out of paper",NA,NA,"might rip sometime","y",0.5,NA
"3733","4","india","adults","do you think...?","cb1","R_5ATlGkQON7ZamNv","2014-06-25 21:45:00",5,NA,"female",NA,NA,NA,NA,"hinduism","no",NA,NA,5,"test",4,"phy","glass_clay","is made out of clay","per","vision","can see what the box looks like","y",1.5,NA
"3734","4","india","adults","do you think...?","cb1","R_5ATlGkQON7ZamNv","2014-06-25 21:45:00",5,NA,"female",NA,NA,NA,NA,"hinduism","no",NA,NA,5,"test",5,"aff","negative","feels sad right now","aut","movement","can move itself from one side of the box to the other","n",-0.5,NA
"3735","4","india","adults","do you think...?","cb1","R_5ATlGkQON7ZamNv","2014-06-25 21:45:00",5,NA,"female",NA,NA,NA,NA,"hinduism","no",NA,NA,5,"test",6,"per","hearing","can hear me","aff","positive","can be in a good mood sometimes","y",1.5,NA
"3736","4","india","adults","do you think...?","cb1","R_5ATlGkQON7ZamNv","2014-06-25 21:45:00",5,NA,"female",NA,NA,NA,NA,"hinduism","no",NA,NA,5,"test",7,"aut","noise","is making noises all by itself","phy","metal_plastic","is made out of metal","y",0.5,NA
"3737","4","india","adults","do you think...?","cb1","R_5ATlGkQON7ZamNv","2014-06-25 21:45:00",5,NA,"female",NA,NA,NA,NA,"hinduism","no",NA,NA,5,"test",8,"aff","positive","feels happy right now","aff","negative","can be in a bad mood sometimes","n",-1.5,NA
"3738","4","india","adults","do you think...?","cb1","R_5ATlGkQON7ZamNv","2014-06-25 21:45:00",5,NA,"female",NA,NA,NA,NA,"hinduism","no",NA,NA,5,"test",9,"aut","movement","is moving itself around the box","per","hearing","can hear what's going on around it","y",0.5,NA
"3739","4","india","adults","do you think...?","cb1","R_5ATlGkQON7ZamNv","2014-06-25 21:45:00",5,NA,"female",NA,NA,NA,NA,"hinduism","no",NA,NA,5,"test",10,"phy","metal_plastic","is made out of plastic","phy","glass_clay","is made out of glass","n",-1.5,NA
"3740","4","india","adults","do you think...?","cb1","R_5ATlGkQON7ZamNv","2014-06-25 21:45:00",5,NA,"female",NA,NA,NA,NA,"hinduism","no",NA,NA,5,"test",11,"per","vision","can see me","aut","noise","can make sounds on its own","y",1.5,NA
"3741","4","india","adults","do you think...?","cb1","R_6rgJJNncMM7KunH","2014-06-25 22:02:00",4,NA,"female",NA,NA,NA,NA,"hinduism","unsure","8346576",NA,5,"practice",1,NA,NA,"is purple",NA,NA,"is green","n",-0.5,NA
"3742","4","india","adults","do you think...?","cb1","R_6rgJJNncMM7KunH","2014-06-25 22:02:00",4,NA,"female",NA,NA,NA,NA,"hinduism","unsure","8346576",NA,5,"practice",2,NA,NA,"is walking around",NA,NA,"has legs","y",0.5,NA
"3743","4","india","adults","do you think...?","cb1","R_6rgJJNncMM7KunH","2014-06-25 22:02:00",4,NA,"female",NA,NA,NA,NA,"hinduism","unsure","8346576",NA,5,"practice",3,NA,NA,"is made out of paper",NA,NA,"might rip sometime","y",1.5,NA
"3744","4","india","adults","do you think...?","cb1","R_6rgJJNncMM7KunH","2014-06-25 22:02:00",4,NA,"female",NA,NA,NA,NA,"hinduism","unsure","8346576",NA,5,"test",4,"phy","glass_clay","is made out of clay","per","vision","can see what the box looks like","y",0.5,NA
"3745","4","india","adults","do you think...?","cb1","R_6rgJJNncMM7KunH","2014-06-25 22:02:00",4,NA,"female",NA,NA,NA,NA,"hinduism","unsure","8346576",NA,5,"test",5,"aff","negative","feels sad right now","aut","movement","can move itself from one side of the box to the other","n",-0.5,NA
"3746","4","india","adults","do you think...?","cb1","R_6rgJJNncMM7KunH","2014-06-25 22:02:00",4,NA,"female",NA,NA,NA,NA,"hinduism","unsure","8346576",NA,5,"test",6,"per","hearing","can hear me","aff","positive","can be in a good mood sometimes","y",0.5,NA
"3747","4","india","adults","do you think...?","cb1","R_6rgJJNncMM7KunH","2014-06-25 22:02:00",4,NA,"female",NA,NA,NA,NA,"hinduism","unsure","8346576",NA,5,"test",7,"aut","noise","is making noises all by itself","phy","metal_plastic","is made out of metal","y",0.5,NA
"3748","4","india","adults","do you think...?","cb1","R_6rgJJNncMM7KunH","2014-06-25 22:02:00",4,NA,"female",NA,NA,NA,NA,"hinduism","unsure","8346576",NA,5,"test",8,"aff","positive","feels happy right now","aff","negative","can be in a bad mood sometimes","y",1.5,NA
"3749","4","india","adults","do you think...?","cb1","R_6rgJJNncMM7KunH","2014-06-25 22:02:00",4,NA,"female",NA,NA,NA,NA,"hinduism","unsure","8346576",NA,5,"test",9,"aut","movement","is moving itself around the box","per","hearing","can hear what's going on around it","y",0.5,NA
"3750","4","india","adults","do you think...?","cb1","R_6rgJJNncMM7KunH","2014-06-25 22:02:00",4,NA,"female",NA,NA,NA,NA,"hinduism","unsure","8346576",NA,5,"test",10,"phy","metal_plastic","is made out of plastic","phy","glass_clay","is made out of glass","y",0.5,NA
"3751","4","india","adults","do you think...?","cb1","R_6rgJJNncMM7KunH","2014-06-25 22:02:00",4,NA,"female",NA,NA,NA,NA,"hinduism","unsure","8346576",NA,5,"test",11,"per","vision","can see me","aut","noise","can make sounds on its own","y",0.5,NA
"3752","4","india","adults","do you think...?","cb1","R_7Wodmtuqi6sJFyZ","2014-06-25 23:36:00",7,NA,"male",NA,NA,NA,NA,"hinduism","no",NA,NA,5,"practice",1,NA,NA,"is purple",NA,NA,"is green","n",-1.5,NA
"3753","4","india","adults","do you think...?","cb1","R_7Wodmtuqi6sJFyZ","2014-06-25 23:36:00",7,NA,"male",NA,NA,NA,NA,"hinduism","no",NA,NA,5,"practice",2,NA,NA,"is walking around",NA,NA,"has legs","y",1.5,NA
"3754","4","india","adults","do you think...?","cb1","R_7Wodmtuqi6sJFyZ","2014-06-25 23:36:00",7,NA,"male",NA,NA,NA,NA,"hinduism","no",NA,NA,5,"practice",3,NA,NA,"is made out of paper",NA,NA,"might rip sometime","n",-0.5,NA
"3755","4","india","adults","do you think...?","cb1","R_7Wodmtuqi6sJFyZ","2014-06-25 23:36:00",7,NA,"male",NA,NA,NA,NA,"hinduism","no",NA,NA,5,"test",4,"phy","glass_clay","is made out of clay","per","vision","can see what the box looks like","n",-1.5,NA
"3756","4","india","adults","do you think...?","cb1","R_7Wodmtuqi6sJFyZ","2014-06-25 23:36:00",7,NA,"male",NA,NA,NA,NA,"hinduism","no",NA,NA,5,"test",5,"aff","negative","feels sad right now","aut","movement","can move itself from one side of the box to the other","y",1.5,NA
"3757","4","india","adults","do you think...?","cb1","R_7Wodmtuqi6sJFyZ","2014-06-25 23:36:00",7,NA,"male",NA,NA,NA,NA,"hinduism","no",NA,NA,5,"test",6,"per","hearing","can hear me","aff","positive","can be in a good mood sometimes","y",1.5,NA
"3758","4","india","adults","do you think...?","cb1","R_7Wodmtuqi6sJFyZ","2014-06-25 23:36:00",7,NA,"male",NA,NA,NA,NA,"hinduism","no",NA,NA,5,"test",7,"aut","noise","is making noises all by itself","phy","metal_plastic","is made out of metal","n",-1.5,NA
"3759","4","india","adults","do you think...?","cb1","R_7Wodmtuqi6sJFyZ","2014-06-25 23:36:00",7,NA,"male",NA,NA,NA,NA,"hinduism","no",NA,NA,5,"test",8,"aff","positive","feels happy right now","aff","negative","can be in a bad mood sometimes","n",-1.5,NA
"3760","4","india","adults","do you think...?","cb1","R_7Wodmtuqi6sJFyZ","2014-06-25 23:36:00",7,NA,"male",NA,NA,NA,NA,"hinduism","no",NA,NA,5,"test",9,"aut","movement","is moving itself around the box","per","hearing","can hear what's going on around it","n",-1.5,NA
"3761","4","india","adults","do you think...?","cb1","R_7Wodmtuqi6sJFyZ","2014-06-25 23:36:00",7,NA,"male",NA,NA,NA,NA,"hinduism","no",NA,NA,5,"test",10,"phy","metal_plastic","is made out of plastic","phy","glass_clay","is made out of glass","n",-1.5,NA
"3762","4","india","adults","do you think...?","cb1","R_7Wodmtuqi6sJFyZ","2014-06-25 23:36:00",7,NA,"male",NA,NA,NA,NA,"hinduism","no",NA,NA,5,"test",11,"per","vision","can see me","aut","noise","can make sounds on its own","n",-1.5,NA
"3763","4","india","adults","do you think...?","cb1","R_9SGY7Xs2UEky73L","2014-06-26 00:26:00",5,NA,"female",NA,NA,NA,NA,"hinduism","no",NA,NA,5,"practice",1,NA,NA,"is purple",NA,NA,"is green","n",-1.5,NA
"3764","4","india","adults","do you think...?","cb1","R_9SGY7Xs2UEky73L","2014-06-26 00:26:00",5,NA,"female",NA,NA,NA,NA,"hinduism","no",NA,NA,5,"practice",2,NA,NA,"is walking around",NA,NA,"has legs","y",0.5,NA
"3765","4","india","adults","do you think...?","cb1","R_9SGY7Xs2UEky73L","2014-06-26 00:26:00",5,NA,"female",NA,NA,NA,NA,"hinduism","no",NA,NA,5,"practice",3,NA,NA,"is made out of paper",NA,NA,"might rip sometime","n",-0.5,NA
"3766","4","india","adults","do you think...?","cb1","R_9SGY7Xs2UEky73L","2014-06-26 00:26:00",5,NA,"female",NA,NA,NA,NA,"hinduism","no",NA,NA,5,"test",4,"phy","glass_clay","is made out of clay","per","vision","can see what the box looks like","n",-0.5,NA
"3767","4","india","adults","do you think...?","cb1","R_9SGY7Xs2UEky73L","2014-06-26 00:26:00",5,NA,"female",NA,NA,NA,NA,"hinduism","no",NA,NA,5,"test",5,"aff","negative","feels sad right now","aut","movement","can move itself from one side of the box to the other","n",-1.5,NA
"3768","4","india","adults","do you think...?","cb1","R_9SGY7Xs2UEky73L","2014-06-26 00:26:00",5,NA,"female",NA,NA,NA,NA,"hinduism","no",NA,NA,5,"test",6,"per","hearing","can hear me","aff","positive","can be in a good mood sometimes","y",0.5,NA
"3769","4","india","adults","do you think...?","cb1","R_9SGY7Xs2UEky73L","2014-06-26 00:26:00",5,NA,"female",NA,NA,NA,NA,"hinduism","no",NA,NA,5,"test",7,"aut","noise","is making noises all by itself","phy","metal_plastic","is made out of metal","n",-0.5,NA
"3770","4","india","adults","do you think...?","cb1","R_9SGY7Xs2UEky73L","2014-06-26 00:26:00",5,NA,"female",NA,NA,NA,NA,"hinduism","no",NA,NA,5,"test",8,"aff","positive","feels happy right now","aff","negative","can be in a bad mood sometimes","n",-1.5,NA
"3771","4","india","adults","do you think...?","cb1","R_9SGY7Xs2UEky73L","2014-06-26 00:26:00",5,NA,"female",NA,NA,NA,NA,"hinduism","no",NA,NA,5,"test",9,"aut","movement","is moving itself around the box","per","hearing","can hear what's going on around it","y",0.5,NA
"3772","4","india","adults","do you think...?","cb1","R_9SGY7Xs2UEky73L","2014-06-26 00:26:00",5,NA,"female",NA,NA,NA,NA,"hinduism","no",NA,NA,5,"test",10,"phy","metal_plastic","is made out of plastic","phy","glass_clay","is made out of glass","n",-1.5,NA
"3773","4","india","adults","do you think...?","cb1","R_9SGY7Xs2UEky73L","2014-06-26 00:26:00",5,NA,"female",NA,NA,NA,NA,"hinduism","no",NA,NA,5,"test",11,"per","vision","can see me","aut","noise","can make sounds on its own","y",0.5,NA
"3774","4","india","adults","do you think...?","cb1","R_cFUM04zQslyKFXT","2014-06-25 22:35:00",5,NA,"male",NA,NA,NA,NA,"christianity","unsure",NA,NA,5,"practice",1,NA,NA,"is purple",NA,NA,"is green","n",-1.5,NA
"3775","4","india","adults","do you think...?","cb1","R_cFUM04zQslyKFXT","2014-06-25 22:35:00",5,NA,"male",NA,NA,NA,NA,"christianity","unsure",NA,NA,5,"practice",2,NA,NA,"is walking around",NA,NA,"has legs","y",0.5,NA
"3776","4","india","adults","do you think...?","cb1","R_cFUM04zQslyKFXT","2014-06-25 22:35:00",5,NA,"male",NA,NA,NA,NA,"christianity","unsure",NA,NA,5,"practice",3,NA,NA,"is made out of paper",NA,NA,"might rip sometime","y",0.5,NA
"3777","4","india","adults","do you think...?","cb1","R_cFUM04zQslyKFXT","2014-06-25 22:35:00",5,NA,"male",NA,NA,NA,NA,"christianity","unsure",NA,NA,5,"test",4,"phy","glass_clay","is made out of clay","per","vision","can see what the box looks like","n",-1.5,NA
"3778","4","india","adults","do you think...?","cb1","R_cFUM04zQslyKFXT","2014-06-25 22:35:00",5,NA,"male",NA,NA,NA,NA,"christianity","unsure",NA,NA,5,"test",5,"aff","negative","feels sad right now","aut","movement","can move itself from one side of the box to the other","y",0.5,NA
"3779","4","india","adults","do you think...?","cb1","R_cFUM04zQslyKFXT","2014-06-25 22:35:00",5,NA,"male",NA,NA,NA,NA,"christianity","unsure",NA,NA,5,"test",6,"per","hearing","can hear me","aff","positive","can be in a good mood sometimes","y",0.5,NA
"3780","4","india","adults","do you think...?","cb1","R_cFUM04zQslyKFXT","2014-06-25 22:35:00",5,NA,"male",NA,NA,NA,NA,"christianity","unsure",NA,NA,5,"test",7,"aut","noise","is making noises all by itself","phy","metal_plastic","is made out of metal","y",0.5,NA
"3781","4","india","adults","do you think...?","cb1","R_cFUM04zQslyKFXT","2014-06-25 22:35:00",5,NA,"male",NA,NA,NA,NA,"christianity","unsure",NA,NA,5,"test",8,"aff","positive","feels happy right now","aff","negative","can be in a bad mood sometimes","y",1.5,NA
"3782","4","india","adults","do you think...?","cb1","R_cFUM04zQslyKFXT","2014-06-25 22:35:00",5,NA,"male",NA,NA,NA,NA,"christianity","unsure",NA,NA,5,"test",9,"aut","movement","is moving itself around the box","per","hearing","can hear what's going on around it","y",0.5,NA
"3783","4","india","adults","do you think...?","cb1","R_cFUM04zQslyKFXT","2014-06-25 22:35:00",5,NA,"male",NA,NA,NA,NA,"christianity","unsure",NA,NA,5,"test",10,"phy","metal_plastic","is made out of plastic","phy","glass_clay","is made out of glass","n",-1.5,NA
"3784","4","india","adults","do you think...?","cb1","R_cFUM04zQslyKFXT","2014-06-25 22:35:00",5,NA,"male",NA,NA,NA,NA,"christianity","unsure",NA,NA,5,"test",11,"per","vision","can see me","aut","noise","can make sounds on its own","y",0.5,NA
"3785","4","india","adults","do you think...?","cb1","R_dnAd1Jrf8E6cfad","2014-06-25 20:15:00",6,NA,"male",NA,NA,NA,NA,"hinduism","no",NA,NA,5,"practice",1,NA,NA,"is purple",NA,NA,"is green","n",-1.5,NA
"3786","4","india","adults","do you think...?","cb1","R_dnAd1Jrf8E6cfad","2014-06-25 20:15:00",6,NA,"male",NA,NA,NA,NA,"hinduism","no",NA,NA,5,"practice",2,NA,NA,"is walking around",NA,NA,"has legs","y",1.5,NA
"3787","4","india","adults","do you think...?","cb1","R_dnAd1Jrf8E6cfad","2014-06-25 20:15:00",6,NA,"male",NA,NA,NA,NA,"hinduism","no",NA,NA,5,"practice",3,NA,NA,"is made out of paper",NA,NA,"might rip sometime","y",1.5,NA
"3788","4","india","adults","do you think...?","cb1","R_dnAd1Jrf8E6cfad","2014-06-25 20:15:00",6,NA,"male",NA,NA,NA,NA,"hinduism","no",NA,NA,5,"test",4,"phy","glass_clay","is made out of clay","per","vision","can see what the box looks like","n",-1.5,NA
"3789","4","india","adults","do you think...?","cb1","R_dnAd1Jrf8E6cfad","2014-06-25 20:15:00",6,NA,"male",NA,NA,NA,NA,"hinduism","no",NA,NA,5,"test",5,"aff","negative","feels sad right now","aut","movement","can move itself from one side of the box to the other","y",1.5,NA
"3790","4","india","adults","do you think...?","cb1","R_dnAd1Jrf8E6cfad","2014-06-25 20:15:00",6,NA,"male",NA,NA,NA,NA,"hinduism","no",NA,NA,5,"test",6,"per","hearing","can hear me","aff","positive","can be in a good mood sometimes","y",1.5,NA
"3791","4","india","adults","do you think...?","cb1","R_dnAd1Jrf8E6cfad","2014-06-25 20:15:00",6,NA,"male",NA,NA,NA,NA,"hinduism","no",NA,NA,5,"test",7,"aut","noise","is making noises all by itself","phy","metal_plastic","is made out of metal","n",-1.5,NA
"3792","4","india","adults","do you think...?","cb1","R_dnAd1Jrf8E6cfad","2014-06-25 20:15:00",6,NA,"male",NA,NA,NA,NA,"hinduism","no",NA,NA,5,"test",8,"aff","positive","feels happy right now","aff","negative","can be in a bad mood sometimes","y",1.5,NA
"3793","4","india","adults","do you think...?","cb1","R_dnAd1Jrf8E6cfad","2014-06-25 20:15:00",6,NA,"male",NA,NA,NA,NA,"hinduism","no",NA,NA,5,"test",9,"aut","movement","is moving itself around the box","per","hearing","can hear what's going on around it","y",1.5,NA
"3794","4","india","adults","do you think...?","cb1","R_dnAd1Jrf8E6cfad","2014-06-25 20:15:00",6,NA,"male",NA,NA,NA,NA,"hinduism","no",NA,NA,5,"test",10,"phy","metal_plastic","is made out of plastic","phy","glass_clay","is made out of glass","n",-1.5,NA
"3795","4","india","adults","do you think...?","cb1","R_dnAd1Jrf8E6cfad","2014-06-25 20:15:00",6,NA,"male",NA,NA,NA,NA,"hinduism","no",NA,NA,5,"test",11,"per","vision","can see me","aut","noise","can make sounds on its own","y",1.5,NA
"3796","4","india","adults","do you think...?","cb1","R_eECsW3E6pso5VxX","2014-06-25 21:05:00",5,NA,"male",NA,NA,NA,NA,"hinduism","no","My Mturk (Mechanical Turk) Worker I'd is : A1POBG27PTO9DX ",NA,5,"practice",1,NA,NA,"is purple",NA,NA,"is green","n",-1.5,NA
"3797","4","india","adults","do you think...?","cb1","R_eECsW3E6pso5VxX","2014-06-25 21:05:00",5,NA,"male",NA,NA,NA,NA,"hinduism","no","My Mturk (Mechanical Turk) Worker I'd is : A1POBG27PTO9DX ",NA,5,"practice",2,NA,NA,"is walking around",NA,NA,"has legs","y",1.5,NA
"3798","4","india","adults","do you think...?","cb1","R_eECsW3E6pso5VxX","2014-06-25 21:05:00",5,NA,"male",NA,NA,NA,NA,"hinduism","no","My Mturk (Mechanical Turk) Worker I'd is : A1POBG27PTO9DX ",NA,5,"practice",3,NA,NA,"is made out of paper",NA,NA,"might rip sometime","n",-1.5,NA
"3799","4","india","adults","do you think...?","cb1","R_eECsW3E6pso5VxX","2014-06-25 21:05:00",5,NA,"male",NA,NA,NA,NA,"hinduism","no","My Mturk (Mechanical Turk) Worker I'd is : A1POBG27PTO9DX ",NA,5,"test",4,"phy","glass_clay","is made out of clay","per","vision","can see what the box looks like","n",-1.5,NA
"3800","4","india","adults","do you think...?","cb1","R_eECsW3E6pso5VxX","2014-06-25 21:05:00",5,NA,"male",NA,NA,NA,NA,"hinduism","no","My Mturk (Mechanical Turk) Worker I'd is : A1POBG27PTO9DX ",NA,5,"test",5,"aff","negative","feels sad right now","aut","movement","can move itself from one side of the box to the other","y",0.5,NA
"3801","4","india","adults","do you think...?","cb1","R_eECsW3E6pso5VxX","2014-06-25 21:05:00",5,NA,"male",NA,NA,NA,NA,"hinduism","no","My Mturk (Mechanical Turk) Worker I'd is : A1POBG27PTO9DX ",NA,5,"test",6,"per","hearing","can hear me","aff","positive","can be in a good mood sometimes","y",0.5,NA
"3802","4","india","adults","do you think...?","cb1","R_eECsW3E6pso5VxX","2014-06-25 21:05:00",5,NA,"male",NA,NA,NA,NA,"hinduism","no","My Mturk (Mechanical Turk) Worker I'd is : A1POBG27PTO9DX ",NA,5,"test",7,"aut","noise","is making noises all by itself","phy","metal_plastic","is made out of metal","y",0.5,NA
"3803","4","india","adults","do you think...?","cb1","R_eECsW3E6pso5VxX","2014-06-25 21:05:00",5,NA,"male",NA,NA,NA,NA,"hinduism","no","My Mturk (Mechanical Turk) Worker I'd is : A1POBG27PTO9DX ",NA,5,"test",8,"aff","positive","feels happy right now","aff","negative","can be in a bad mood sometimes","y",1.5,NA
"3804","4","india","adults","do you think...?","cb1","R_eECsW3E6pso5VxX","2014-06-25 21:05:00",5,NA,"male",NA,NA,NA,NA,"hinduism","no","My Mturk (Mechanical Turk) Worker I'd is : A1POBG27PTO9DX ",NA,5,"test",9,"aut","movement","is moving itself around the box","per","hearing","can hear what's going on around it","y",0.5,NA
"3805","4","india","adults","do you think...?","cb1","R_eECsW3E6pso5VxX","2014-06-25 21:05:00",5,NA,"male",NA,NA,NA,NA,"hinduism","no","My Mturk (Mechanical Turk) Worker I'd is : A1POBG27PTO9DX ",NA,5,"test",10,"phy","metal_plastic","is made out of plastic","phy","glass_clay","is made out of glass","y",0.5,NA
"3806","4","india","adults","do you think...?","cb1","R_eECsW3E6pso5VxX","2014-06-25 21:05:00",5,NA,"male",NA,NA,NA,NA,"hinduism","no","My Mturk (Mechanical Turk) Worker I'd is : A1POBG27PTO9DX ",NA,5,"test",11,"per","vision","can see me","aut","noise","can make sounds on its own","y",1.5,NA
"3807","4","india","adults","do you think...?","cb1","R_0B4lbTiYeQU4e6F","2014-06-25 23:20:00",2,NA,"female",NA,NA,NA,NA,"hinduism","no",NA,NA,6,"practice",1,NA,NA,"is purple",NA,NA,"is green","y",0.5,NA
"3808","4","india","adults","do you think...?","cb1","R_0B4lbTiYeQU4e6F","2014-06-25 23:20:00",2,NA,"female",NA,NA,NA,NA,"hinduism","no",NA,NA,6,"practice",2,NA,NA,"is walking around",NA,NA,"has legs","y",0.5,NA
"3809","4","india","adults","do you think...?","cb1","R_0B4lbTiYeQU4e6F","2014-06-25 23:20:00",2,NA,"female",NA,NA,NA,NA,"hinduism","no",NA,NA,6,"practice",3,NA,NA,"is made out of paper",NA,NA,"might rip sometime","y",0.5,NA
"3810","4","india","adults","do you think...?","cb1","R_0B4lbTiYeQU4e6F","2014-06-25 23:20:00",2,NA,"female",NA,NA,NA,NA,"hinduism","no",NA,NA,6,"test",4,"per","hearing","can hear what's going on around it","aut","movement","can move itself from one side of the box to the other","y",0.5,NA
"3811","4","india","adults","do you think...?","cb1","R_0B4lbTiYeQU4e6F","2014-06-25 23:20:00",2,NA,"female",NA,NA,NA,NA,"hinduism","no",NA,NA,6,"test",5,"phy","metal_plastic","is made out of metal","phy","glass_clay","is made out of clay","y",0.5,NA
"3812","4","india","adults","do you think...?","cb1","R_0B4lbTiYeQU4e6F","2014-06-25 23:20:00",2,NA,"female",NA,NA,NA,NA,"hinduism","no",NA,NA,6,"test",6,"aut","noise","is making noises all by itself","per","vision","can see me","y",0.5,NA
"3813","4","india","adults","do you think...?","cb1","R_0B4lbTiYeQU4e6F","2014-06-25 23:20:00",2,NA,"female",NA,NA,NA,NA,"hinduism","no",NA,NA,6,"test",7,"aff","positive","is in a good mood right now","aff","negative","can feel sad sometimes","y",0.5,NA
"3814","4","india","adults","do you think...?","cb1","R_0B4lbTiYeQU4e6F","2014-06-25 23:20:00",2,NA,"female",NA,NA,NA,NA,"hinduism","no",NA,NA,6,"test",8,"aut","movement","is moving itself around the box","phy","metal_plastic","is made out of plastic","y",0.5,NA
"3815","4","india","adults","do you think...?","cb1","R_0B4lbTiYeQU4e6F","2014-06-25 23:20:00",2,NA,"female",NA,NA,NA,NA,"hinduism","no",NA,NA,6,"test",9,"per","vision","can see what the box looks like","aff","positive","can feel happy sometimes","y",0.5,NA
"3816","4","india","adults","do you think...?","cb1","R_0B4lbTiYeQU4e6F","2014-06-25 23:20:00",2,NA,"female",NA,NA,NA,NA,"hinduism","no",NA,NA,6,"test",10,"aff","negative","is in a bad mood right now","aut","noise","can make sounds on its own","y",0.5,NA
"3817","4","india","adults","do you think...?","cb1","R_0B4lbTiYeQU4e6F","2014-06-25 23:20:00",2,NA,"female",NA,NA,NA,NA,"hinduism","no",NA,NA,6,"test",11,"phy","glass_clay","is made out of glass","per","hearing","can hear me","y",0.5,NA
"3818","4","india","adults","do you think...?","cb1","R_0v4QVEn5iFqXYzz","2014-06-25 22:11:00",6,NA,"male",NA,NA,NA,NA,"islam","no",NA,NA,6,"practice",1,NA,NA,"is purple",NA,NA,"is green","y",0.5,NA
"3819","4","india","adults","do you think...?","cb1","R_0v4QVEn5iFqXYzz","2014-06-25 22:11:00",6,NA,"male",NA,NA,NA,NA,"islam","no",NA,NA,6,"practice",2,NA,NA,"is walking around",NA,NA,"has legs","y",0.5,NA
"3820","4","india","adults","do you think...?","cb1","R_0v4QVEn5iFqXYzz","2014-06-25 22:11:00",6,NA,"male",NA,NA,NA,NA,"islam","no",NA,NA,6,"practice",3,NA,NA,"is made out of paper",NA,NA,"might rip sometime","n",-0.5,NA
"3821","4","india","adults","do you think...?","cb1","R_0v4QVEn5iFqXYzz","2014-06-25 22:11:00",6,NA,"male",NA,NA,NA,NA,"islam","no",NA,NA,6,"test",4,"per","hearing","can hear what's going on around it","aut","movement","can move itself from one side of the box to the other","y",0.5,NA
"3822","4","india","adults","do you think...?","cb1","R_0v4QVEn5iFqXYzz","2014-06-25 22:11:00",6,NA,"male",NA,NA,NA,NA,"islam","no",NA,NA,6,"test",5,"phy","metal_plastic","is made out of metal","phy","glass_clay","is made out of clay","n",-1.5,NA
"3823","4","india","adults","do you think...?","cb1","R_0v4QVEn5iFqXYzz","2014-06-25 22:11:00",6,NA,"male",NA,NA,NA,NA,"islam","no",NA,NA,6,"test",6,"aut","noise","is making noises all by itself","per","vision","can see me","n",-0.5,NA
"3824","4","india","adults","do you think...?","cb1","R_0v4QVEn5iFqXYzz","2014-06-25 22:11:00",6,NA,"male",NA,NA,NA,NA,"islam","no",NA,NA,6,"test",7,"aff","positive","is in a good mood right now","aff","negative","can feel sad sometimes","y",0.5,NA
"3825","4","india","adults","do you think...?","cb1","R_0v4QVEn5iFqXYzz","2014-06-25 22:11:00",6,NA,"male",NA,NA,NA,NA,"islam","no",NA,NA,6,"test",8,"aut","movement","is moving itself around the box","phy","metal_plastic","is made out of plastic","n",-1.5,NA
"3826","4","india","adults","do you think...?","cb1","R_0v4QVEn5iFqXYzz","2014-06-25 22:11:00",6,NA,"male",NA,NA,NA,NA,"islam","no",NA,NA,6,"test",9,"per","vision","can see what the box looks like","aff","positive","can feel happy sometimes","n",-1.5,NA
"3827","4","india","adults","do you think...?","cb1","R_0v4QVEn5iFqXYzz","2014-06-25 22:11:00",6,NA,"male",NA,NA,NA,NA,"islam","no",NA,NA,6,"test",10,"aff","negative","is in a bad mood right now","aut","noise","can make sounds on its own","y",0.5,NA
"3828","4","india","adults","do you think...?","cb1","R_0v4QVEn5iFqXYzz","2014-06-25 22:11:00",6,NA,"male",NA,NA,NA,NA,"islam","no",NA,NA,6,"test",11,"phy","glass_clay","is made out of glass","per","hearing","can hear me","n",-1.5,NA
"3829","4","india","adults","do you think...?","cb1","R_3PfJQrr6WIdMXFb","2014-06-25 20:26:00",4,NA,"female",NA,NA,NA,NA,"hinduism","no",NA,NA,6,"practice",1,NA,NA,"is purple",NA,NA,"is green","n",-1.5,NA
"3830","4","india","adults","do you think...?","cb1","R_3PfJQrr6WIdMXFb","2014-06-25 20:26:00",4,NA,"female",NA,NA,NA,NA,"hinduism","no",NA,NA,6,"practice",2,NA,NA,"is walking around",NA,NA,"has legs","y",1.5,NA
"3831","4","india","adults","do you think...?","cb1","R_3PfJQrr6WIdMXFb","2014-06-25 20:26:00",4,NA,"female",NA,NA,NA,NA,"hinduism","no",NA,NA,6,"practice",3,NA,NA,"is made out of paper",NA,NA,"might rip sometime","y",1.5,NA
"3832","4","india","adults","do you think...?","cb1","R_3PfJQrr6WIdMXFb","2014-06-25 20:26:00",4,NA,"female",NA,NA,NA,NA,"hinduism","no",NA,NA,6,"test",4,"per","hearing","can hear what's going on around it","aut","movement","can move itself from one side of the box to the other","y",0.5,NA
"3833","4","india","adults","do you think...?","cb1","R_3PfJQrr6WIdMXFb","2014-06-25 20:26:00",4,NA,"female",NA,NA,NA,NA,"hinduism","no",NA,NA,6,"test",5,"phy","metal_plastic","is made out of metal","phy","glass_clay","is made out of clay","n",-1.5,NA
"3834","4","india","adults","do you think...?","cb1","R_3PfJQrr6WIdMXFb","2014-06-25 20:26:00",4,NA,"female",NA,NA,NA,NA,"hinduism","no",NA,NA,6,"test",6,"aut","noise","is making noises all by itself","per","vision","can see me","n",-0.5,NA
"3835","4","india","adults","do you think...?","cb1","R_3PfJQrr6WIdMXFb","2014-06-25 20:26:00",4,NA,"female",NA,NA,NA,NA,"hinduism","no",NA,NA,6,"test",7,"aff","positive","is in a good mood right now","aff","negative","can feel sad sometimes","y",0.5,NA
"3836","4","india","adults","do you think...?","cb1","R_3PfJQrr6WIdMXFb","2014-06-25 20:26:00",4,NA,"female",NA,NA,NA,NA,"hinduism","no",NA,NA,6,"test",8,"aut","movement","is moving itself around the box","phy","metal_plastic","is made out of plastic","n",-0.5,NA
"3837","4","india","adults","do you think...?","cb1","R_3PfJQrr6WIdMXFb","2014-06-25 20:26:00",4,NA,"female",NA,NA,NA,NA,"hinduism","no",NA,NA,6,"test",9,"per","vision","can see what the box looks like","aff","positive","can feel happy sometimes","y",1.5,NA
"3838","4","india","adults","do you think...?","cb1","R_3PfJQrr6WIdMXFb","2014-06-25 20:26:00",4,NA,"female",NA,NA,NA,NA,"hinduism","no",NA,NA,6,"test",10,"aff","negative","is in a bad mood right now","aut","noise","can make sounds on its own","y",1.5,NA
"3839","4","india","adults","do you think...?","cb1","R_3PfJQrr6WIdMXFb","2014-06-25 20:26:00",4,NA,"female",NA,NA,NA,NA,"hinduism","no",NA,NA,6,"test",11,"phy","glass_clay","is made out of glass","per","hearing","can hear me","n",-1.5,NA
"3840","4","india","adults","do you think...?","cb1","R_3WPFuPaqBjH8meF","2014-06-26 00:25:00",6,NA,"male",NA,NA,NA,NA,"islam","no",NA,NA,6,"practice",1,NA,NA,"is purple",NA,NA,"is green","n",-1.5,NA
"3841","4","india","adults","do you think...?","cb1","R_3WPFuPaqBjH8meF","2014-06-26 00:25:00",6,NA,"male",NA,NA,NA,NA,"islam","no",NA,NA,6,"practice",2,NA,NA,"is walking around",NA,NA,"has legs","y",0.5,NA
"3842","4","india","adults","do you think...?","cb1","R_3WPFuPaqBjH8meF","2014-06-26 00:25:00",6,NA,"male",NA,NA,NA,NA,"islam","no",NA,NA,6,"practice",3,NA,NA,"is made out of paper",NA,NA,"might rip sometime","y",0.5,NA
"3843","4","india","adults","do you think...?","cb1","R_3WPFuPaqBjH8meF","2014-06-26 00:25:00",6,NA,"male",NA,NA,NA,NA,"islam","no",NA,NA,6,"test",4,"per","hearing","can hear what's going on around it","aut","movement","can move itself from one side of the box to the other","n",-0.5,NA
"3844","4","india","adults","do you think...?","cb1","R_3WPFuPaqBjH8meF","2014-06-26 00:25:00",6,NA,"male",NA,NA,NA,NA,"islam","no",NA,NA,6,"test",5,"phy","metal_plastic","is made out of metal","phy","glass_clay","is made out of clay","n",-1.5,NA
"3845","4","india","adults","do you think...?","cb1","R_3WPFuPaqBjH8meF","2014-06-26 00:25:00",6,NA,"male",NA,NA,NA,NA,"islam","no",NA,NA,6,"test",6,"aut","noise","is making noises all by itself","per","vision","can see me","y",1.5,NA
"3846","4","india","adults","do you think...?","cb1","R_3WPFuPaqBjH8meF","2014-06-26 00:25:00",6,NA,"male",NA,NA,NA,NA,"islam","no",NA,NA,6,"test",7,"aff","positive","is in a good mood right now","aff","negative","can feel sad sometimes","y",1.5,NA
"3847","4","india","adults","do you think...?","cb1","R_3WPFuPaqBjH8meF","2014-06-26 00:25:00",6,NA,"male",NA,NA,NA,NA,"islam","no",NA,NA,6,"test",8,"aut","movement","is moving itself around the box","phy","metal_plastic","is made out of plastic","n",-1.5,NA
"3848","4","india","adults","do you think...?","cb1","R_3WPFuPaqBjH8meF","2014-06-26 00:25:00",6,NA,"male",NA,NA,NA,NA,"islam","no",NA,NA,6,"test",9,"per","vision","can see what the box looks like","aff","positive","can feel happy sometimes","y",0.5,NA
"3849","4","india","adults","do you think...?","cb1","R_3WPFuPaqBjH8meF","2014-06-26 00:25:00",6,NA,"male",NA,NA,NA,NA,"islam","no",NA,NA,6,"test",10,"aff","negative","is in a bad mood right now","aut","noise","can make sounds on its own","y",1.5,NA
"3850","4","india","adults","do you think...?","cb1","R_3WPFuPaqBjH8meF","2014-06-26 00:25:00",6,NA,"male",NA,NA,NA,NA,"islam","no",NA,NA,6,"test",11,"phy","glass_clay","is made out of glass","per","hearing","can hear me","n",-1.5,NA
"3851","4","india","adults","do you think...?","cb1","R_4VhxRH6Hj1tVW4J","2014-06-25 21:03:00",12,NA,"female",NA,NA,NA,NA,"christianity","no","very nice",NA,6,"practice",1,NA,NA,"is purple",NA,NA,"is green","n",-1.5,NA
"3852","4","india","adults","do you think...?","cb1","R_4VhxRH6Hj1tVW4J","2014-06-25 21:03:00",12,NA,"female",NA,NA,NA,NA,"christianity","no","very nice",NA,6,"practice",2,NA,NA,"is walking around",NA,NA,"has legs","y",0.5,NA
"3853","4","india","adults","do you think...?","cb1","R_4VhxRH6Hj1tVW4J","2014-06-25 21:03:00",12,NA,"female",NA,NA,NA,NA,"christianity","no","very nice",NA,6,"practice",3,NA,NA,"is made out of paper",NA,NA,"might rip sometime","y",0.5,NA
"3854","4","india","adults","do you think...?","cb1","R_4VhxRH6Hj1tVW4J","2014-06-25 21:03:00",12,NA,"female",NA,NA,NA,NA,"christianity","no","very nice",NA,6,"test",4,"per","hearing","can hear what's going on around it","aut","movement","can move itself from one side of the box to the other","n",-1.5,NA
"3855","4","india","adults","do you think...?","cb1","R_4VhxRH6Hj1tVW4J","2014-06-25 21:03:00",12,NA,"female",NA,NA,NA,NA,"christianity","no","very nice",NA,6,"test",5,"phy","metal_plastic","is made out of metal","phy","glass_clay","is made out of clay","y",1.5,NA
"3856","4","india","adults","do you think...?","cb1","R_4VhxRH6Hj1tVW4J","2014-06-25 21:03:00",12,NA,"female",NA,NA,NA,NA,"christianity","no","very nice",NA,6,"test",6,"aut","noise","is making noises all by itself","per","vision","can see me","n",-0.5,NA
"3857","4","india","adults","do you think...?","cb1","R_4VhxRH6Hj1tVW4J","2014-06-25 21:03:00",12,NA,"female",NA,NA,NA,NA,"christianity","no","very nice",NA,6,"test",7,"aff","positive","is in a good mood right now","aff","negative","can feel sad sometimes","y",1.5,NA
"3858","4","india","adults","do you think...?","cb1","R_4VhxRH6Hj1tVW4J","2014-06-25 21:03:00",12,NA,"female",NA,NA,NA,NA,"christianity","no","very nice",NA,6,"test",8,"aut","movement","is moving itself around the box","phy","metal_plastic","is made out of plastic","n",-0.5,NA
"3859","4","india","adults","do you think...?","cb1","R_4VhxRH6Hj1tVW4J","2014-06-25 21:03:00",12,NA,"female",NA,NA,NA,NA,"christianity","no","very nice",NA,6,"test",9,"per","vision","can see what the box looks like","aff","positive","can feel happy sometimes","y",1.5,NA
"3860","4","india","adults","do you think...?","cb1","R_4VhxRH6Hj1tVW4J","2014-06-25 21:03:00",12,NA,"female",NA,NA,NA,NA,"christianity","no","very nice",NA,6,"test",10,"aff","negative","is in a bad mood right now","aut","noise","can make sounds on its own","n",-1.5,NA
"3861","4","india","adults","do you think...?","cb1","R_4VhxRH6Hj1tVW4J","2014-06-25 21:03:00",12,NA,"female",NA,NA,NA,NA,"christianity","no","very nice",NA,6,"test",11,"phy","glass_clay","is made out of glass","per","hearing","can hear me","y",1.5,NA
"3862","4","india","adults","do you think...?","cb1","R_5p948PT5ntD5eFD","2014-06-25 23:52:00",8,NA,"male",NA,NA,NA,NA,"islam","no","An Interesting survey, thank you.",NA,6,"practice",1,NA,NA,"is purple",NA,NA,"is green","n",-1.5,NA
"3863","4","india","adults","do you think...?","cb1","R_5p948PT5ntD5eFD","2014-06-25 23:52:00",8,NA,"male",NA,NA,NA,NA,"islam","no","An Interesting survey, thank you.",NA,6,"practice",2,NA,NA,"is walking around",NA,NA,"has legs","y",1.5,NA
"3864","4","india","adults","do you think...?","cb1","R_5p948PT5ntD5eFD","2014-06-25 23:52:00",8,NA,"male",NA,NA,NA,NA,"islam","no","An Interesting survey, thank you.",NA,6,"practice",3,NA,NA,"is made out of paper",NA,NA,"might rip sometime","y",1.5,NA
"3865","4","india","adults","do you think...?","cb1","R_5p948PT5ntD5eFD","2014-06-25 23:52:00",8,NA,"male",NA,NA,NA,NA,"islam","no","An Interesting survey, thank you.",NA,6,"test",4,"per","hearing","can hear what's going on around it","aut","movement","can move itself from one side of the box to the other","y",1.5,NA
"3866","4","india","adults","do you think...?","cb1","R_5p948PT5ntD5eFD","2014-06-25 23:52:00",8,NA,"male",NA,NA,NA,NA,"islam","no","An Interesting survey, thank you.",NA,6,"test",5,"phy","metal_plastic","is made out of metal","phy","glass_clay","is made out of clay","n",-1.5,NA
"3867","4","india","adults","do you think...?","cb1","R_5p948PT5ntD5eFD","2014-06-25 23:52:00",8,NA,"male",NA,NA,NA,NA,"islam","no","An Interesting survey, thank you.",NA,6,"test",6,"aut","noise","is making noises all by itself","per","vision","can see me","n",-1.5,NA
"3868","4","india","adults","do you think...?","cb1","R_5p948PT5ntD5eFD","2014-06-25 23:52:00",8,NA,"male",NA,NA,NA,NA,"islam","no","An Interesting survey, thank you.",NA,6,"test",7,"aff","positive","is in a good mood right now","aff","negative","can feel sad sometimes","y",1.5,NA
"3869","4","india","adults","do you think...?","cb1","R_5p948PT5ntD5eFD","2014-06-25 23:52:00",8,NA,"male",NA,NA,NA,NA,"islam","no","An Interesting survey, thank you.",NA,6,"test",8,"aut","movement","is moving itself around the box","phy","metal_plastic","is made out of plastic","n",-1.5,NA
"3870","4","india","adults","do you think...?","cb1","R_5p948PT5ntD5eFD","2014-06-25 23:52:00",8,NA,"male",NA,NA,NA,NA,"islam","no","An Interesting survey, thank you.",NA,6,"test",9,"per","vision","can see what the box looks like","aff","positive","can feel happy sometimes","y",0.5,NA
"3871","4","india","adults","do you think...?","cb1","R_5p948PT5ntD5eFD","2014-06-25 23:52:00",8,NA,"male",NA,NA,NA,NA,"islam","no","An Interesting survey, thank you.",NA,6,"test",10,"aff","negative","is in a bad mood right now","aut","noise","can make sounds on its own","n",-1.5,NA
"3872","4","india","adults","do you think...?","cb1","R_5p948PT5ntD5eFD","2014-06-25 23:52:00",8,NA,"male",NA,NA,NA,NA,"islam","no","An Interesting survey, thank you.",NA,6,"test",11,"phy","glass_clay","is made out of glass","per","hearing","can hear me","n",-1.5,NA
"3873","4","india","adults","do you think...?","cb1","R_5p9gPmF47O618hv","2014-06-26 00:28:00",7,NA,"female",NA,NA,NA,NA,"hinduism","no",NA,NA,6,"practice",1,NA,NA,"is purple",NA,NA,"is green","n",-1.5,NA
"3874","4","india","adults","do you think...?","cb1","R_5p9gPmF47O618hv","2014-06-26 00:28:00",7,NA,"female",NA,NA,NA,NA,"hinduism","no",NA,NA,6,"practice",2,NA,NA,"is walking around",NA,NA,"has legs","y",1.5,NA
"3875","4","india","adults","do you think...?","cb1","R_5p9gPmF47O618hv","2014-06-26 00:28:00",7,NA,"female",NA,NA,NA,NA,"hinduism","no",NA,NA,6,"practice",3,NA,NA,"is made out of paper",NA,NA,"might rip sometime","y",1.5,NA
"3876","4","india","adults","do you think...?","cb1","R_5p9gPmF47O618hv","2014-06-26 00:28:00",7,NA,"female",NA,NA,NA,NA,"hinduism","no",NA,NA,6,"test",4,"per","hearing","can hear what's going on around it","aut","movement","can move itself from one side of the box to the other","y",1.5,NA
"3877","4","india","adults","do you think...?","cb1","R_5p9gPmF47O618hv","2014-06-26 00:28:00",7,NA,"female",NA,NA,NA,NA,"hinduism","no",NA,NA,6,"test",5,"phy","metal_plastic","is made out of metal","phy","glass_clay","is made out of clay","n",-1.5,NA
"3878","4","india","adults","do you think...?","cb1","R_5p9gPmF47O618hv","2014-06-26 00:28:00",7,NA,"female",NA,NA,NA,NA,"hinduism","no",NA,NA,6,"test",6,"aut","noise","is making noises all by itself","per","vision","can see me","y",1.5,NA
"3879","4","india","adults","do you think...?","cb1","R_5p9gPmF47O618hv","2014-06-26 00:28:00",7,NA,"female",NA,NA,NA,NA,"hinduism","no",NA,NA,6,"test",7,"aff","positive","is in a good mood right now","aff","negative","can feel sad sometimes","y",1.5,NA
"3880","4","india","adults","do you think...?","cb1","R_5p9gPmF47O618hv","2014-06-26 00:28:00",7,NA,"female",NA,NA,NA,NA,"hinduism","no",NA,NA,6,"test",8,"aut","movement","is moving itself around the box","phy","metal_plastic","is made out of plastic","n",-1.5,NA
"3881","4","india","adults","do you think...?","cb1","R_5p9gPmF47O618hv","2014-06-26 00:28:00",7,NA,"female",NA,NA,NA,NA,"hinduism","no",NA,NA,6,"test",9,"per","vision","can see what the box looks like","aff","positive","can feel happy sometimes","y",1.5,NA
"3882","4","india","adults","do you think...?","cb1","R_5p9gPmF47O618hv","2014-06-26 00:28:00",7,NA,"female",NA,NA,NA,NA,"hinduism","no",NA,NA,6,"test",10,"aff","negative","is in a bad mood right now","aut","noise","can make sounds on its own","y",1.5,NA
"3883","4","india","adults","do you think...?","cb1","R_5p9gPmF47O618hv","2014-06-26 00:28:00",7,NA,"female",NA,NA,NA,NA,"hinduism","no",NA,NA,6,"test",11,"phy","glass_clay","is made out of glass","per","hearing","can hear me","n",-1.5,NA
"3884","4","india","adults","do you think...?","cb1","R_9oEQVkLmBeDOuCF","2014-06-25 22:47:00",6,NA,"female",NA,NA,NA,NA,"hinduism","no",NA,NA,6,"practice",1,NA,NA,"is purple",NA,NA,"is green","y",0.5,NA
"3885","4","india","adults","do you think...?","cb1","R_9oEQVkLmBeDOuCF","2014-06-25 22:47:00",6,NA,"female",NA,NA,NA,NA,"hinduism","no",NA,NA,6,"practice",2,NA,NA,"is walking around",NA,NA,"has legs","n",-1.5,NA
"3886","4","india","adults","do you think...?","cb1","R_9oEQVkLmBeDOuCF","2014-06-25 22:47:00",6,NA,"female",NA,NA,NA,NA,"hinduism","no",NA,NA,6,"practice",3,NA,NA,"is made out of paper",NA,NA,"might rip sometime","y",0.5,NA
"3887","4","india","adults","do you think...?","cb1","R_9oEQVkLmBeDOuCF","2014-06-25 22:47:00",6,NA,"female",NA,NA,NA,NA,"hinduism","no",NA,NA,6,"test",4,"per","hearing","can hear what's going on around it","aut","movement","can move itself from one side of the box to the other","n",-1.5,NA
"3888","4","india","adults","do you think...?","cb1","R_9oEQVkLmBeDOuCF","2014-06-25 22:47:00",6,NA,"female",NA,NA,NA,NA,"hinduism","no",NA,NA,6,"test",5,"phy","metal_plastic","is made out of metal","phy","glass_clay","is made out of clay","y",1.5,NA
"3889","4","india","adults","do you think...?","cb1","R_9oEQVkLmBeDOuCF","2014-06-25 22:47:00",6,NA,"female",NA,NA,NA,NA,"hinduism","no",NA,NA,6,"test",6,"aut","noise","is making noises all by itself","per","vision","can see me","n",-1.5,NA
"3890","4","india","adults","do you think...?","cb1","R_9oEQVkLmBeDOuCF","2014-06-25 22:47:00",6,NA,"female",NA,NA,NA,NA,"hinduism","no",NA,NA,6,"test",7,"aff","positive","is in a good mood right now","aff","negative","can feel sad sometimes","n",-0.5,NA
"3891","4","india","adults","do you think...?","cb1","R_9oEQVkLmBeDOuCF","2014-06-25 22:47:00",6,NA,"female",NA,NA,NA,NA,"hinduism","no",NA,NA,6,"test",8,"aut","movement","is moving itself around the box","phy","metal_plastic","is made out of plastic","y",1.5,NA
"3892","4","india","adults","do you think...?","cb1","R_9oEQVkLmBeDOuCF","2014-06-25 22:47:00",6,NA,"female",NA,NA,NA,NA,"hinduism","no",NA,NA,6,"test",9,"per","vision","can see what the box looks like","aff","positive","can feel happy sometimes","y",1.5,NA
"3893","4","india","adults","do you think...?","cb1","R_9oEQVkLmBeDOuCF","2014-06-25 22:47:00",6,NA,"female",NA,NA,NA,NA,"hinduism","no",NA,NA,6,"test",10,"aff","negative","is in a bad mood right now","aut","noise","can make sounds on its own","y",0.5,NA
"3894","4","india","adults","do you think...?","cb1","R_9oEQVkLmBeDOuCF","2014-06-25 22:47:00",6,NA,"female",NA,NA,NA,NA,"hinduism","no",NA,NA,6,"test",11,"phy","glass_clay","is made out of glass","per","hearing","can hear me","y",1.5,NA
"3895","4","india","adults","do you think...?","cb1","R_ahsCDFo95qM5FSB","2014-06-25 18:39:00",4,NA,"male",NA,NA,NA,NA,"hinduism","unsure",NA,NA,6,"practice",1,NA,NA,"is purple",NA,NA,"is green","n",-1.5,NA
"3896","4","india","adults","do you think...?","cb1","R_ahsCDFo95qM5FSB","2014-06-25 18:39:00",4,NA,"male",NA,NA,NA,NA,"hinduism","unsure",NA,NA,6,"practice",2,NA,NA,"is walking around",NA,NA,"has legs","y",1.5,NA
"3897","4","india","adults","do you think...?","cb1","R_ahsCDFo95qM5FSB","2014-06-25 18:39:00",4,NA,"male",NA,NA,NA,NA,"hinduism","unsure",NA,NA,6,"practice",3,NA,NA,"is made out of paper",NA,NA,"might rip sometime","y",0.5,NA
"3898","4","india","adults","do you think...?","cb1","R_ahsCDFo95qM5FSB","2014-06-25 18:39:00",4,NA,"male",NA,NA,NA,NA,"hinduism","unsure",NA,NA,6,"test",4,"per","hearing","can hear what's going on around it","aut","movement","can move itself from one side of the box to the other","y",0.5,NA
"3899","4","india","adults","do you think...?","cb1","R_ahsCDFo95qM5FSB","2014-06-25 18:39:00",4,NA,"male",NA,NA,NA,NA,"hinduism","unsure",NA,NA,6,"test",5,"phy","metal_plastic","is made out of metal","phy","glass_clay","is made out of clay","n",-1.5,NA
"3900","4","india","adults","do you think...?","cb1","R_ahsCDFo95qM5FSB","2014-06-25 18:39:00",4,NA,"male",NA,NA,NA,NA,"hinduism","unsure",NA,NA,6,"test",6,"aut","noise","is making noises all by itself","per","vision","can see me","n",-0.5,NA
"3901","4","india","adults","do you think...?","cb1","R_ahsCDFo95qM5FSB","2014-06-25 18:39:00",4,NA,"male",NA,NA,NA,NA,"hinduism","unsure",NA,NA,6,"test",7,"aff","positive","is in a good mood right now","aff","negative","can feel sad sometimes","n",-1.5,NA
"3902","4","india","adults","do you think...?","cb1","R_ahsCDFo95qM5FSB","2014-06-25 18:39:00",4,NA,"male",NA,NA,NA,NA,"hinduism","unsure",NA,NA,6,"test",8,"aut","movement","is moving itself around the box","phy","metal_plastic","is made out of plastic","y",0.5,NA
"3903","4","india","adults","do you think...?","cb1","R_ahsCDFo95qM5FSB","2014-06-25 18:39:00",4,NA,"male",NA,NA,NA,NA,"hinduism","unsure",NA,NA,6,"test",9,"per","vision","can see what the box looks like","aff","positive","can feel happy sometimes","n",-0.5,NA
"3904","4","india","adults","do you think...?","cb1","R_ahsCDFo95qM5FSB","2014-06-25 18:39:00",4,NA,"male",NA,NA,NA,NA,"hinduism","unsure",NA,NA,6,"test",10,"aff","negative","is in a bad mood right now","aut","noise","can make sounds on its own","y",0.5,NA
"3905","4","india","adults","do you think...?","cb1","R_ahsCDFo95qM5FSB","2014-06-25 18:39:00",4,NA,"male",NA,NA,NA,NA,"hinduism","unsure",NA,NA,6,"test",11,"phy","glass_clay","is made out of glass","per","hearing","can hear me","n",-0.5,NA
"3906","4","india","adults","do you think...?","cb1","R_bQmEIgUEfhuZcmp","2014-06-25 22:43:00",5,NA,"female",NA,NA,NA,NA,"hinduism","no","Nice survey for kids.",NA,6,"practice",1,NA,NA,"is purple",NA,NA,"is green","y",0.5,NA
"3907","4","india","adults","do you think...?","cb1","R_bQmEIgUEfhuZcmp","2014-06-25 22:43:00",5,NA,"female",NA,NA,NA,NA,"hinduism","no","Nice survey for kids.",NA,6,"practice",2,NA,NA,"is walking around",NA,NA,"has legs","n",-1.5,NA
"3908","4","india","adults","do you think...?","cb1","R_bQmEIgUEfhuZcmp","2014-06-25 22:43:00",5,NA,"female",NA,NA,NA,NA,"hinduism","no","Nice survey for kids.",NA,6,"practice",3,NA,NA,"is made out of paper",NA,NA,"might rip sometime","n",-1.5,NA
"3909","4","india","adults","do you think...?","cb1","R_bQmEIgUEfhuZcmp","2014-06-25 22:43:00",5,NA,"female",NA,NA,NA,NA,"hinduism","no","Nice survey for kids.",NA,6,"test",4,"per","hearing","can hear what's going on around it","aut","movement","can move itself from one side of the box to the other","n",-0.5,NA
"3910","4","india","adults","do you think...?","cb1","R_bQmEIgUEfhuZcmp","2014-06-25 22:43:00",5,NA,"female",NA,NA,NA,NA,"hinduism","no","Nice survey for kids.",NA,6,"test",5,"phy","metal_plastic","is made out of metal","phy","glass_clay","is made out of clay","n",-1.5,NA
"3911","4","india","adults","do you think...?","cb1","R_bQmEIgUEfhuZcmp","2014-06-25 22:43:00",5,NA,"female",NA,NA,NA,NA,"hinduism","no","Nice survey for kids.",NA,6,"test",6,"aut","noise","is making noises all by itself","per","vision","can see me","y",0.5,NA
"3912","4","india","adults","do you think...?","cb1","R_bQmEIgUEfhuZcmp","2014-06-25 22:43:00",5,NA,"female",NA,NA,NA,NA,"hinduism","no","Nice survey for kids.",NA,6,"test",7,"aff","positive","is in a good mood right now","aff","negative","can feel sad sometimes","y",1.5,NA
"3913","4","india","adults","do you think...?","cb1","R_bQmEIgUEfhuZcmp","2014-06-25 22:43:00",5,NA,"female",NA,NA,NA,NA,"hinduism","no","Nice survey for kids.",NA,6,"test",8,"aut","movement","is moving itself around the box","phy","metal_plastic","is made out of plastic","n",-1.5,NA
"3914","4","india","adults","do you think...?","cb1","R_bQmEIgUEfhuZcmp","2014-06-25 22:43:00",5,NA,"female",NA,NA,NA,NA,"hinduism","no","Nice survey for kids.",NA,6,"test",9,"per","vision","can see what the box looks like","aff","positive","can feel happy sometimes","y",0.5,NA
"3915","4","india","adults","do you think...?","cb1","R_bQmEIgUEfhuZcmp","2014-06-25 22:43:00",5,NA,"female",NA,NA,NA,NA,"hinduism","no","Nice survey for kids.",NA,6,"test",10,"aff","negative","is in a bad mood right now","aut","noise","can make sounds on its own","y",1.5,NA
"3916","4","india","adults","do you think...?","cb1","R_bQmEIgUEfhuZcmp","2014-06-25 22:43:00",5,NA,"female",NA,NA,NA,NA,"hinduism","no","Nice survey for kids.",NA,6,"test",11,"phy","glass_clay","is made out of glass","per","hearing","can hear me","n",-1.5,NA
"3917","4","india","adults","do you think...?","cb1","R_0NUXxuvRvdvRK6x","2014-06-25 20:20:00",7,NA,"male",NA,NA,NA,NA,"christianity","no","No problem occur",NA,7,"practice",1,NA,NA,"is purple",NA,NA,"is green","n",-1.5,NA
"3918","4","india","adults","do you think...?","cb1","R_0NUXxuvRvdvRK6x","2014-06-25 20:20:00",7,NA,"male",NA,NA,NA,NA,"christianity","no","No problem occur",NA,7,"practice",2,NA,NA,"is walking around",NA,NA,"has legs","y",0.5,NA
"3919","4","india","adults","do you think...?","cb1","R_0NUXxuvRvdvRK6x","2014-06-25 20:20:00",7,NA,"male",NA,NA,NA,NA,"christianity","no","No problem occur",NA,7,"practice",3,NA,NA,"is made out of paper",NA,NA,"might rip sometime","n",-0.5,NA
"3920","4","india","adults","do you think...?","cb1","R_0NUXxuvRvdvRK6x","2014-06-25 20:20:00",7,NA,"male",NA,NA,NA,NA,"christianity","no","No problem occur",NA,7,"test",4,"aff","positive","is in a good mood right now","per","hearing","can hear what's going on around it","y",0.5,NA
"3921","4","india","adults","do you think...?","cb1","R_0NUXxuvRvdvRK6x","2014-06-25 20:20:00",7,NA,"male",NA,NA,NA,NA,"christianity","no","No problem occur",NA,7,"test",5,"per","vision","can see me","phy","metal_plastic","is made out of metal","n",-1.5,NA
"3922","4","india","adults","do you think...?","cb1","R_0NUXxuvRvdvRK6x","2014-06-25 20:20:00",7,NA,"male",NA,NA,NA,NA,"christianity","no","No problem occur",NA,7,"test",6,"phy","glass_clay","is made out of clay","aff","positive","can feel happy sometimes","y",0.5,NA
"3923","4","india","adults","do you think...?","cb1","R_0NUXxuvRvdvRK6x","2014-06-25 20:20:00",7,NA,"male",NA,NA,NA,NA,"christianity","no","No problem occur",NA,7,"test",7,"aut","movement","is moving itself from one side of the box to the other","aut","noise","can make noises all by itself","n",-1.5,NA
"3924","4","india","adults","do you think...?","cb1","R_0NUXxuvRvdvRK6x","2014-06-25 20:20:00",7,NA,"male",NA,NA,NA,NA,"christianity","no","No problem occur",NA,7,"test",8,"aff","negative","feels sad right now","phy","glass_clay","is made out of glass","y",1.5,NA
"3925","4","india","adults","do you think...?","cb1","R_0NUXxuvRvdvRK6x","2014-06-25 20:20:00",7,NA,"male",NA,NA,NA,NA,"christianity","no","No problem occur",NA,7,"test",9,"per","hearing","can hear me","per","vision","can see what the box looks like","y",0.5,NA
"3926","4","india","adults","do you think...?","cb1","R_0NUXxuvRvdvRK6x","2014-06-25 20:20:00",7,NA,"male",NA,NA,NA,NA,"christianity","no","No problem occur",NA,7,"test",10,"phy","metal_plastic","is made out of plastic","aut","movement","can move itself around the box","y",1.5,NA
"3927","4","india","adults","do you think...?","cb1","R_0NUXxuvRvdvRK6x","2014-06-25 20:20:00",7,NA,"male",NA,NA,NA,NA,"christianity","no","No problem occur",NA,7,"test",11,"aut","noise","is making sounds on its own","aff","negative","can be in a bad mood sometimes","n",-1.5,NA
"3928","4","india","adults","do you think...?","cb1","R_3NI9K6RBUujh8Ut","2014-06-25 21:16:00",4,NA,"female",NA,NA,NA,NA,"christianity","no","nice work",NA,7,"practice",1,NA,NA,"is purple",NA,NA,"is green","y",1.5,NA
"3929","4","india","adults","do you think...?","cb1","R_3NI9K6RBUujh8Ut","2014-06-25 21:16:00",4,NA,"female",NA,NA,NA,NA,"christianity","no","nice work",NA,7,"practice",2,NA,NA,"is walking around",NA,NA,"has legs","n",-0.5,NA
"3930","4","india","adults","do you think...?","cb1","R_3NI9K6RBUujh8Ut","2014-06-25 21:16:00",4,NA,"female",NA,NA,NA,NA,"christianity","no","nice work",NA,7,"practice",3,NA,NA,"is made out of paper",NA,NA,"might rip sometime","y",0.5,NA
"3931","4","india","adults","do you think...?","cb1","R_3NI9K6RBUujh8Ut","2014-06-25 21:16:00",4,NA,"female",NA,NA,NA,NA,"christianity","no","nice work",NA,7,"test",4,"aff","positive","is in a good mood right now","per","hearing","can hear what's going on around it","y",0.5,NA
"3932","4","india","adults","do you think...?","cb1","R_3NI9K6RBUujh8Ut","2014-06-25 21:16:00",4,NA,"female",NA,NA,NA,NA,"christianity","no","nice work",NA,7,"test",5,"per","vision","can see me","phy","metal_plastic","is made out of metal","y",0.5,NA
"3933","4","india","adults","do you think...?","cb1","R_3NI9K6RBUujh8Ut","2014-06-25 21:16:00",4,NA,"female",NA,NA,NA,NA,"christianity","no","nice work",NA,7,"test",6,"phy","glass_clay","is made out of clay","aff","positive","can feel happy sometimes","n",-0.5,NA
"3934","4","india","adults","do you think...?","cb1","R_3NI9K6RBUujh8Ut","2014-06-25 21:16:00",4,NA,"female",NA,NA,NA,NA,"christianity","no","nice work",NA,7,"test",7,"aut","movement","is moving itself from one side of the box to the other","aut","noise","can make noises all by itself","y",0.5,NA
"3935","4","india","adults","do you think...?","cb1","R_3NI9K6RBUujh8Ut","2014-06-25 21:16:00",4,NA,"female",NA,NA,NA,NA,"christianity","no","nice work",NA,7,"test",8,"aff","negative","feels sad right now","phy","glass_clay","is made out of glass","y",0.5,NA
"3936","4","india","adults","do you think...?","cb1","R_3NI9K6RBUujh8Ut","2014-06-25 21:16:00",4,NA,"female",NA,NA,NA,NA,"christianity","no","nice work",NA,7,"test",9,"per","hearing","can hear me","per","vision","can see what the box looks like","y",0.5,NA
"3937","4","india","adults","do you think...?","cb1","R_3NI9K6RBUujh8Ut","2014-06-25 21:16:00",4,NA,"female",NA,NA,NA,NA,"christianity","no","nice work",NA,7,"test",10,"phy","metal_plastic","is made out of plastic","aut","movement","can move itself around the box","y",0.5,NA
"3938","4","india","adults","do you think...?","cb1","R_3NI9K6RBUujh8Ut","2014-06-25 21:16:00",4,NA,"female",NA,NA,NA,NA,"christianity","no","nice work",NA,7,"test",11,"aut","noise","is making sounds on its own","aff","negative","can be in a bad mood sometimes","y",0.5,NA
"3939","4","india","adults","do you think...?","cb1","R_3xt3SSJlceOd9DD","2014-06-25 18:28:00",7,NA,"female",NA,NA,NA,NA,"christianity","no",NA,NA,7,"practice",1,NA,NA,"is purple",NA,NA,"is green","n",-1.5,NA
"3940","4","india","adults","do you think...?","cb1","R_3xt3SSJlceOd9DD","2014-06-25 18:28:00",7,NA,"female",NA,NA,NA,NA,"christianity","no",NA,NA,7,"practice",2,NA,NA,"is walking around",NA,NA,"has legs","y",0.5,NA
"3941","4","india","adults","do you think...?","cb1","R_3xt3SSJlceOd9DD","2014-06-25 18:28:00",7,NA,"female",NA,NA,NA,NA,"christianity","no",NA,NA,7,"practice",3,NA,NA,"is made out of paper",NA,NA,"might rip sometime","y",0.5,NA
"3942","4","india","adults","do you think...?","cb1","R_3xt3SSJlceOd9DD","2014-06-25 18:28:00",7,NA,"female",NA,NA,NA,NA,"christianity","no",NA,NA,7,"test",4,"aff","positive","is in a good mood right now","per","hearing","can hear what's going on around it","y",0.5,NA
"3943","4","india","adults","do you think...?","cb1","R_3xt3SSJlceOd9DD","2014-06-25 18:28:00",7,NA,"female",NA,NA,NA,NA,"christianity","no",NA,NA,7,"test",5,"per","vision","can see me","phy","metal_plastic","is made out of metal","n",-0.5,NA
"3944","4","india","adults","do you think...?","cb1","R_3xt3SSJlceOd9DD","2014-06-25 18:28:00",7,NA,"female",NA,NA,NA,NA,"christianity","no",NA,NA,7,"test",6,"phy","glass_clay","is made out of clay","aff","positive","can feel happy sometimes","n",-0.5,NA
"3945","4","india","adults","do you think...?","cb1","R_3xt3SSJlceOd9DD","2014-06-25 18:28:00",7,NA,"female",NA,NA,NA,NA,"christianity","no",NA,NA,7,"test",7,"aut","movement","is moving itself from one side of the box to the other","aut","noise","can make noises all by itself","n",-0.5,NA
"3946","4","india","adults","do you think...?","cb1","R_3xt3SSJlceOd9DD","2014-06-25 18:28:00",7,NA,"female",NA,NA,NA,NA,"christianity","no",NA,NA,7,"test",8,"aff","negative","feels sad right now","phy","glass_clay","is made out of glass","n",-1.5,NA
"3947","4","india","adults","do you think...?","cb1","R_3xt3SSJlceOd9DD","2014-06-25 18:28:00",7,NA,"female",NA,NA,NA,NA,"christianity","no",NA,NA,7,"test",9,"per","hearing","can hear me","per","vision","can see what the box looks like","n",-1.5,NA
"3948","4","india","adults","do you think...?","cb1","R_3xt3SSJlceOd9DD","2014-06-25 18:28:00",7,NA,"female",NA,NA,NA,NA,"christianity","no",NA,NA,7,"test",10,"phy","metal_plastic","is made out of plastic","aut","movement","can move itself around the box","y",0.5,NA
"3949","4","india","adults","do you think...?","cb1","R_3xt3SSJlceOd9DD","2014-06-25 18:28:00",7,NA,"female",NA,NA,NA,NA,"christianity","no",NA,NA,7,"test",11,"aut","noise","is making sounds on its own","aff","negative","can be in a bad mood sometimes","n",-0.5,NA
"3950","4","india","adults","do you think...?","cb1","R_4UT6R4cTRNiW6K9","2014-06-25 23:36:00",3,NA,"male",NA,NA,NA,NA,"hinduism","no","expecting more surveys",NA,7,"practice",1,NA,NA,"is purple",NA,NA,"is green","n",-0.5,NA
"3951","4","india","adults","do you think...?","cb1","R_4UT6R4cTRNiW6K9","2014-06-25 23:36:00",3,NA,"male",NA,NA,NA,NA,"hinduism","no","expecting more surveys",NA,7,"practice",2,NA,NA,"is walking around",NA,NA,"has legs","y",1.5,NA
"3952","4","india","adults","do you think...?","cb1","R_4UT6R4cTRNiW6K9","2014-06-25 23:36:00",3,NA,"male",NA,NA,NA,NA,"hinduism","no","expecting more surveys",NA,7,"practice",3,NA,NA,"is made out of paper",NA,NA,"might rip sometime","y",0.5,NA
"3953","4","india","adults","do you think...?","cb1","R_4UT6R4cTRNiW6K9","2014-06-25 23:36:00",3,NA,"male",NA,NA,NA,NA,"hinduism","no","expecting more surveys",NA,7,"test",4,"aff","positive","is in a good mood right now","per","hearing","can hear what's going on around it","n",-0.5,NA
"3954","4","india","adults","do you think...?","cb1","R_4UT6R4cTRNiW6K9","2014-06-25 23:36:00",3,NA,"male",NA,NA,NA,NA,"hinduism","no","expecting more surveys",NA,7,"test",5,"per","vision","can see me","phy","metal_plastic","is made out of metal","y",0.5,NA
"3955","4","india","adults","do you think...?","cb1","R_4UT6R4cTRNiW6K9","2014-06-25 23:36:00",3,NA,"male",NA,NA,NA,NA,"hinduism","no","expecting more surveys",NA,7,"test",6,"phy","glass_clay","is made out of clay","aff","positive","can feel happy sometimes","n",-0.5,NA
"3956","4","india","adults","do you think...?","cb1","R_4UT6R4cTRNiW6K9","2014-06-25 23:36:00",3,NA,"male",NA,NA,NA,NA,"hinduism","no","expecting more surveys",NA,7,"test",7,"aut","movement","is moving itself from one side of the box to the other","aut","noise","can make noises all by itself","y",0.5,NA
"3957","4","india","adults","do you think...?","cb1","R_4UT6R4cTRNiW6K9","2014-06-25 23:36:00",3,NA,"male",NA,NA,NA,NA,"hinduism","no","expecting more surveys",NA,7,"test",8,"aff","negative","feels sad right now","phy","glass_clay","is made out of glass","n",-1.5,NA
"3958","4","india","adults","do you think...?","cb1","R_4UT6R4cTRNiW6K9","2014-06-25 23:36:00",3,NA,"male",NA,NA,NA,NA,"hinduism","no","expecting more surveys",NA,7,"test",9,"per","hearing","can hear me","per","vision","can see what the box looks like","y",0.5,NA
"3959","4","india","adults","do you think...?","cb1","R_4UT6R4cTRNiW6K9","2014-06-25 23:36:00",3,NA,"male",NA,NA,NA,NA,"hinduism","no","expecting more surveys",NA,7,"test",10,"phy","metal_plastic","is made out of plastic","aut","movement","can move itself around the box","y",0.5,NA
"3960","4","india","adults","do you think...?","cb1","R_4UT6R4cTRNiW6K9","2014-06-25 23:36:00",3,NA,"male",NA,NA,NA,NA,"hinduism","no","expecting more surveys",NA,7,"test",11,"aut","noise","is making sounds on its own","aff","negative","can be in a bad mood sometimes","y",0.5,NA
"3961","4","india","adults","do you think...?","cb1","R_54hzI6emdPFDrY9","2014-06-26 00:06:00",7,NA,"male",NA,NA,NA,NA,"hinduism","no","it is nice to know the kids behavior ",NA,7,"practice",1,NA,NA,"is purple",NA,NA,"is green","n",-1.5,NA
"3962","4","india","adults","do you think...?","cb1","R_54hzI6emdPFDrY9","2014-06-26 00:06:00",7,NA,"male",NA,NA,NA,NA,"hinduism","no","it is nice to know the kids behavior ",NA,7,"practice",2,NA,NA,"is walking around",NA,NA,"has legs","y",0.5,NA
"3963","4","india","adults","do you think...?","cb1","R_54hzI6emdPFDrY9","2014-06-26 00:06:00",7,NA,"male",NA,NA,NA,NA,"hinduism","no","it is nice to know the kids behavior ",NA,7,"practice",3,NA,NA,"is made out of paper",NA,NA,"might rip sometime","y",0.5,NA
"3964","4","india","adults","do you think...?","cb1","R_54hzI6emdPFDrY9","2014-06-26 00:06:00",7,NA,"male",NA,NA,NA,NA,"hinduism","no","it is nice to know the kids behavior ",NA,7,"test",4,"aff","positive","is in a good mood right now","per","hearing","can hear what's going on around it","y",0.5,NA
"3965","4","india","adults","do you think...?","cb1","R_54hzI6emdPFDrY9","2014-06-26 00:06:00",7,NA,"male",NA,NA,NA,NA,"hinduism","no","it is nice to know the kids behavior ",NA,7,"test",5,"per","vision","can see me","phy","metal_plastic","is made out of metal","y",0.5,NA
"3966","4","india","adults","do you think...?","cb1","R_54hzI6emdPFDrY9","2014-06-26 00:06:00",7,NA,"male",NA,NA,NA,NA,"hinduism","no","it is nice to know the kids behavior ",NA,7,"test",6,"phy","glass_clay","is made out of clay","aff","positive","can feel happy sometimes","y",0.5,NA
"3967","4","india","adults","do you think...?","cb1","R_54hzI6emdPFDrY9","2014-06-26 00:06:00",7,NA,"male",NA,NA,NA,NA,"hinduism","no","it is nice to know the kids behavior ",NA,7,"test",7,"aut","movement","is moving itself from one side of the box to the other","aut","noise","can make noises all by itself","y",0.5,NA
"3968","4","india","adults","do you think...?","cb1","R_54hzI6emdPFDrY9","2014-06-26 00:06:00",7,NA,"male",NA,NA,NA,NA,"hinduism","no","it is nice to know the kids behavior ",NA,7,"test",8,"aff","negative","feels sad right now","phy","glass_clay","is made out of glass","y",0.5,NA
"3969","4","india","adults","do you think...?","cb1","R_54hzI6emdPFDrY9","2014-06-26 00:06:00",7,NA,"male",NA,NA,NA,NA,"hinduism","no","it is nice to know the kids behavior ",NA,7,"test",9,"per","hearing","can hear me","per","vision","can see what the box looks like","n",-1.5,NA
"3970","4","india","adults","do you think...?","cb1","R_54hzI6emdPFDrY9","2014-06-26 00:06:00",7,NA,"male",NA,NA,NA,NA,"hinduism","no","it is nice to know the kids behavior ",NA,7,"test",10,"phy","metal_plastic","is made out of plastic","aut","movement","can move itself around the box","n",-1.5,NA
"3971","4","india","adults","do you think...?","cb1","R_54hzI6emdPFDrY9","2014-06-26 00:06:00",7,NA,"male",NA,NA,NA,NA,"hinduism","no","it is nice to know the kids behavior ",NA,7,"test",11,"aut","noise","is making sounds on its own","aff","negative","can be in a bad mood sometimes","y",0.5,NA
"3972","4","india","adults","do you think...?","cb1","R_5jx9KdPXzfDkJ9z","2014-06-25 20:54:00",2,NA,"male",NA,NA,NA,NA,"hinduism","no",NA,NA,7,"practice",1,NA,NA,"is purple",NA,NA,"is green","y",0.5,NA
"3973","4","india","adults","do you think...?","cb1","R_5jx9KdPXzfDkJ9z","2014-06-25 20:54:00",2,NA,"male",NA,NA,NA,NA,"hinduism","no",NA,NA,7,"practice",2,NA,NA,"is walking around",NA,NA,"has legs","n",-1.5,NA
"3974","4","india","adults","do you think...?","cb1","R_5jx9KdPXzfDkJ9z","2014-06-25 20:54:00",2,NA,"male",NA,NA,NA,NA,"hinduism","no",NA,NA,7,"practice",3,NA,NA,"is made out of paper",NA,NA,"might rip sometime","n",-0.5,NA
"3975","4","india","adults","do you think...?","cb1","R_5jx9KdPXzfDkJ9z","2014-06-25 20:54:00",2,NA,"male",NA,NA,NA,NA,"hinduism","no",NA,NA,7,"test",4,"aff","positive","is in a good mood right now","per","hearing","can hear what's going on around it","y",0.5,NA
"3976","4","india","adults","do you think...?","cb1","R_5jx9KdPXzfDkJ9z","2014-06-25 20:54:00",2,NA,"male",NA,NA,NA,NA,"hinduism","no",NA,NA,7,"test",5,"per","vision","can see me","phy","metal_plastic","is made out of metal","y",0.5,NA
"3977","4","india","adults","do you think...?","cb1","R_5jx9KdPXzfDkJ9z","2014-06-25 20:54:00",2,NA,"male",NA,NA,NA,NA,"hinduism","no",NA,NA,7,"test",6,"phy","glass_clay","is made out of clay","aff","positive","can feel happy sometimes","n",-0.5,NA
"3978","4","india","adults","do you think...?","cb1","R_5jx9KdPXzfDkJ9z","2014-06-25 20:54:00",2,NA,"male",NA,NA,NA,NA,"hinduism","no",NA,NA,7,"test",7,"aut","movement","is moving itself from one side of the box to the other","aut","noise","can make noises all by itself","y",0.5,NA
"3979","4","india","adults","do you think...?","cb1","R_5jx9KdPXzfDkJ9z","2014-06-25 20:54:00",2,NA,"male",NA,NA,NA,NA,"hinduism","no",NA,NA,7,"test",8,"aff","negative","feels sad right now","phy","glass_clay","is made out of glass","y",0.5,NA
"3980","4","india","adults","do you think...?","cb1","R_5jx9KdPXzfDkJ9z","2014-06-25 20:54:00",2,NA,"male",NA,NA,NA,NA,"hinduism","no",NA,NA,7,"test",9,"per","hearing","can hear me","per","vision","can see what the box looks like","y",1.5,NA
"3981","4","india","adults","do you think...?","cb1","R_5jx9KdPXzfDkJ9z","2014-06-25 20:54:00",2,NA,"male",NA,NA,NA,NA,"hinduism","no",NA,NA,7,"test",10,"phy","metal_plastic","is made out of plastic","aut","movement","can move itself around the box","n",-0.5,NA
"3982","4","india","adults","do you think...?","cb1","R_5jx9KdPXzfDkJ9z","2014-06-25 20:54:00",2,NA,"male",NA,NA,NA,NA,"hinduism","no",NA,NA,7,"test",11,"aut","noise","is making sounds on its own","aff","negative","can be in a bad mood sometimes","y",0.5,NA
"3983","4","india","adults","do you think...?","cb1","R_6ioOGovAVatbY3j","2014-06-25 23:27:00",6,NA,"female",NA,NA,NA,NA,"hinduism","no","Its very funny to work in this study....",NA,7,"practice",1,NA,NA,"is purple",NA,NA,"is green","n",-1.5,NA
"3984","4","india","adults","do you think...?","cb1","R_6ioOGovAVatbY3j","2014-06-25 23:27:00",6,NA,"female",NA,NA,NA,NA,"hinduism","no","Its very funny to work in this study....",NA,7,"practice",2,NA,NA,"is walking around",NA,NA,"has legs","y",1.5,NA
"3985","4","india","adults","do you think...?","cb1","R_6ioOGovAVatbY3j","2014-06-25 23:27:00",6,NA,"female",NA,NA,NA,NA,"hinduism","no","Its very funny to work in this study....",NA,7,"practice",3,NA,NA,"is made out of paper",NA,NA,"might rip sometime","n",-0.5,NA
"3986","4","india","adults","do you think...?","cb1","R_6ioOGovAVatbY3j","2014-06-25 23:27:00",6,NA,"female",NA,NA,NA,NA,"hinduism","no","Its very funny to work in this study....",NA,7,"test",4,"aff","positive","is in a good mood right now","per","hearing","can hear what's going on around it","y",1.5,NA
"3987","4","india","adults","do you think...?","cb1","R_6ioOGovAVatbY3j","2014-06-25 23:27:00",6,NA,"female",NA,NA,NA,NA,"hinduism","no","Its very funny to work in this study....",NA,7,"test",5,"per","vision","can see me","phy","metal_plastic","is made out of metal","n",-1.5,NA
"3988","4","india","adults","do you think...?","cb1","R_6ioOGovAVatbY3j","2014-06-25 23:27:00",6,NA,"female",NA,NA,NA,NA,"hinduism","no","Its very funny to work in this study....",NA,7,"test",6,"phy","glass_clay","is made out of clay","aff","positive","can feel happy sometimes","y",0.5,NA
"3989","4","india","adults","do you think...?","cb1","R_6ioOGovAVatbY3j","2014-06-25 23:27:00",6,NA,"female",NA,NA,NA,NA,"hinduism","no","Its very funny to work in this study....",NA,7,"test",7,"aut","movement","is moving itself from one side of the box to the other","aut","noise","can make noises all by itself","y",0.5,NA
"3990","4","india","adults","do you think...?","cb1","R_6ioOGovAVatbY3j","2014-06-25 23:27:00",6,NA,"female",NA,NA,NA,NA,"hinduism","no","Its very funny to work in this study....",NA,7,"test",8,"aff","negative","feels sad right now","phy","glass_clay","is made out of glass","n",-1.5,NA
"3991","4","india","adults","do you think...?","cb1","R_6ioOGovAVatbY3j","2014-06-25 23:27:00",6,NA,"female",NA,NA,NA,NA,"hinduism","no","Its very funny to work in this study....",NA,7,"test",9,"per","hearing","can hear me","per","vision","can see what the box looks like","y",0.5,NA
"3992","4","india","adults","do you think...?","cb1","R_6ioOGovAVatbY3j","2014-06-25 23:27:00",6,NA,"female",NA,NA,NA,NA,"hinduism","no","Its very funny to work in this study....",NA,7,"test",10,"phy","metal_plastic","is made out of plastic","aut","movement","can move itself around the box","y",0.5,NA
"3993","4","india","adults","do you think...?","cb1","R_6ioOGovAVatbY3j","2014-06-25 23:27:00",6,NA,"female",NA,NA,NA,NA,"hinduism","no","Its very funny to work in this study....",NA,7,"test",11,"aut","noise","is making sounds on its own","aff","negative","can be in a bad mood sometimes","n",-0.5,NA
"3994","4","india","adults","do you think...?","cb1","R_6zZiyaa9rnmvaSN","2014-06-25 18:32:00",5,NA,"female",NA,NA,NA,NA,"hinduism","no",NA,NA,7,"practice",1,NA,NA,"is purple",NA,NA,"is green","n",-1.5,NA
"3995","4","india","adults","do you think...?","cb1","R_6zZiyaa9rnmvaSN","2014-06-25 18:32:00",5,NA,"female",NA,NA,NA,NA,"hinduism","no",NA,NA,7,"practice",2,NA,NA,"is walking around",NA,NA,"has legs","y",1.5,NA
"3996","4","india","adults","do you think...?","cb1","R_6zZiyaa9rnmvaSN","2014-06-25 18:32:00",5,NA,"female",NA,NA,NA,NA,"hinduism","no",NA,NA,7,"practice",3,NA,NA,"is made out of paper",NA,NA,"might rip sometime","n",-1.5,NA
"3997","4","india","adults","do you think...?","cb1","R_6zZiyaa9rnmvaSN","2014-06-25 18:32:00",5,NA,"female",NA,NA,NA,NA,"hinduism","no",NA,NA,7,"test",4,"aff","positive","is in a good mood right now","per","hearing","can hear what's going on around it","y",1.5,NA
"3998","4","india","adults","do you think...?","cb1","R_6zZiyaa9rnmvaSN","2014-06-25 18:32:00",5,NA,"female",NA,NA,NA,NA,"hinduism","no",NA,NA,7,"test",5,"per","vision","can see me","phy","metal_plastic","is made out of metal","n",-1.5,NA
"3999","4","india","adults","do you think...?","cb1","R_6zZiyaa9rnmvaSN","2014-06-25 18:32:00",5,NA,"female",NA,NA,NA,NA,"hinduism","no",NA,NA,7,"test",6,"phy","glass_clay","is made out of clay","aff","positive","can feel happy sometimes","n",-1.5,NA
"4000","4","india","adults","do you think...?","cb1","R_6zZiyaa9rnmvaSN","2014-06-25 18:32:00",5,NA,"female",NA,NA,NA,NA,"hinduism","no",NA,NA,7,"test",7,"aut","movement","is moving itself from one side of the box to the other","aut","noise","can make noises all by itself","y",1.5,NA
"4001","4","india","adults","do you think...?","cb1","R_6zZiyaa9rnmvaSN","2014-06-25 18:32:00",5,NA,"female",NA,NA,NA,NA,"hinduism","no",NA,NA,7,"test",8,"aff","negative","feels sad right now","phy","glass_clay","is made out of glass","n",-1.5,NA
"4002","4","india","adults","do you think...?","cb1","R_6zZiyaa9rnmvaSN","2014-06-25 18:32:00",5,NA,"female",NA,NA,NA,NA,"hinduism","no",NA,NA,7,"test",9,"per","hearing","can hear me","per","vision","can see what the box looks like","y",1.5,NA
"4003","4","india","adults","do you think...?","cb1","R_6zZiyaa9rnmvaSN","2014-06-25 18:32:00",5,NA,"female",NA,NA,NA,NA,"hinduism","no",NA,NA,7,"test",10,"phy","metal_plastic","is made out of plastic","aut","movement","can move itself around the box","n",-1.5,NA
"4004","4","india","adults","do you think...?","cb1","R_6zZiyaa9rnmvaSN","2014-06-25 18:32:00",5,NA,"female",NA,NA,NA,NA,"hinduism","no",NA,NA,7,"test",11,"aut","noise","is making sounds on its own","aff","negative","can be in a bad mood sometimes","y",1.5,NA
"4005","4","india","adults","do you think...?","cb1","R_ac4qjsmUi636EV7","2014-06-25 22:13:00",17,NA,"male",NA,NA,NA,NA,"hinduism","no",NA,NA,7,"practice",1,NA,NA,"is purple",NA,NA,"is green","n",-1.5,NA
"4006","4","india","adults","do you think...?","cb1","R_ac4qjsmUi636EV7","2014-06-25 22:13:00",17,NA,"male",NA,NA,NA,NA,"hinduism","no",NA,NA,7,"practice",2,NA,NA,"is walking around",NA,NA,"has legs","y",1.5,NA
"4007","4","india","adults","do you think...?","cb1","R_ac4qjsmUi636EV7","2014-06-25 22:13:00",17,NA,"male",NA,NA,NA,NA,"hinduism","no",NA,NA,7,"practice",3,NA,NA,"is made out of paper",NA,NA,"might rip sometime","y",1.5,NA
"4008","4","india","adults","do you think...?","cb1","R_ac4qjsmUi636EV7","2014-06-25 22:13:00",17,NA,"male",NA,NA,NA,NA,"hinduism","no",NA,NA,7,"test",4,"aff","positive","is in a good mood right now","per","hearing","can hear what's going on around it","y",1.5,NA
"4009","4","india","adults","do you think...?","cb1","R_ac4qjsmUi636EV7","2014-06-25 22:13:00",17,NA,"male",NA,NA,NA,NA,"hinduism","no",NA,NA,7,"test",5,"per","vision","can see me","phy","metal_plastic","is made out of metal","n",-1.5,NA
"4010","4","india","adults","do you think...?","cb1","R_ac4qjsmUi636EV7","2014-06-25 22:13:00",17,NA,"male",NA,NA,NA,NA,"hinduism","no",NA,NA,7,"test",6,"phy","glass_clay","is made out of clay","aff","positive","can feel happy sometimes","n",-1.5,NA
"4011","4","india","adults","do you think...?","cb1","R_ac4qjsmUi636EV7","2014-06-25 22:13:00",17,NA,"male",NA,NA,NA,NA,"hinduism","no",NA,NA,7,"test",7,"aut","movement","is moving itself from one side of the box to the other","aut","noise","can make noises all by itself","y",0.5,NA
"4012","4","india","adults","do you think...?","cb1","R_ac4qjsmUi636EV7","2014-06-25 22:13:00",17,NA,"male",NA,NA,NA,NA,"hinduism","no",NA,NA,7,"test",8,"aff","negative","feels sad right now","phy","glass_clay","is made out of glass","n",-1.5,NA
"4013","4","india","adults","do you think...?","cb1","R_ac4qjsmUi636EV7","2014-06-25 22:13:00",17,NA,"male",NA,NA,NA,NA,"hinduism","no",NA,NA,7,"test",9,"per","hearing","can hear me","per","vision","can see what the box looks like","y",0.5,NA
"4014","4","india","adults","do you think...?","cb1","R_ac4qjsmUi636EV7","2014-06-25 22:13:00",17,NA,"male",NA,NA,NA,NA,"hinduism","no",NA,NA,7,"test",10,"phy","metal_plastic","is made out of plastic","aut","movement","can move itself around the box","n",-1.5,NA
"4015","4","india","adults","do you think...?","cb1","R_ac4qjsmUi636EV7","2014-06-25 22:13:00",17,NA,"male",NA,NA,NA,NA,"hinduism","no",NA,NA,7,"test",11,"aut","noise","is making sounds on its own","aff","negative","can be in a bad mood sometimes","y",0.5,NA
"4016","4","india","adults","do you think...?","cb1","R_cGSCEVs3lKuQR8N","2014-06-25 21:44:00",6,NA,"male",NA,NA,NA,NA,"hinduism","no",NA,NA,7,"practice",1,NA,NA,"is purple",NA,NA,"is green","n",-0.5,NA
"4017","4","india","adults","do you think...?","cb1","R_cGSCEVs3lKuQR8N","2014-06-25 21:44:00",6,NA,"male",NA,NA,NA,NA,"hinduism","no",NA,NA,7,"practice",2,NA,NA,"is walking around",NA,NA,"has legs","y",0.5,NA
"4018","4","india","adults","do you think...?","cb1","R_cGSCEVs3lKuQR8N","2014-06-25 21:44:00",6,NA,"male",NA,NA,NA,NA,"hinduism","no",NA,NA,7,"practice",3,NA,NA,"is made out of paper",NA,NA,"might rip sometime","n",-0.5,NA
"4019","4","india","adults","do you think...?","cb1","R_cGSCEVs3lKuQR8N","2014-06-25 21:44:00",6,NA,"male",NA,NA,NA,NA,"hinduism","no",NA,NA,7,"test",4,"aff","positive","is in a good mood right now","per","hearing","can hear what's going on around it","y",0.5,NA
"4020","4","india","adults","do you think...?","cb1","R_cGSCEVs3lKuQR8N","2014-06-25 21:44:00",6,NA,"male",NA,NA,NA,NA,"hinduism","no",NA,NA,7,"test",5,"per","vision","can see me","phy","metal_plastic","is made out of metal","n",-0.5,NA
"4021","4","india","adults","do you think...?","cb1","R_cGSCEVs3lKuQR8N","2014-06-25 21:44:00",6,NA,"male",NA,NA,NA,NA,"hinduism","no",NA,NA,7,"test",6,"phy","glass_clay","is made out of clay","aff","positive","can feel happy sometimes","y",0.5,NA
"4022","4","india","adults","do you think...?","cb1","R_cGSCEVs3lKuQR8N","2014-06-25 21:44:00",6,NA,"male",NA,NA,NA,NA,"hinduism","no",NA,NA,7,"test",7,"aut","movement","is moving itself from one side of the box to the other","aut","noise","can make noises all by itself","y",0.5,NA
"4023","4","india","adults","do you think...?","cb1","R_cGSCEVs3lKuQR8N","2014-06-25 21:44:00",6,NA,"male",NA,NA,NA,NA,"hinduism","no",NA,NA,7,"test",8,"aff","negative","feels sad right now","phy","glass_clay","is made out of glass","y",0.5,NA
"4024","4","india","adults","do you think...?","cb1","R_cGSCEVs3lKuQR8N","2014-06-25 21:44:00",6,NA,"male",NA,NA,NA,NA,"hinduism","no",NA,NA,7,"test",9,"per","hearing","can hear me","per","vision","can see what the box looks like","n",-0.5,NA
"4025","4","india","adults","do you think...?","cb1","R_cGSCEVs3lKuQR8N","2014-06-25 21:44:00",6,NA,"male",NA,NA,NA,NA,"hinduism","no",NA,NA,7,"test",10,"phy","metal_plastic","is made out of plastic","aut","movement","can move itself around the box","y",0.5,NA
"4026","4","india","adults","do you think...?","cb1","R_cGSCEVs3lKuQR8N","2014-06-25 21:44:00",6,NA,"male",NA,NA,NA,NA,"hinduism","no",NA,NA,7,"test",11,"aut","noise","is making sounds on its own","aff","negative","can be in a bad mood sometimes","y",0.5,NA
"4027","4","india","adults","do you think...?","cb1","R_23QlSQ48QbjJEd7","2014-06-25 22:07:00",4,NA,"female",NA,NA,NA,NA,"hinduism","no",NA,NA,8,"practice",1,NA,NA,"is purple",NA,NA,"is green","n",-0.5,NA
"4028","4","india","adults","do you think...?","cb1","R_23QlSQ48QbjJEd7","2014-06-25 22:07:00",4,NA,"female",NA,NA,NA,NA,"hinduism","no",NA,NA,8,"practice",2,NA,NA,"is walking around",NA,NA,"has legs","y",1.5,NA
"4029","4","india","adults","do you think...?","cb1","R_23QlSQ48QbjJEd7","2014-06-25 22:07:00",4,NA,"female",NA,NA,NA,NA,"hinduism","no",NA,NA,8,"practice",3,NA,NA,"is made out of paper",NA,NA,"might rip sometime","n",-0.5,NA
"4030","4","india","adults","do you think...?","cb1","R_23QlSQ48QbjJEd7","2014-06-25 22:07:00",4,NA,"female",NA,NA,NA,NA,"hinduism","no",NA,NA,8,"test",4,"aut","movement","is moving itself around the box","aff","negative","can feel sad sometimes","n",-0.5,NA
"4031","4","india","adults","do you think...?","cb1","R_23QlSQ48QbjJEd7","2014-06-25 22:07:00",4,NA,"female",NA,NA,NA,NA,"hinduism","no",NA,NA,8,"test",5,"phy","glass_clay","is made out of glass","aut","noise","can make noises all by itself","y",0.5,NA
"4032","4","india","adults","do you think...?","cb1","R_23QlSQ48QbjJEd7","2014-06-25 22:07:00",4,NA,"female",NA,NA,NA,NA,"hinduism","no",NA,NA,8,"test",6,"per","hearing","can hear what's going on around it","per","vision","can see me","n",-0.5,NA
"4033","4","india","adults","do you think...?","cb1","R_23QlSQ48QbjJEd7","2014-06-25 22:07:00",4,NA,"female",NA,NA,NA,NA,"hinduism","no",NA,NA,8,"test",7,"aff","positive","feels happy right now","phy","metal_plastic","is made out of plastic","y",0.5,NA
"4034","4","india","adults","do you think...?","cb1","R_23QlSQ48QbjJEd7","2014-06-25 22:07:00",4,NA,"female",NA,NA,NA,NA,"hinduism","no",NA,NA,8,"test",8,"aut","noise","is making sounds on its own","aut","movement","can move itself from one side of the box to the other","n",-0.5,NA
"4035","4","india","adults","do you think...?","cb1","R_23QlSQ48QbjJEd7","2014-06-25 22:07:00",4,NA,"female",NA,NA,NA,NA,"hinduism","no",NA,NA,8,"test",9,"phy","metal_plastic","is made out of metal","aff","positive","can be in a good mood sometimes","y",0.5,NA
"4036","4","india","adults","do you think...?","cb1","R_23QlSQ48QbjJEd7","2014-06-25 22:07:00",4,NA,"female",NA,NA,NA,NA,"hinduism","no",NA,NA,8,"test",10,"per","vision","can see what the box looks like","phy","glass_clay","is made out of clay","y",0.5,NA
"4037","4","india","adults","do you think...?","cb1","R_23QlSQ48QbjJEd7","2014-06-25 22:07:00",4,NA,"female",NA,NA,NA,NA,"hinduism","no",NA,NA,8,"test",11,"aff","negative","is in a bad mood right now","per","hearing","can hear me","y",0.5,NA
"4038","4","india","adults","do you think...?","cb1","R_25eyVzJmp0RKWBT","2014-06-25 18:27:00",7,NA,"male",NA,NA,NA,NA,"hinduism","no","Nice survey. I think its better when you provide the accuracy of my answers compared with the correct one at the end of the survey.",NA,8,"practice",1,NA,NA,"is purple",NA,NA,"is green","n",-1.5,NA
"4039","4","india","adults","do you think...?","cb1","R_25eyVzJmp0RKWBT","2014-06-25 18:27:00",7,NA,"male",NA,NA,NA,NA,"hinduism","no","Nice survey. I think its better when you provide the accuracy of my answers compared with the correct one at the end of the survey.",NA,8,"practice",2,NA,NA,"is walking around",NA,NA,"has legs","y",1.5,NA
"4040","4","india","adults","do you think...?","cb1","R_25eyVzJmp0RKWBT","2014-06-25 18:27:00",7,NA,"male",NA,NA,NA,NA,"hinduism","no","Nice survey. I think its better when you provide the accuracy of my answers compared with the correct one at the end of the survey.",NA,8,"practice",3,NA,NA,"is made out of paper",NA,NA,"might rip sometime","y",0.5,NA
"4041","4","india","adults","do you think...?","cb1","R_25eyVzJmp0RKWBT","2014-06-25 18:27:00",7,NA,"male",NA,NA,NA,NA,"hinduism","no","Nice survey. I think its better when you provide the accuracy of my answers compared with the correct one at the end of the survey.",NA,8,"test",4,"aut","movement","is moving itself around the box","aff","negative","can feel sad sometimes","n",-1.5,NA
"4042","4","india","adults","do you think...?","cb1","R_25eyVzJmp0RKWBT","2014-06-25 18:27:00",7,NA,"male",NA,NA,NA,NA,"hinduism","no","Nice survey. I think its better when you provide the accuracy of my answers compared with the correct one at the end of the survey.",NA,8,"test",5,"phy","glass_clay","is made out of glass","aut","noise","can make noises all by itself","n",-0.5,NA
"4043","4","india","adults","do you think...?","cb1","R_25eyVzJmp0RKWBT","2014-06-25 18:27:00",7,NA,"male",NA,NA,NA,NA,"hinduism","no","Nice survey. I think its better when you provide the accuracy of my answers compared with the correct one at the end of the survey.",NA,8,"test",6,"per","hearing","can hear what's going on around it","per","vision","can see me","y",1.5,NA
"4044","4","india","adults","do you think...?","cb1","R_25eyVzJmp0RKWBT","2014-06-25 18:27:00",7,NA,"male",NA,NA,NA,NA,"hinduism","no","Nice survey. I think its better when you provide the accuracy of my answers compared with the correct one at the end of the survey.",NA,8,"test",7,"aff","positive","feels happy right now","phy","metal_plastic","is made out of plastic","n",-1.5,NA
"4045","4","india","adults","do you think...?","cb1","R_25eyVzJmp0RKWBT","2014-06-25 18:27:00",7,NA,"male",NA,NA,NA,NA,"hinduism","no","Nice survey. I think its better when you provide the accuracy of my answers compared with the correct one at the end of the survey.",NA,8,"test",8,"aut","noise","is making sounds on its own","aut","movement","can move itself from one side of the box to the other","y",0.5,NA
"4046","4","india","adults","do you think...?","cb1","R_25eyVzJmp0RKWBT","2014-06-25 18:27:00",7,NA,"male",NA,NA,NA,NA,"hinduism","no","Nice survey. I think its better when you provide the accuracy of my answers compared with the correct one at the end of the survey.",NA,8,"test",9,"phy","metal_plastic","is made out of metal","aff","positive","can be in a good mood sometimes","n",-1.5,NA
"4047","4","india","adults","do you think...?","cb1","R_25eyVzJmp0RKWBT","2014-06-25 18:27:00",7,NA,"male",NA,NA,NA,NA,"hinduism","no","Nice survey. I think its better when you provide the accuracy of my answers compared with the correct one at the end of the survey.",NA,8,"test",10,"per","vision","can see what the box looks like","phy","glass_clay","is made out of clay","n",-1.5,NA
"4048","4","india","adults","do you think...?","cb1","R_25eyVzJmp0RKWBT","2014-06-25 18:27:00",7,NA,"male",NA,NA,NA,NA,"hinduism","no","Nice survey. I think its better when you provide the accuracy of my answers compared with the correct one at the end of the survey.",NA,8,"test",11,"aff","negative","is in a bad mood right now","per","hearing","can hear me","y",1.5,NA
"4049","4","india","adults","do you think...?","cb1","R_4Pzx0tFnwnnBI6F","2014-06-25 22:19:00",3,NA,"male",NA,NA,NA,NA,"sikhism","no",NA,NA,8,"practice",1,NA,NA,"is purple",NA,NA,"is green","n",-0.5,NA
"4050","4","india","adults","do you think...?","cb1","R_4Pzx0tFnwnnBI6F","2014-06-25 22:19:00",3,NA,"male",NA,NA,NA,NA,"sikhism","no",NA,NA,8,"practice",2,NA,NA,"is walking around",NA,NA,"has legs","y",0.5,NA
"4051","4","india","adults","do you think...?","cb1","R_4Pzx0tFnwnnBI6F","2014-06-25 22:19:00",3,NA,"male",NA,NA,NA,NA,"sikhism","no",NA,NA,8,"practice",3,NA,NA,"is made out of paper",NA,NA,"might rip sometime","n",-0.5,NA
"4052","4","india","adults","do you think...?","cb1","R_4Pzx0tFnwnnBI6F","2014-06-25 22:19:00",3,NA,"male",NA,NA,NA,NA,"sikhism","no",NA,NA,8,"test",4,"aut","movement","is moving itself around the box","aff","negative","can feel sad sometimes","n",-1.5,NA
"4053","4","india","adults","do you think...?","cb1","R_4Pzx0tFnwnnBI6F","2014-06-25 22:19:00",3,NA,"male",NA,NA,NA,NA,"sikhism","no",NA,NA,8,"test",5,"phy","glass_clay","is made out of glass","aut","noise","can make noises all by itself","n",-1.5,NA
"4054","4","india","adults","do you think...?","cb1","R_4Pzx0tFnwnnBI6F","2014-06-25 22:19:00",3,NA,"male",NA,NA,NA,NA,"sikhism","no",NA,NA,8,"test",6,"per","hearing","can hear what's going on around it","per","vision","can see me","y",0.5,NA
"4055","4","india","adults","do you think...?","cb1","R_4Pzx0tFnwnnBI6F","2014-06-25 22:19:00",3,NA,"male",NA,NA,NA,NA,"sikhism","no",NA,NA,8,"test",7,"aff","positive","feels happy right now","phy","metal_plastic","is made out of plastic","n",-1.5,NA
"4056","4","india","adults","do you think...?","cb1","R_4Pzx0tFnwnnBI6F","2014-06-25 22:19:00",3,NA,"male",NA,NA,NA,NA,"sikhism","no",NA,NA,8,"test",8,"aut","noise","is making sounds on its own","aut","movement","can move itself from one side of the box to the other","n",-0.5,NA
"4057","4","india","adults","do you think...?","cb1","R_4Pzx0tFnwnnBI6F","2014-06-25 22:19:00",3,NA,"male",NA,NA,NA,NA,"sikhism","no",NA,NA,8,"test",9,"phy","metal_plastic","is made out of metal","aff","positive","can be in a good mood sometimes","n",-1.5,NA
"4058","4","india","adults","do you think...?","cb1","R_4Pzx0tFnwnnBI6F","2014-06-25 22:19:00",3,NA,"male",NA,NA,NA,NA,"sikhism","no",NA,NA,8,"test",10,"per","vision","can see what the box looks like","phy","glass_clay","is made out of clay","n",-1.5,NA
"4059","4","india","adults","do you think...?","cb1","R_4Pzx0tFnwnnBI6F","2014-06-25 22:19:00",3,NA,"male",NA,NA,NA,NA,"sikhism","no",NA,NA,8,"test",11,"aff","negative","is in a bad mood right now","per","hearing","can hear me","y",0.5,NA
"4060","4","india","adults","do you think...?","cb1","R_50SD5M1KmwZlkOx","2014-06-25 21:13:00",6,NA,"female",NA,NA,NA,NA,"hinduism","no",NA,NA,8,"practice",1,NA,NA,"is purple",NA,NA,"is green","n",-1.5,NA
"4061","4","india","adults","do you think...?","cb1","R_50SD5M1KmwZlkOx","2014-06-25 21:13:00",6,NA,"female",NA,NA,NA,NA,"hinduism","no",NA,NA,8,"practice",2,NA,NA,"is walking around",NA,NA,"has legs","y",1.5,NA
"4062","4","india","adults","do you think...?","cb1","R_50SD5M1KmwZlkOx","2014-06-25 21:13:00",6,NA,"female",NA,NA,NA,NA,"hinduism","no",NA,NA,8,"practice",3,NA,NA,"is made out of paper",NA,NA,"might rip sometime","y",1.5,NA
"4063","4","india","adults","do you think...?","cb1","R_50SD5M1KmwZlkOx","2014-06-25 21:13:00",6,NA,"female",NA,NA,NA,NA,"hinduism","no",NA,NA,8,"test",4,"aut","movement","is moving itself around the box","aff","negative","can feel sad sometimes","y",0.5,NA
"4064","4","india","adults","do you think...?","cb1","R_50SD5M1KmwZlkOx","2014-06-25 21:13:00",6,NA,"female",NA,NA,NA,NA,"hinduism","no",NA,NA,8,"test",5,"phy","glass_clay","is made out of glass","aut","noise","can make noises all by itself","n",-0.5,NA
"4065","4","india","adults","do you think...?","cb1","R_50SD5M1KmwZlkOx","2014-06-25 21:13:00",6,NA,"female",NA,NA,NA,NA,"hinduism","no",NA,NA,8,"test",6,"per","hearing","can hear what's going on around it","per","vision","can see me","n",-1.5,NA
"4066","4","india","adults","do you think...?","cb1","R_50SD5M1KmwZlkOx","2014-06-25 21:13:00",6,NA,"female",NA,NA,NA,NA,"hinduism","no",NA,NA,8,"test",7,"aff","positive","feels happy right now","phy","metal_plastic","is made out of plastic","n",-1.5,NA
"4067","4","india","adults","do you think...?","cb1","R_50SD5M1KmwZlkOx","2014-06-25 21:13:00",6,NA,"female",NA,NA,NA,NA,"hinduism","no",NA,NA,8,"test",8,"aut","noise","is making sounds on its own","aut","movement","can move itself from one side of the box to the other","y",0.5,NA
"4068","4","india","adults","do you think...?","cb1","R_50SD5M1KmwZlkOx","2014-06-25 21:13:00",6,NA,"female",NA,NA,NA,NA,"hinduism","no",NA,NA,8,"test",9,"phy","metal_plastic","is made out of metal","aff","positive","can be in a good mood sometimes","n",-1.5,NA
"4069","4","india","adults","do you think...?","cb1","R_50SD5M1KmwZlkOx","2014-06-25 21:13:00",6,NA,"female",NA,NA,NA,NA,"hinduism","no",NA,NA,8,"test",10,"per","vision","can see what the box looks like","phy","glass_clay","is made out of clay","n",-1.5,NA
"4070","4","india","adults","do you think...?","cb1","R_50SD5M1KmwZlkOx","2014-06-25 21:13:00",6,NA,"female",NA,NA,NA,NA,"hinduism","no",NA,NA,8,"test",11,"aff","negative","is in a bad mood right now","per","hearing","can hear me","y",0.5,NA
"4071","4","india","adults","do you think...?","cb1","R_9T77ahzrRk6BNVH","2014-06-26 00:26:00",6,NA,"male",NA,NA,NA,NA,"hinduism","no","This is a nice survey.",NA,8,"practice",1,NA,NA,"is purple",NA,NA,"is green","n",-1.5,NA
"4072","4","india","adults","do you think...?","cb1","R_9T77ahzrRk6BNVH","2014-06-26 00:26:00",6,NA,"male",NA,NA,NA,NA,"hinduism","no","This is a nice survey.",NA,8,"practice",2,NA,NA,"is walking around",NA,NA,"has legs","y",1.5,NA
"4073","4","india","adults","do you think...?","cb1","R_9T77ahzrRk6BNVH","2014-06-26 00:26:00",6,NA,"male",NA,NA,NA,NA,"hinduism","no","This is a nice survey.",NA,8,"practice",3,NA,NA,"is made out of paper",NA,NA,"might rip sometime","y",0.5,NA
"4074","4","india","adults","do you think...?","cb1","R_9T77ahzrRk6BNVH","2014-06-26 00:26:00",6,NA,"male",NA,NA,NA,NA,"hinduism","no","This is a nice survey.",NA,8,"test",4,"aut","movement","is moving itself around the box","aff","negative","can feel sad sometimes","n",-0.5,NA
"4075","4","india","adults","do you think...?","cb1","R_9T77ahzrRk6BNVH","2014-06-26 00:26:00",6,NA,"male",NA,NA,NA,NA,"hinduism","no","This is a nice survey.",NA,8,"test",5,"phy","glass_clay","is made out of glass","aut","noise","can make noises all by itself","y",0.5,NA
"4076","4","india","adults","do you think...?","cb1","R_9T77ahzrRk6BNVH","2014-06-26 00:26:00",6,NA,"male",NA,NA,NA,NA,"hinduism","no","This is a nice survey.",NA,8,"test",6,"per","hearing","can hear what's going on around it","per","vision","can see me","y",0.5,NA
"4077","4","india","adults","do you think...?","cb1","R_9T77ahzrRk6BNVH","2014-06-26 00:26:00",6,NA,"male",NA,NA,NA,NA,"hinduism","no","This is a nice survey.",NA,8,"test",7,"aff","positive","feels happy right now","phy","metal_plastic","is made out of plastic","n",-1.5,NA
"4078","4","india","adults","do you think...?","cb1","R_9T77ahzrRk6BNVH","2014-06-26 00:26:00",6,NA,"male",NA,NA,NA,NA,"hinduism","no","This is a nice survey.",NA,8,"test",8,"aut","noise","is making sounds on its own","aut","movement","can move itself from one side of the box to the other","y",1.5,NA
"4079","4","india","adults","do you think...?","cb1","R_9T77ahzrRk6BNVH","2014-06-26 00:26:00",6,NA,"male",NA,NA,NA,NA,"hinduism","no","This is a nice survey.",NA,8,"test",9,"phy","metal_plastic","is made out of metal","aff","positive","can be in a good mood sometimes","n",-1.5,NA
"4080","4","india","adults","do you think...?","cb1","R_9T77ahzrRk6BNVH","2014-06-26 00:26:00",6,NA,"male",NA,NA,NA,NA,"hinduism","no","This is a nice survey.",NA,8,"test",10,"per","vision","can see what the box looks like","phy","glass_clay","is made out of clay","n",-0.5,NA
"4081","4","india","adults","do you think...?","cb1","R_9T77ahzrRk6BNVH","2014-06-26 00:26:00",6,NA,"male",NA,NA,NA,NA,"hinduism","no","This is a nice survey.",NA,8,"test",11,"aff","negative","is in a bad mood right now","per","hearing","can hear me","y",0.5,NA
"4082","4","india","adults","do you think...?","cb1","R_9YpojaMazVrdict","2014-06-25 20:16:00",7,NA,"male",NA,NA,NA,NA,"hinduism","no","The study was really unique and fun. Thanks.",NA,8,"practice",1,NA,NA,"is purple",NA,NA,"is green","n",-1.5,NA
"4083","4","india","adults","do you think...?","cb1","R_9YpojaMazVrdict","2014-06-25 20:16:00",7,NA,"male",NA,NA,NA,NA,"hinduism","no","The study was really unique and fun. Thanks.",NA,8,"practice",2,NA,NA,"is walking around",NA,NA,"has legs","y",0.5,NA
"4084","4","india","adults","do you think...?","cb1","R_9YpojaMazVrdict","2014-06-25 20:16:00",7,NA,"male",NA,NA,NA,NA,"hinduism","no","The study was really unique and fun. Thanks.",NA,8,"practice",3,NA,NA,"is made out of paper",NA,NA,"might rip sometime","y",0.5,NA
"4085","4","india","adults","do you think...?","cb1","R_9YpojaMazVrdict","2014-06-25 20:16:00",7,NA,"male",NA,NA,NA,NA,"hinduism","no","The study was really unique and fun. Thanks.",NA,8,"test",4,"aut","movement","is moving itself around the box","aff","negative","can feel sad sometimes","y",0.5,NA
"4086","4","india","adults","do you think...?","cb1","R_9YpojaMazVrdict","2014-06-25 20:16:00",7,NA,"male",NA,NA,NA,NA,"hinduism","no","The study was really unique and fun. Thanks.",NA,8,"test",5,"phy","glass_clay","is made out of glass","aut","noise","can make noises all by itself","n",-0.5,NA
"4087","4","india","adults","do you think...?","cb1","R_9YpojaMazVrdict","2014-06-25 20:16:00",7,NA,"male",NA,NA,NA,NA,"hinduism","no","The study was really unique and fun. Thanks.",NA,8,"test",6,"per","hearing","can hear what's going on around it","per","vision","can see me","y",1.5,NA
"4088","4","india","adults","do you think...?","cb1","R_9YpojaMazVrdict","2014-06-25 20:16:00",7,NA,"male",NA,NA,NA,NA,"hinduism","no","The study was really unique and fun. Thanks.",NA,8,"test",7,"aff","positive","feels happy right now","phy","metal_plastic","is made out of plastic","n",-1.5,NA
"4089","4","india","adults","do you think...?","cb1","R_9YpojaMazVrdict","2014-06-25 20:16:00",7,NA,"male",NA,NA,NA,NA,"hinduism","no","The study was really unique and fun. Thanks.",NA,8,"test",8,"aut","noise","is making sounds on its own","aut","movement","can move itself from one side of the box to the other","y",0.5,NA
"4090","4","india","adults","do you think...?","cb1","R_9YpojaMazVrdict","2014-06-25 20:16:00",7,NA,"male",NA,NA,NA,NA,"hinduism","no","The study was really unique and fun. Thanks.",NA,8,"test",9,"phy","metal_plastic","is made out of metal","aff","positive","can be in a good mood sometimes","n",-1.5,NA
"4091","4","india","adults","do you think...?","cb1","R_9YpojaMazVrdict","2014-06-25 20:16:00",7,NA,"male",NA,NA,NA,NA,"hinduism","no","The study was really unique and fun. Thanks.",NA,8,"test",10,"per","vision","can see what the box looks like","phy","glass_clay","is made out of clay","n",-1.5,NA
"4092","4","india","adults","do you think...?","cb1","R_9YpojaMazVrdict","2014-06-25 20:16:00",7,NA,"male",NA,NA,NA,NA,"hinduism","no","The study was really unique and fun. Thanks.",NA,8,"test",11,"aff","negative","is in a bad mood right now","per","hearing","can hear me","y",0.5,NA
"4093","4","india","adults","do you think...?","cb1","R_9zPLh3jY4dI1VWJ","2014-06-25 23:56:00",4,NA,"male",NA,NA,NA,NA,"hinduism","no","GOOD",NA,8,"practice",1,NA,NA,"is purple",NA,NA,"is green","n",-1.5,NA
"4094","4","india","adults","do you think...?","cb1","R_9zPLh3jY4dI1VWJ","2014-06-25 23:56:00",4,NA,"male",NA,NA,NA,NA,"hinduism","no","GOOD",NA,8,"practice",2,NA,NA,"is walking around",NA,NA,"has legs","y",1.5,NA
"4095","4","india","adults","do you think...?","cb1","R_9zPLh3jY4dI1VWJ","2014-06-25 23:56:00",4,NA,"male",NA,NA,NA,NA,"hinduism","no","GOOD",NA,8,"practice",3,NA,NA,"is made out of paper",NA,NA,"might rip sometime","y",0.5,NA
"4096","4","india","adults","do you think...?","cb1","R_9zPLh3jY4dI1VWJ","2014-06-25 23:56:00",4,NA,"male",NA,NA,NA,NA,"hinduism","no","GOOD",NA,8,"test",4,"aut","movement","is moving itself around the box","aff","negative","can feel sad sometimes","y",0.5,NA
"4097","4","india","adults","do you think...?","cb1","R_9zPLh3jY4dI1VWJ","2014-06-25 23:56:00",4,NA,"male",NA,NA,NA,NA,"hinduism","no","GOOD",NA,8,"test",5,"phy","glass_clay","is made out of glass","aut","noise","can make noises all by itself","n",-1.5,NA
"4098","4","india","adults","do you think...?","cb1","R_9zPLh3jY4dI1VWJ","2014-06-25 23:56:00",4,NA,"male",NA,NA,NA,NA,"hinduism","no","GOOD",NA,8,"test",6,"per","hearing","can hear what's going on around it","per","vision","can see me","y",1.5,NA
"4099","4","india","adults","do you think...?","cb1","R_9zPLh3jY4dI1VWJ","2014-06-25 23:56:00",4,NA,"male",NA,NA,NA,NA,"hinduism","no","GOOD",NA,8,"test",7,"aff","positive","feels happy right now","phy","metal_plastic","is made out of plastic","n",-1.5,NA
"4100","4","india","adults","do you think...?","cb1","R_9zPLh3jY4dI1VWJ","2014-06-25 23:56:00",4,NA,"male",NA,NA,NA,NA,"hinduism","no","GOOD",NA,8,"test",8,"aut","noise","is making sounds on its own","aut","movement","can move itself from one side of the box to the other","y",0.5,NA
"4101","4","india","adults","do you think...?","cb1","R_9zPLh3jY4dI1VWJ","2014-06-25 23:56:00",4,NA,"male",NA,NA,NA,NA,"hinduism","no","GOOD",NA,8,"test",9,"phy","metal_plastic","is made out of metal","aff","positive","can be in a good mood sometimes","n",-1.5,NA
"4102","4","india","adults","do you think...?","cb1","R_9zPLh3jY4dI1VWJ","2014-06-25 23:56:00",4,NA,"male",NA,NA,NA,NA,"hinduism","no","GOOD",NA,8,"test",10,"per","vision","can see what the box looks like","phy","glass_clay","is made out of clay","n",-1.5,NA
"4103","4","india","adults","do you think...?","cb1","R_9zPLh3jY4dI1VWJ","2014-06-25 23:56:00",4,NA,"male",NA,NA,NA,NA,"hinduism","no","GOOD",NA,8,"test",11,"aff","negative","is in a bad mood right now","per","hearing","can hear me","y",1.5,NA
"4104","4","india","adults","do you think...?","cb1","R_bEenMBYdqxA4igd","2014-06-25 20:51:00",3,NA,"female",NA,NA,NA,NA,"hinduism","no","good survey.",NA,8,"practice",1,NA,NA,"is purple",NA,NA,"is green","y",1.5,NA
"4105","4","india","adults","do you think...?","cb1","R_bEenMBYdqxA4igd","2014-06-25 20:51:00",3,NA,"female",NA,NA,NA,NA,"hinduism","no","good survey.",NA,8,"practice",2,NA,NA,"is walking around",NA,NA,"has legs","y",0.5,NA
"4106","4","india","adults","do you think...?","cb1","R_bEenMBYdqxA4igd","2014-06-25 20:51:00",3,NA,"female",NA,NA,NA,NA,"hinduism","no","good survey.",NA,8,"practice",3,NA,NA,"is made out of paper",NA,NA,"might rip sometime","y",0.5,NA
"4107","4","india","adults","do you think...?","cb1","R_bEenMBYdqxA4igd","2014-06-25 20:51:00",3,NA,"female",NA,NA,NA,NA,"hinduism","no","good survey.",NA,8,"test",4,"aut","movement","is moving itself around the box","aff","negative","can feel sad sometimes","y",0.5,NA
"4108","4","india","adults","do you think...?","cb1","R_bEenMBYdqxA4igd","2014-06-25 20:51:00",3,NA,"female",NA,NA,NA,NA,"hinduism","no","good survey.",NA,8,"test",5,"phy","glass_clay","is made out of glass","aut","noise","can make noises all by itself","y",1.5,NA
"4109","4","india","adults","do you think...?","cb1","R_bEenMBYdqxA4igd","2014-06-25 20:51:00",3,NA,"female",NA,NA,NA,NA,"hinduism","no","good survey.",NA,8,"test",6,"per","hearing","can hear what's going on around it","per","vision","can see me","y",0.5,NA
"4110","4","india","adults","do you think...?","cb1","R_bEenMBYdqxA4igd","2014-06-25 20:51:00",3,NA,"female",NA,NA,NA,NA,"hinduism","no","good survey.",NA,8,"test",7,"aff","positive","feels happy right now","phy","metal_plastic","is made out of plastic","y",0.5,NA
"4111","4","india","adults","do you think...?","cb1","R_bEenMBYdqxA4igd","2014-06-25 20:51:00",3,NA,"female",NA,NA,NA,NA,"hinduism","no","good survey.",NA,8,"test",8,"aut","noise","is making sounds on its own","aut","movement","can move itself from one side of the box to the other","y",0.5,NA
"4112","4","india","adults","do you think...?","cb1","R_bEenMBYdqxA4igd","2014-06-25 20:51:00",3,NA,"female",NA,NA,NA,NA,"hinduism","no","good survey.",NA,8,"test",9,"phy","metal_plastic","is made out of metal","aff","positive","can be in a good mood sometimes","y",0.5,NA
"4113","4","india","adults","do you think...?","cb1","R_bEenMBYdqxA4igd","2014-06-25 20:51:00",3,NA,"female",NA,NA,NA,NA,"hinduism","no","good survey.",NA,8,"test",10,"per","vision","can see what the box looks like","phy","glass_clay","is made out of clay","y",0.5,NA
"4114","4","india","adults","do you think...?","cb1","R_bEenMBYdqxA4igd","2014-06-25 20:51:00",3,NA,"female",NA,NA,NA,NA,"hinduism","no","good survey.",NA,8,"test",11,"aff","negative","is in a bad mood right now","per","hearing","can hear me","y",0.5,NA
"4115","4","india","adults","do you think...?","cb1","R_byLyhyEs5K6uxfv","2014-06-25 20:54:00",6,NA,"male",NA,NA,NA,NA,"sikhism","no","I am just wondering what was the study about?",NA,8,"practice",1,NA,NA,"is purple",NA,NA,"is green","n",-1.5,NA
"4116","4","india","adults","do you think...?","cb1","R_byLyhyEs5K6uxfv","2014-06-25 20:54:00",6,NA,"male",NA,NA,NA,NA,"sikhism","no","I am just wondering what was the study about?",NA,8,"practice",2,NA,NA,"is walking around",NA,NA,"has legs","y",0.5,NA
"4117","4","india","adults","do you think...?","cb1","R_byLyhyEs5K6uxfv","2014-06-25 20:54:00",6,NA,"male",NA,NA,NA,NA,"sikhism","no","I am just wondering what was the study about?",NA,8,"practice",3,NA,NA,"is made out of paper",NA,NA,"might rip sometime","y",1.5,NA
"4118","4","india","adults","do you think...?","cb1","R_byLyhyEs5K6uxfv","2014-06-25 20:54:00",6,NA,"male",NA,NA,NA,NA,"sikhism","no","I am just wondering what was the study about?",NA,8,"test",4,"aut","movement","is moving itself around the box","aff","negative","can feel sad sometimes","y",0.5,NA
"4119","4","india","adults","do you think...?","cb1","R_byLyhyEs5K6uxfv","2014-06-25 20:54:00",6,NA,"male",NA,NA,NA,NA,"sikhism","no","I am just wondering what was the study about?",NA,8,"test",5,"phy","glass_clay","is made out of glass","aut","noise","can make noises all by itself","n",-0.5,NA
"4120","4","india","adults","do you think...?","cb1","R_byLyhyEs5K6uxfv","2014-06-25 20:54:00",6,NA,"male",NA,NA,NA,NA,"sikhism","no","I am just wondering what was the study about?",NA,8,"test",6,"per","hearing","can hear what's going on around it","per","vision","can see me","n",-1.5,NA
"4121","4","india","adults","do you think...?","cb1","R_byLyhyEs5K6uxfv","2014-06-25 20:54:00",6,NA,"male",NA,NA,NA,NA,"sikhism","no","I am just wondering what was the study about?",NA,8,"test",7,"aff","positive","feels happy right now","phy","metal_plastic","is made out of plastic","n",-0.5,NA
"4122","4","india","adults","do you think...?","cb1","R_byLyhyEs5K6uxfv","2014-06-25 20:54:00",6,NA,"male",NA,NA,NA,NA,"sikhism","no","I am just wondering what was the study about?",NA,8,"test",8,"aut","noise","is making sounds on its own","aut","movement","can move itself from one side of the box to the other","y",0.5,NA
"4123","4","india","adults","do you think...?","cb1","R_byLyhyEs5K6uxfv","2014-06-25 20:54:00",6,NA,"male",NA,NA,NA,NA,"sikhism","no","I am just wondering what was the study about?",NA,8,"test",9,"phy","metal_plastic","is made out of metal","aff","positive","can be in a good mood sometimes","n",-0.5,NA
"4124","4","india","adults","do you think...?","cb1","R_byLyhyEs5K6uxfv","2014-06-25 20:54:00",6,NA,"male",NA,NA,NA,NA,"sikhism","no","I am just wondering what was the study about?",NA,8,"test",10,"per","vision","can see what the box looks like","phy","glass_clay","is made out of clay","n",-0.5,NA
"4125","4","india","adults","do you think...?","cb1","R_byLyhyEs5K6uxfv","2014-06-25 20:54:00",6,NA,"male",NA,NA,NA,NA,"sikhism","no","I am just wondering what was the study about?",NA,8,"test",11,"aff","negative","is in a bad mood right now","per","hearing","can hear me","n",-0.5,NA
"4126","4","india","adults","do you think...?","cb1","R_cZJJNWQZFPNabZz","2014-06-25 23:05:00",3,NA,"male",NA,NA,NA,NA,"hinduism","unsure","Thank nice task",NA,8,"practice",1,NA,NA,"is purple",NA,NA,"is green","y",0.5,NA
"4127","4","india","adults","do you think...?","cb1","R_cZJJNWQZFPNabZz","2014-06-25 23:05:00",3,NA,"male",NA,NA,NA,NA,"hinduism","unsure","Thank nice task",NA,8,"practice",2,NA,NA,"is walking around",NA,NA,"has legs","y",0.5,NA
"4128","4","india","adults","do you think...?","cb1","R_cZJJNWQZFPNabZz","2014-06-25 23:05:00",3,NA,"male",NA,NA,NA,NA,"hinduism","unsure","Thank nice task",NA,8,"practice",3,NA,NA,"is made out of paper",NA,NA,"might rip sometime","y",1.5,NA
"4129","4","india","adults","do you think...?","cb1","R_cZJJNWQZFPNabZz","2014-06-25 23:05:00",3,NA,"male",NA,NA,NA,NA,"hinduism","unsure","Thank nice task",NA,8,"test",4,"aut","movement","is moving itself around the box","aff","negative","can feel sad sometimes","n",-0.5,NA
"4130","4","india","adults","do you think...?","cb1","R_cZJJNWQZFPNabZz","2014-06-25 23:05:00",3,NA,"male",NA,NA,NA,NA,"hinduism","unsure","Thank nice task",NA,8,"test",5,"phy","glass_clay","is made out of glass","aut","noise","can make noises all by itself","y",0.5,NA
"4131","4","india","adults","do you think...?","cb1","R_cZJJNWQZFPNabZz","2014-06-25 23:05:00",3,NA,"male",NA,NA,NA,NA,"hinduism","unsure","Thank nice task",NA,8,"test",6,"per","hearing","can hear what's going on around it","per","vision","can see me","y",1.5,NA
"4132","4","india","adults","do you think...?","cb1","R_cZJJNWQZFPNabZz","2014-06-25 23:05:00",3,NA,"male",NA,NA,NA,NA,"hinduism","unsure","Thank nice task",NA,8,"test",7,"aff","positive","feels happy right now","phy","metal_plastic","is made out of plastic","y",0.5,NA
"4133","4","india","adults","do you think...?","cb1","R_cZJJNWQZFPNabZz","2014-06-25 23:05:00",3,NA,"male",NA,NA,NA,NA,"hinduism","unsure","Thank nice task",NA,8,"test",8,"aut","noise","is making sounds on its own","aut","movement","can move itself from one side of the box to the other","y",0.5,NA
"4134","4","india","adults","do you think...?","cb1","R_cZJJNWQZFPNabZz","2014-06-25 23:05:00",3,NA,"male",NA,NA,NA,NA,"hinduism","unsure","Thank nice task",NA,8,"test",9,"phy","metal_plastic","is made out of metal","aff","positive","can be in a good mood sometimes","y",0.5,NA
"4135","4","india","adults","do you think...?","cb1","R_cZJJNWQZFPNabZz","2014-06-25 23:05:00",3,NA,"male",NA,NA,NA,NA,"hinduism","unsure","Thank nice task",NA,8,"test",10,"per","vision","can see what the box looks like","phy","glass_clay","is made out of clay","n",-0.5,NA
"4136","4","india","adults","do you think...?","cb1","R_cZJJNWQZFPNabZz","2014-06-25 23:05:00",3,NA,"male",NA,NA,NA,NA,"hinduism","unsure","Thank nice task",NA,8,"test",11,"aff","negative","is in a bad mood right now","per","hearing","can hear me","y",0.5,NA
"4137","4","us","adults","do you think...?","cb1","R_0pjQoOMKAXt9oI5","2014-06-26 08:50:00",0.05,NA,"female",NA,NA,NA,NA,"christianity","no","Thank you ",NA,1,"practice",1,NA,NA,"is purple",NA,NA,"is green","n",-1.5,NA
"4138","4","us","adults","do you think...?","cb1","R_0pjQoOMKAXt9oI5","2014-06-26 08:50:00",0.05,NA,"female",NA,NA,NA,NA,"christianity","no","Thank you ",NA,1,"practice",2,NA,NA,"is walking around",NA,NA,"has legs","y",0.5,NA
"4139","4","us","adults","do you think...?","cb1","R_0pjQoOMKAXt9oI5","2014-06-26 08:50:00",0.05,NA,"female",NA,NA,NA,NA,"christianity","no","Thank you ",NA,1,"practice",3,NA,NA,"is made out of paper",NA,NA,"might rip sometime","y",0.5,NA
"4140","4","us","adults","do you think...?","cb1","R_0pjQoOMKAXt9oI5","2014-06-26 08:50:00",0.05,NA,"female",NA,NA,NA,NA,"christianity","no","Thank you ",NA,1,"test",4,"phy","metal_plastic","is made out of plastic","per","hearing","can hear what's going on around it","n",-1.5,NA
"4141","4","us","adults","do you think...?","cb1","R_0pjQoOMKAXt9oI5","2014-06-26 08:50:00",0.05,NA,"female",NA,NA,NA,NA,"christianity","no","Thank you ",NA,1,"test",5,"aff","positive","is in a good mood right now","aut","noise","can make noises all by itself","y",0.5,NA
"4142","4","us","adults","do you think...?","cb1","R_0pjQoOMKAXt9oI5","2014-06-26 08:50:00",0.05,NA,"female",NA,NA,NA,NA,"christianity","no","Thank you ",NA,1,"test",6,"per","vision","can see me","aff","negative","can be in a bad mood sometimes","y",0.5,NA
"4143","4","us","adults","do you think...?","cb1","R_0pjQoOMKAXt9oI5","2014-06-26 08:50:00",0.05,NA,"female",NA,NA,NA,NA,"christianity","no","Thank you ",NA,1,"test",7,"aut","movement","is moving itself from one side of the box to the other","phy","glass_clay","is made out of clay","n",-1.5,NA
"4144","4","us","adults","do you think...?","cb1","R_0pjQoOMKAXt9oI5","2014-06-26 08:50:00",0.05,NA,"female",NA,NA,NA,NA,"christianity","no","Thank you ",NA,1,"test",8,"aff","negative","feels sad right now","aff","positive","can feel happy sometimes","y",0.5,NA
"4145","4","us","adults","do you think...?","cb1","R_0pjQoOMKAXt9oI5","2014-06-26 08:50:00",0.05,NA,"female",NA,NA,NA,NA,"christianity","no","Thank you ",NA,1,"test",9,"aut","noise","is making sounds on its own","per","vision","can see what the box looks like","y",0.5,NA
"4146","4","us","adults","do you think...?","cb1","R_0pjQoOMKAXt9oI5","2014-06-26 08:50:00",0.05,NA,"female",NA,NA,NA,NA,"christianity","no","Thank you ",NA,1,"test",10,"phy","glass_clay","is made out of glass","phy","metal_plastic","is made out of metal","n",-1.5,NA
"4147","4","us","adults","do you think...?","cb1","R_0pjQoOMKAXt9oI5","2014-06-26 08:50:00",0.05,NA,"female",NA,NA,NA,NA,"christianity","no","Thank you ",NA,1,"test",11,"per","hearing","can hear me","aut","movement","can move itself around the box","y",0.5,NA
"4148","4","us","adults","do you think...?","cb1","R_3ERjaCHiC2d5Irj","2014-06-26 08:59:00",0.0333333333333333,NA,"female",NA,NA,NA,NA,"christianity","no","ty",NA,1,"practice",1,NA,NA,"is purple",NA,NA,"is green","y",1.5,NA
"4149","4","us","adults","do you think...?","cb1","R_3ERjaCHiC2d5Irj","2014-06-26 08:59:00",0.0333333333333333,NA,"female",NA,NA,NA,NA,"christianity","no","ty",NA,1,"practice",2,NA,NA,"is walking around",NA,NA,"has legs","y",1.5,NA
"4150","4","us","adults","do you think...?","cb1","R_3ERjaCHiC2d5Irj","2014-06-26 08:59:00",0.0333333333333333,NA,"female",NA,NA,NA,NA,"christianity","no","ty",NA,1,"practice",3,NA,NA,"is made out of paper",NA,NA,"might rip sometime","y",1.5,NA
"4151","4","us","adults","do you think...?","cb1","R_3ERjaCHiC2d5Irj","2014-06-26 08:59:00",0.0333333333333333,NA,"female",NA,NA,NA,NA,"christianity","no","ty",NA,1,"test",4,"phy","metal_plastic","is made out of plastic","per","hearing","can hear what's going on around it","y",1.5,NA
"4152","4","us","adults","do you think...?","cb1","R_3ERjaCHiC2d5Irj","2014-06-26 08:59:00",0.0333333333333333,NA,"female",NA,NA,NA,NA,"christianity","no","ty",NA,1,"test",5,"aff","positive","is in a good mood right now","aut","noise","can make noises all by itself","y",0.5,NA
"4153","4","us","adults","do you think...?","cb1","R_3ERjaCHiC2d5Irj","2014-06-26 08:59:00",0.0333333333333333,NA,"female",NA,NA,NA,NA,"christianity","no","ty",NA,1,"test",6,"per","vision","can see me","aff","negative","can be in a bad mood sometimes","y",0.5,NA
"4154","4","us","adults","do you think...?","cb1","R_3ERjaCHiC2d5Irj","2014-06-26 08:59:00",0.0333333333333333,NA,"female",NA,NA,NA,NA,"christianity","no","ty",NA,1,"test",7,"aut","movement","is moving itself from one side of the box to the other","phy","glass_clay","is made out of clay","n",-1.5,NA
"4155","4","us","adults","do you think...?","cb1","R_3ERjaCHiC2d5Irj","2014-06-26 08:59:00",0.0333333333333333,NA,"female",NA,NA,NA,NA,"christianity","no","ty",NA,1,"test",8,"aff","negative","feels sad right now","aff","positive","can feel happy sometimes","y",1.5,NA
"4156","4","us","adults","do you think...?","cb1","R_3ERjaCHiC2d5Irj","2014-06-26 08:59:00",0.0333333333333333,NA,"female",NA,NA,NA,NA,"christianity","no","ty",NA,1,"test",9,"aut","noise","is making sounds on its own","per","vision","can see what the box looks like","y",1.5,NA
"4157","4","us","adults","do you think...?","cb1","R_3ERjaCHiC2d5Irj","2014-06-26 08:59:00",0.0333333333333333,NA,"female",NA,NA,NA,NA,"christianity","no","ty",NA,1,"test",10,"phy","glass_clay","is made out of glass","phy","metal_plastic","is made out of metal","n",-1.5,NA
"4158","4","us","adults","do you think...?","cb1","R_3ERjaCHiC2d5Irj","2014-06-26 08:59:00",0.0333333333333333,NA,"female",NA,NA,NA,NA,"christianity","no","ty",NA,1,"test",11,"per","hearing","can hear me","aut","movement","can move itself around the box","y",0.5,NA
"4159","4","us","adults","do you think...?","cb1","R_3l6xPxziWNAd5Vr","2014-06-25 18:12:00",0.1,NA,NA,NA,NA,NA,NA,NA,"no",NA,NA,1,"practice",1,NA,NA,"is purple",NA,NA,"is green","y",0.5,NA
"4160","4","us","adults","do you think...?","cb1","R_3l6xPxziWNAd5Vr","2014-06-25 18:12:00",0.1,NA,NA,NA,NA,NA,NA,NA,"no",NA,NA,1,"practice",2,NA,NA,"is walking around",NA,NA,"has legs","y",1.5,NA
"4161","4","us","adults","do you think...?","cb1","R_3l6xPxziWNAd5Vr","2014-06-25 18:12:00",0.1,NA,NA,NA,NA,NA,NA,NA,"no",NA,NA,1,"practice",3,NA,NA,"is made out of paper",NA,NA,"might rip sometime","y",1.5,NA
"4162","4","us","adults","do you think...?","cb1","R_3l6xPxziWNAd5Vr","2014-06-25 18:12:00",0.1,NA,NA,NA,NA,NA,NA,NA,"no",NA,NA,1,"test",4,"phy","metal_plastic","is made out of plastic","per","hearing","can hear what's going on around it","n",-1.5,NA
"4163","4","us","adults","do you think...?","cb1","R_3l6xPxziWNAd5Vr","2014-06-25 18:12:00",0.1,NA,NA,NA,NA,NA,NA,NA,"no",NA,NA,1,"test",5,"aff","positive","is in a good mood right now","aut","noise","can make noises all by itself","y",1.5,NA
"4164","4","us","adults","do you think...?","cb1","R_3l6xPxziWNAd5Vr","2014-06-25 18:12:00",0.1,NA,NA,NA,NA,NA,NA,NA,"no",NA,NA,1,"test",6,"per","vision","can see me","aff","negative","can be in a bad mood sometimes","y",0.5,NA
"4165","4","us","adults","do you think...?","cb1","R_3l6xPxziWNAd5Vr","2014-06-25 18:12:00",0.1,NA,NA,NA,NA,NA,NA,NA,"no",NA,NA,1,"test",7,"aut","movement","is moving itself from one side of the box to the other","phy","glass_clay","is made out of clay","n",-1.5,NA
"4166","4","us","adults","do you think...?","cb1","R_3l6xPxziWNAd5Vr","2014-06-25 18:12:00",0.1,NA,NA,NA,NA,NA,NA,NA,"no",NA,NA,1,"test",8,"aff","negative","feels sad right now","aff","positive","can feel happy sometimes","y",1.5,NA
"4167","4","us","adults","do you think...?","cb1","R_3l6xPxziWNAd5Vr","2014-06-25 18:12:00",0.1,NA,NA,NA,NA,NA,NA,NA,"no",NA,NA,1,"test",9,"aut","noise","is making sounds on its own","per","vision","can see what the box looks like","y",0.5,NA
"4168","4","us","adults","do you think...?","cb1","R_3l6xPxziWNAd5Vr","2014-06-25 18:12:00",0.1,NA,NA,NA,NA,NA,NA,NA,"no",NA,NA,1,"test",10,"phy","glass_clay","is made out of glass","phy","metal_plastic","is made out of metal","n",-1.5,NA
"4169","4","us","adults","do you think...?","cb1","R_3l6xPxziWNAd5Vr","2014-06-25 18:12:00",0.1,NA,NA,NA,NA,NA,NA,NA,"no",NA,NA,1,"test",11,"per","hearing","can hear me","aut","movement","can move itself around the box","y",1.5,NA
"4170","4","us","adults","do you think...?","cb1","R_4MfFIygaehM0YVn","2014-06-26 17:55:00",0.05,NA,"female",NA,NA,NA,NA,"christianity","no",NA,NA,1,"practice",1,NA,NA,"is purple",NA,NA,"is green","n",-0.5,NA
"4171","4","us","adults","do you think...?","cb1","R_4MfFIygaehM0YVn","2014-06-26 17:55:00",0.05,NA,"female",NA,NA,NA,NA,"christianity","no",NA,NA,1,"practice",2,NA,NA,"is walking around",NA,NA,"has legs","y",0.5,NA
"4172","4","us","adults","do you think...?","cb1","R_4MfFIygaehM0YVn","2014-06-26 17:55:00",0.05,NA,"female",NA,NA,NA,NA,"christianity","no",NA,NA,1,"practice",3,NA,NA,"is made out of paper",NA,NA,"might rip sometime","n",-0.5,NA
"4173","4","us","adults","do you think...?","cb1","R_4MfFIygaehM0YVn","2014-06-26 17:55:00",0.05,NA,"female",NA,NA,NA,NA,"christianity","no",NA,NA,1,"test",4,"phy","metal_plastic","is made out of plastic","per","hearing","can hear what's going on around it","y",0.5,NA
"4174","4","us","adults","do you think...?","cb1","R_4MfFIygaehM0YVn","2014-06-26 17:55:00",0.05,NA,"female",NA,NA,NA,NA,"christianity","no",NA,NA,1,"test",5,"aff","positive","is in a good mood right now","aut","noise","can make noises all by itself","n",-1.5,NA
"4175","4","us","adults","do you think...?","cb1","R_4MfFIygaehM0YVn","2014-06-26 17:55:00",0.05,NA,"female",NA,NA,NA,NA,"christianity","no",NA,NA,1,"test",6,"per","vision","can see me","aff","negative","can be in a bad mood sometimes","y",0.5,NA
"4176","4","us","adults","do you think...?","cb1","R_4MfFIygaehM0YVn","2014-06-26 17:55:00",0.05,NA,"female",NA,NA,NA,NA,"christianity","no",NA,NA,1,"test",7,"aut","movement","is moving itself from one side of the box to the other","phy","glass_clay","is made out of clay","n",-0.5,NA
"4177","4","us","adults","do you think...?","cb1","R_4MfFIygaehM0YVn","2014-06-26 17:55:00",0.05,NA,"female",NA,NA,NA,NA,"christianity","no",NA,NA,1,"test",8,"aff","negative","feels sad right now","aff","positive","can feel happy sometimes","y",0.5,NA
"4178","4","us","adults","do you think...?","cb1","R_4MfFIygaehM0YVn","2014-06-26 17:55:00",0.05,NA,"female",NA,NA,NA,NA,"christianity","no",NA,NA,1,"test",9,"aut","noise","is making sounds on its own","per","vision","can see what the box looks like","y",0.5,NA
"4179","4","us","adults","do you think...?","cb1","R_4MfFIygaehM0YVn","2014-06-26 17:55:00",0.05,NA,"female",NA,NA,NA,NA,"christianity","no",NA,NA,1,"test",10,"phy","glass_clay","is made out of glass","phy","metal_plastic","is made out of metal","y",0.5,NA
"4180","4","us","adults","do you think...?","cb1","R_4MfFIygaehM0YVn","2014-06-26 17:55:00",0.05,NA,"female",NA,NA,NA,NA,"christianity","no",NA,NA,1,"test",11,"per","hearing","can hear me","aut","movement","can move itself around the box","y",0.5,NA
"4181","4","us","adults","do you think...?","cb1","R_bqnitfUexpvNXA9","2014-06-26 15:44:00",0.0333333333333333,NA,"female",NA,NA,NA,NA,"judaism","no",NA,NA,1,"practice",1,NA,NA,"is purple",NA,NA,"is green","n",-1.5,NA
"4182","4","us","adults","do you think...?","cb1","R_bqnitfUexpvNXA9","2014-06-26 15:44:00",0.0333333333333333,NA,"female",NA,NA,NA,NA,"judaism","no",NA,NA,1,"practice",2,NA,NA,"is walking around",NA,NA,"has legs","y",1.5,NA
"4183","4","us","adults","do you think...?","cb1","R_bqnitfUexpvNXA9","2014-06-26 15:44:00",0.0333333333333333,NA,"female",NA,NA,NA,NA,"judaism","no",NA,NA,1,"practice",3,NA,NA,"is made out of paper",NA,NA,"might rip sometime","y",1.5,NA
"4184","4","us","adults","do you think...?","cb1","R_bqnitfUexpvNXA9","2014-06-26 15:44:00",0.0333333333333333,NA,"female",NA,NA,NA,NA,"judaism","no",NA,NA,1,"test",4,"phy","metal_plastic","is made out of plastic","per","hearing","can hear what's going on around it","n",-1.5,NA
"4185","4","us","adults","do you think...?","cb1","R_bqnitfUexpvNXA9","2014-06-26 15:44:00",0.0333333333333333,NA,"female",NA,NA,NA,NA,"judaism","no",NA,NA,1,"test",5,"aff","positive","is in a good mood right now","aut","noise","can make noises all by itself","y",0.5,NA
"4186","4","us","adults","do you think...?","cb1","R_bqnitfUexpvNXA9","2014-06-26 15:44:00",0.0333333333333333,NA,"female",NA,NA,NA,NA,"judaism","no",NA,NA,1,"test",6,"per","vision","can see me","aff","negative","can be in a bad mood sometimes","y",0.5,NA
"4187","4","us","adults","do you think...?","cb1","R_bqnitfUexpvNXA9","2014-06-26 15:44:00",0.0333333333333333,NA,"female",NA,NA,NA,NA,"judaism","no",NA,NA,1,"test",7,"aut","movement","is moving itself from one side of the box to the other","phy","glass_clay","is made out of clay","y",0.5,NA
"4188","4","us","adults","do you think...?","cb1","R_bqnitfUexpvNXA9","2014-06-26 15:44:00",0.0333333333333333,NA,"female",NA,NA,NA,NA,"judaism","no",NA,NA,1,"test",8,"aff","negative","feels sad right now","aff","positive","can feel happy sometimes","y",0.5,NA
"4189","4","us","adults","do you think...?","cb1","R_bqnitfUexpvNXA9","2014-06-26 15:44:00",0.0333333333333333,NA,"female",NA,NA,NA,NA,"judaism","no",NA,NA,1,"test",9,"aut","noise","is making sounds on its own","per","vision","can see what the box looks like","y",0.5,NA
"4190","4","us","adults","do you think...?","cb1","R_bqnitfUexpvNXA9","2014-06-26 15:44:00",0.0333333333333333,NA,"female",NA,NA,NA,NA,"judaism","no",NA,NA,1,"test",10,"phy","glass_clay","is made out of glass","phy","metal_plastic","is made out of metal","n",-1.5,NA
"4191","4","us","adults","do you think...?","cb1","R_bqnitfUexpvNXA9","2014-06-26 15:44:00",0.0333333333333333,NA,"female",NA,NA,NA,NA,"judaism","no",NA,NA,1,"test",11,"per","hearing","can hear me","aut","movement","can move itself around the box","y",0.5,NA
"4192","4","us","adults","do you think...?","cb1","R_bqrJ5KMWNmKbkod","2014-06-26 14:15:00",0.0666666666666667,NA,"female",NA,NA,NA,NA,"christianity","no",NA,NA,1,"practice",1,NA,NA,"is purple",NA,NA,"is green","n",-1.5,NA
"4193","4","us","adults","do you think...?","cb1","R_bqrJ5KMWNmKbkod","2014-06-26 14:15:00",0.0666666666666667,NA,"female",NA,NA,NA,NA,"christianity","no",NA,NA,1,"practice",2,NA,NA,"is walking around",NA,NA,"has legs","y",0.5,NA
"4194","4","us","adults","do you think...?","cb1","R_bqrJ5KMWNmKbkod","2014-06-26 14:15:00",0.0666666666666667,NA,"female",NA,NA,NA,NA,"christianity","no",NA,NA,1,"practice",3,NA,NA,"is made out of paper",NA,NA,"might rip sometime","y",0.5,NA
"4195","4","us","adults","do you think...?","cb1","R_bqrJ5KMWNmKbkod","2014-06-26 14:15:00",0.0666666666666667,NA,"female",NA,NA,NA,NA,"christianity","no",NA,NA,1,"test",4,"phy","metal_plastic","is made out of plastic","per","hearing","can hear what's going on around it","n",-1.5,NA
"4196","4","us","adults","do you think...?","cb1","R_bqrJ5KMWNmKbkod","2014-06-26 14:15:00",0.0666666666666667,NA,"female",NA,NA,NA,NA,"christianity","no",NA,NA,1,"test",5,"aff","positive","is in a good mood right now","aut","noise","can make noises all by itself","n",-0.5,NA
"4197","4","us","adults","do you think...?","cb1","R_bqrJ5KMWNmKbkod","2014-06-26 14:15:00",0.0666666666666667,NA,"female",NA,NA,NA,NA,"christianity","no",NA,NA,1,"test",6,"per","vision","can see me","aff","negative","can be in a bad mood sometimes","y",0.5,NA
"4198","4","us","adults","do you think...?","cb1","R_bqrJ5KMWNmKbkod","2014-06-26 14:15:00",0.0666666666666667,NA,"female",NA,NA,NA,NA,"christianity","no",NA,NA,1,"test",7,"aut","movement","is moving itself from one side of the box to the other","phy","glass_clay","is made out of clay","n",-0.5,NA
"4199","4","us","adults","do you think...?","cb1","R_bqrJ5KMWNmKbkod","2014-06-26 14:15:00",0.0666666666666667,NA,"female",NA,NA,NA,NA,"christianity","no",NA,NA,1,"test",8,"aff","negative","feels sad right now","aff","positive","can feel happy sometimes","y",0.5,NA
"4200","4","us","adults","do you think...?","cb1","R_bqrJ5KMWNmKbkod","2014-06-26 14:15:00",0.0666666666666667,NA,"female",NA,NA,NA,NA,"christianity","no",NA,NA,1,"test",9,"aut","noise","is making sounds on its own","per","vision","can see what the box looks like","n",-0.5,NA
"4201","4","us","adults","do you think...?","cb1","R_bqrJ5KMWNmKbkod","2014-06-26 14:15:00",0.0666666666666667,NA,"female",NA,NA,NA,NA,"christianity","no",NA,NA,1,"test",10,"phy","glass_clay","is made out of glass","phy","metal_plastic","is made out of metal","n",-1.5,NA
"4202","4","us","adults","do you think...?","cb1","R_bqrJ5KMWNmKbkod","2014-06-26 14:15:00",0.0666666666666667,NA,"female",NA,NA,NA,NA,"christianity","no",NA,NA,1,"test",11,"per","hearing","can hear me","aut","movement","can move itself around the box","n",-0.5,NA
"4203","4","us","adults","do you think...?","cb1","R_cFOiIyFkZkyl1ch","2014-06-26 11:19:00",0.0666666666666667,NA,"female",NA,NA,NA,NA,"christianity","no",NA,NA,1,"practice",1,NA,NA,"is purple",NA,NA,"is green","n",-1.5,NA
"4204","4","us","adults","do you think...?","cb1","R_cFOiIyFkZkyl1ch","2014-06-26 11:19:00",0.0666666666666667,NA,"female",NA,NA,NA,NA,"christianity","no",NA,NA,1,"practice",2,NA,NA,"is walking around",NA,NA,"has legs","y",1.5,NA
"4205","4","us","adults","do you think...?","cb1","R_cFOiIyFkZkyl1ch","2014-06-26 11:19:00",0.0666666666666667,NA,"female",NA,NA,NA,NA,"christianity","no",NA,NA,1,"practice",3,NA,NA,"is made out of paper",NA,NA,"might rip sometime","y",1.5,NA
"4206","4","us","adults","do you think...?","cb1","R_cFOiIyFkZkyl1ch","2014-06-26 11:19:00",0.0666666666666667,NA,"female",NA,NA,NA,NA,"christianity","no",NA,NA,1,"test",4,"phy","metal_plastic","is made out of plastic","per","hearing","can hear what's going on around it","n",-1.5,NA
"4207","4","us","adults","do you think...?","cb1","R_cFOiIyFkZkyl1ch","2014-06-26 11:19:00",0.0666666666666667,NA,"female",NA,NA,NA,NA,"christianity","no",NA,NA,1,"test",5,"aff","positive","is in a good mood right now","aut","noise","can make noises all by itself","y",0.5,NA
"4208","4","us","adults","do you think...?","cb1","R_cFOiIyFkZkyl1ch","2014-06-26 11:19:00",0.0666666666666667,NA,"female",NA,NA,NA,NA,"christianity","no",NA,NA,1,"test",6,"per","vision","can see me","aff","negative","can be in a bad mood sometimes","y",0.5,NA
"4209","4","us","adults","do you think...?","cb1","R_cFOiIyFkZkyl1ch","2014-06-26 11:19:00",0.0666666666666667,NA,"female",NA,NA,NA,NA,"christianity","no",NA,NA,1,"test",7,"aut","movement","is moving itself from one side of the box to the other","phy","glass_clay","is made out of clay","n",-1.5,NA
"4210","4","us","adults","do you think...?","cb1","R_cFOiIyFkZkyl1ch","2014-06-26 11:19:00",0.0666666666666667,NA,"female",NA,NA,NA,NA,"christianity","no",NA,NA,1,"test",8,"aff","negative","feels sad right now","aff","positive","can feel happy sometimes","y",1.5,NA
"4211","4","us","adults","do you think...?","cb1","R_cFOiIyFkZkyl1ch","2014-06-26 11:19:00",0.0666666666666667,NA,"female",NA,NA,NA,NA,"christianity","no",NA,NA,1,"test",9,"aut","noise","is making sounds on its own","per","vision","can see what the box looks like","y",0.5,NA
"4212","4","us","adults","do you think...?","cb1","R_cFOiIyFkZkyl1ch","2014-06-26 11:19:00",0.0666666666666667,NA,"female",NA,NA,NA,NA,"christianity","no",NA,NA,1,"test",10,"phy","glass_clay","is made out of glass","phy","metal_plastic","is made out of metal","n",-1.5,NA
"4213","4","us","adults","do you think...?","cb1","R_cFOiIyFkZkyl1ch","2014-06-26 11:19:00",0.0666666666666667,NA,"female",NA,NA,NA,NA,"christianity","no",NA,NA,1,"test",11,"per","hearing","can hear me","aut","movement","can move itself around the box","y",0.5,NA
"4214","4","us","adults","do you think...?","cb1","R_d5bMBdSXRdqWQTz","2014-06-26 11:00:00",0.05,NA,"male",NA,NA,NA,NA,"other","no",NA,NA,1,"practice",1,NA,NA,"is purple",NA,NA,"is green","n",-1.5,NA
"4215","4","us","adults","do you think...?","cb1","R_d5bMBdSXRdqWQTz","2014-06-26 11:00:00",0.05,NA,"male",NA,NA,NA,NA,"other","no",NA,NA,1,"practice",2,NA,NA,"is walking around",NA,NA,"has legs","y",1.5,NA
"4216","4","us","adults","do you think...?","cb1","R_d5bMBdSXRdqWQTz","2014-06-26 11:00:00",0.05,NA,"male",NA,NA,NA,NA,"other","no",NA,NA,1,"practice",3,NA,NA,"is made out of paper",NA,NA,"might rip sometime","y",1.5,NA
"4217","4","us","adults","do you think...?","cb1","R_d5bMBdSXRdqWQTz","2014-06-26 11:00:00",0.05,NA,"male",NA,NA,NA,NA,"other","no",NA,NA,1,"test",4,"phy","metal_plastic","is made out of plastic","per","hearing","can hear what's going on around it","n",-1.5,NA
"4218","4","us","adults","do you think...?","cb1","R_d5bMBdSXRdqWQTz","2014-06-26 11:00:00",0.05,NA,"male",NA,NA,NA,NA,"other","no",NA,NA,1,"test",5,"aff","positive","is in a good mood right now","aut","noise","can make noises all by itself","y",1.5,NA
"4219","4","us","adults","do you think...?","cb1","R_d5bMBdSXRdqWQTz","2014-06-26 11:00:00",0.05,NA,"male",NA,NA,NA,NA,"other","no",NA,NA,1,"test",6,"per","vision","can see me","aff","negative","can be in a bad mood sometimes","y",0.5,NA
"4220","4","us","adults","do you think...?","cb1","R_d5bMBdSXRdqWQTz","2014-06-26 11:00:00",0.05,NA,"male",NA,NA,NA,NA,"other","no",NA,NA,1,"test",7,"aut","movement","is moving itself from one side of the box to the other","phy","glass_clay","is made out of clay","n",-1.5,NA
"4221","4","us","adults","do you think...?","cb1","R_d5bMBdSXRdqWQTz","2014-06-26 11:00:00",0.05,NA,"male",NA,NA,NA,NA,"other","no",NA,NA,1,"test",8,"aff","negative","feels sad right now","aff","positive","can feel happy sometimes","y",0.5,NA
"4222","4","us","adults","do you think...?","cb1","R_d5bMBdSXRdqWQTz","2014-06-26 11:00:00",0.05,NA,"male",NA,NA,NA,NA,"other","no",NA,NA,1,"test",9,"aut","noise","is making sounds on its own","per","vision","can see what the box looks like","y",0.5,NA
"4223","4","us","adults","do you think...?","cb1","R_d5bMBdSXRdqWQTz","2014-06-26 11:00:00",0.05,NA,"male",NA,NA,NA,NA,"other","no",NA,NA,1,"test",10,"phy","glass_clay","is made out of glass","phy","metal_plastic","is made out of metal","n",-1.5,NA
"4224","4","us","adults","do you think...?","cb1","R_d5bMBdSXRdqWQTz","2014-06-26 11:00:00",0.05,NA,"male",NA,NA,NA,NA,"other","no",NA,NA,1,"test",11,"per","hearing","can hear me","aut","movement","can move itself around the box","y",0.5,NA
"4225","4","us","adults","do you think...?","cb1","R_efjL9cbbEAkPEEZ","2014-06-26 18:55:00",0.0333333333333333,NA,"male",NA,NA,NA,NA,"non-religious","no",NA,NA,1,"practice",1,NA,NA,"is purple",NA,NA,"is green","n",-1.5,NA
"4226","4","us","adults","do you think...?","cb1","R_efjL9cbbEAkPEEZ","2014-06-26 18:55:00",0.0333333333333333,NA,"male",NA,NA,NA,NA,"non-religious","no",NA,NA,1,"practice",2,NA,NA,"is walking around",NA,NA,"has legs","y",0.5,NA
"4227","4","us","adults","do you think...?","cb1","R_efjL9cbbEAkPEEZ","2014-06-26 18:55:00",0.0333333333333333,NA,"male",NA,NA,NA,NA,"non-religious","no",NA,NA,1,"practice",3,NA,NA,"is made out of paper",NA,NA,"might rip sometime","y",0.5,NA
"4228","4","us","adults","do you think...?","cb1","R_efjL9cbbEAkPEEZ","2014-06-26 18:55:00",0.0333333333333333,NA,"male",NA,NA,NA,NA,"non-religious","no",NA,NA,1,"test",4,"phy","metal_plastic","is made out of plastic","per","hearing","can hear what's going on around it","n",-1.5,NA
"4229","4","us","adults","do you think...?","cb1","R_efjL9cbbEAkPEEZ","2014-06-26 18:55:00",0.0333333333333333,NA,"male",NA,NA,NA,NA,"non-religious","no",NA,NA,1,"test",5,"aff","positive","is in a good mood right now","aut","noise","can make noises all by itself","y",0.5,NA
"4230","4","us","adults","do you think...?","cb1","R_efjL9cbbEAkPEEZ","2014-06-26 18:55:00",0.0333333333333333,NA,"male",NA,NA,NA,NA,"non-religious","no",NA,NA,1,"test",6,"per","vision","can see me","aff","negative","can be in a bad mood sometimes","n",-0.5,NA
"4231","4","us","adults","do you think...?","cb1","R_efjL9cbbEAkPEEZ","2014-06-26 18:55:00",0.0333333333333333,NA,"male",NA,NA,NA,NA,"non-religious","no",NA,NA,1,"test",7,"aut","movement","is moving itself from one side of the box to the other","phy","glass_clay","is made out of clay","n",-1.5,NA
"4232","4","us","adults","do you think...?","cb1","R_efjL9cbbEAkPEEZ","2014-06-26 18:55:00",0.0333333333333333,NA,"male",NA,NA,NA,NA,"non-religious","no",NA,NA,1,"test",8,"aff","negative","feels sad right now","aff","positive","can feel happy sometimes","y",0.5,NA
"4233","4","us","adults","do you think...?","cb1","R_efjL9cbbEAkPEEZ","2014-06-26 18:55:00",0.0333333333333333,NA,"male",NA,NA,NA,NA,"non-religious","no",NA,NA,1,"test",9,"aut","noise","is making sounds on its own","per","vision","can see what the box looks like","y",0.5,NA
"4234","4","us","adults","do you think...?","cb1","R_efjL9cbbEAkPEEZ","2014-06-26 18:55:00",0.0333333333333333,NA,"male",NA,NA,NA,NA,"non-religious","no",NA,NA,1,"test",10,"phy","glass_clay","is made out of glass","phy","metal_plastic","is made out of metal","n",-1.5,NA
"4235","4","us","adults","do you think...?","cb1","R_efjL9cbbEAkPEEZ","2014-06-26 18:55:00",0.0333333333333333,NA,"male",NA,NA,NA,NA,"non-religious","no",NA,NA,1,"test",11,"per","hearing","can hear me","aut","movement","can move itself around the box","y",0.5,NA
"4236","4","us","adults","do you think...?","cb1","R_eRHJZT9YqNgBk6V","2014-06-26 18:33:00",0.0666666666666667,NA,"female",NA,NA,NA,NA,"christianity","unsure","The survey was perfect!",NA,1,"practice",1,NA,NA,"is purple",NA,NA,"is green","n",-1.5,NA
"4237","4","us","adults","do you think...?","cb1","R_eRHJZT9YqNgBk6V","2014-06-26 18:33:00",0.0666666666666667,NA,"female",NA,NA,NA,NA,"christianity","unsure","The survey was perfect!",NA,1,"practice",2,NA,NA,"is walking around",NA,NA,"has legs","y",1.5,NA
"4238","4","us","adults","do you think...?","cb1","R_eRHJZT9YqNgBk6V","2014-06-26 18:33:00",0.0666666666666667,NA,"female",NA,NA,NA,NA,"christianity","unsure","The survey was perfect!",NA,1,"practice",3,NA,NA,"is made out of paper",NA,NA,"might rip sometime","y",1.5,NA
"4239","4","us","adults","do you think...?","cb1","R_eRHJZT9YqNgBk6V","2014-06-26 18:33:00",0.0666666666666667,NA,"female",NA,NA,NA,NA,"christianity","unsure","The survey was perfect!",NA,1,"test",4,"phy","metal_plastic","is made out of plastic","per","hearing","can hear what's going on around it","n",-1.5,NA
"4240","4","us","adults","do you think...?","cb1","R_eRHJZT9YqNgBk6V","2014-06-26 18:33:00",0.0666666666666667,NA,"female",NA,NA,NA,NA,"christianity","unsure","The survey was perfect!",NA,1,"test",5,"aff","positive","is in a good mood right now","aut","noise","can make noises all by itself","y",0.5,NA
"4241","4","us","adults","do you think...?","cb1","R_eRHJZT9YqNgBk6V","2014-06-26 18:33:00",0.0666666666666667,NA,"female",NA,NA,NA,NA,"christianity","unsure","The survey was perfect!",NA,1,"test",6,"per","vision","can see me","aff","negative","can be in a bad mood sometimes","n",-1.5,NA
"4242","4","us","adults","do you think...?","cb1","R_eRHJZT9YqNgBk6V","2014-06-26 18:33:00",0.0666666666666667,NA,"female",NA,NA,NA,NA,"christianity","unsure","The survey was perfect!",NA,1,"test",7,"aut","movement","is moving itself from one side of the box to the other","phy","glass_clay","is made out of clay","n",-1.5,NA
"4243","4","us","adults","do you think...?","cb1","R_eRHJZT9YqNgBk6V","2014-06-26 18:33:00",0.0666666666666667,NA,"female",NA,NA,NA,NA,"christianity","unsure","The survey was perfect!",NA,1,"test",8,"aff","negative","feels sad right now","aff","positive","can feel happy sometimes","y",1.5,NA
"4244","4","us","adults","do you think...?","cb1","R_eRHJZT9YqNgBk6V","2014-06-26 18:33:00",0.0666666666666667,NA,"female",NA,NA,NA,NA,"christianity","unsure","The survey was perfect!",NA,1,"test",9,"aut","noise","is making sounds on its own","per","vision","can see what the box looks like","n",-1.5,NA
"4245","4","us","adults","do you think...?","cb1","R_eRHJZT9YqNgBk6V","2014-06-26 18:33:00",0.0666666666666667,NA,"female",NA,NA,NA,NA,"christianity","unsure","The survey was perfect!",NA,1,"test",10,"phy","glass_clay","is made out of glass","phy","metal_plastic","is made out of metal","n",-1.5,NA
"4246","4","us","adults","do you think...?","cb1","R_eRHJZT9YqNgBk6V","2014-06-26 18:33:00",0.0666666666666667,NA,"female",NA,NA,NA,NA,"christianity","unsure","The survey was perfect!",NA,1,"test",11,"per","hearing","can hear me","aut","movement","can move itself around the box","n",-1.5,NA
"4247","4","us","adults","do you think...?","cb1","R_0dq4ShpjLvr9YuV","2014-06-26 10:39:00",0.0666666666666667,NA,"female",NA,NA,NA,NA,"judaism","no",NA,NA,2,"practice",1,NA,NA,"is purple",NA,NA,"is green","n",-1.5,NA
"4248","4","us","adults","do you think...?","cb1","R_0dq4ShpjLvr9YuV","2014-06-26 10:39:00",0.0666666666666667,NA,"female",NA,NA,NA,NA,"judaism","no",NA,NA,2,"practice",2,NA,NA,"is walking around",NA,NA,"has legs","y",1.5,NA
"4249","4","us","adults","do you think...?","cb1","R_0dq4ShpjLvr9YuV","2014-06-26 10:39:00",0.0666666666666667,NA,"female",NA,NA,NA,NA,"judaism","no",NA,NA,2,"practice",3,NA,NA,"is made out of paper",NA,NA,"might rip sometime","y",0.5,NA
"4250","4","us","adults","do you think...?","cb1","R_0dq4ShpjLvr9YuV","2014-06-26 10:39:00",0.0666666666666667,NA,"female",NA,NA,NA,NA,"judaism","no",NA,NA,2,"test",4,"per","vision","can see what the box looks like","aut","noise","can make noises all by itself","y",0.5,NA
"4251","4","us","adults","do you think...?","cb1","R_0dq4ShpjLvr9YuV","2014-06-26 10:39:00",0.0666666666666667,NA,"female",NA,NA,NA,NA,"judaism","no",NA,NA,2,"test",5,"phy","glass_clay","is made out of clay","phy","metal_plastic","is made out of plastic","n",-1.5,NA
"4252","4","us","adults","do you think...?","cb1","R_0dq4ShpjLvr9YuV","2014-06-26 10:39:00",0.0666666666666667,NA,"female",NA,NA,NA,NA,"judaism","no",NA,NA,2,"test",6,"aut","movement","is moving itself from one side of the box to the other","per","hearing","can hear me","y",0.5,NA
"4253","4","us","adults","do you think...?","cb1","R_0dq4ShpjLvr9YuV","2014-06-26 10:39:00",0.0666666666666667,NA,"female",NA,NA,NA,NA,"judaism","no",NA,NA,2,"test",7,"aff","negative","is in a bad mood right now","aff","positive","can be in a good mood sometimes","y",1.5,NA
"4254","4","us","adults","do you think...?","cb1","R_0dq4ShpjLvr9YuV","2014-06-26 10:39:00",0.0666666666666667,NA,"female",NA,NA,NA,NA,"judaism","no",NA,NA,2,"test",8,"aut","noise","is making sounds on its own","phy","glass_clay","is made out of glass","n",-1.5,NA
"4255","4","us","adults","do you think...?","cb1","R_0dq4ShpjLvr9YuV","2014-06-26 10:39:00",0.0666666666666667,NA,"female",NA,NA,NA,NA,"judaism","no",NA,NA,2,"test",9,"per","hearing","can hear what's going on around it","aff","negative","can feel sad sometimes","y",0.5,NA
"4256","4","us","adults","do you think...?","cb1","R_0dq4ShpjLvr9YuV","2014-06-26 10:39:00",0.0666666666666667,NA,"female",NA,NA,NA,NA,"judaism","no",NA,NA,2,"test",10,"aff","positive","feels happy right now","aut","movement","can move itself around the box","y",0.5,NA
"4257","4","us","adults","do you think...?","cb1","R_0dq4ShpjLvr9YuV","2014-06-26 10:39:00",0.0666666666666667,NA,"female",NA,NA,NA,NA,"judaism","no",NA,NA,2,"test",11,"phy","metal_plastic","is made out of metal","per","vision","can see me","n",-1.5,NA
"4258","4","us","adults","do you think...?","cb1","R_0MuIleoezKzpydv","2014-06-26 17:20:00",0.0666666666666667,NA,"female",NA,NA,NA,NA,"christianity","no",NA,NA,2,"practice",1,NA,NA,"is purple",NA,NA,"is green","n",-1.5,NA
"4259","4","us","adults","do you think...?","cb1","R_0MuIleoezKzpydv","2014-06-26 17:20:00",0.0666666666666667,NA,"female",NA,NA,NA,NA,"christianity","no",NA,NA,2,"practice",2,NA,NA,"is walking around",NA,NA,"has legs","y",1.5,NA
"4260","4","us","adults","do you think...?","cb1","R_0MuIleoezKzpydv","2014-06-26 17:20:00",0.0666666666666667,NA,"female",NA,NA,NA,NA,"christianity","no",NA,NA,2,"practice",3,NA,NA,"is made out of paper",NA,NA,"might rip sometime","n",-1.5,NA
"4261","4","us","adults","do you think...?","cb1","R_0MuIleoezKzpydv","2014-06-26 17:20:00",0.0666666666666667,NA,"female",NA,NA,NA,NA,"christianity","no",NA,NA,2,"test",4,"per","vision","can see what the box looks like","aut","noise","can make noises all by itself","y",0.5,NA
"4262","4","us","adults","do you think...?","cb1","R_0MuIleoezKzpydv","2014-06-26 17:20:00",0.0666666666666667,NA,"female",NA,NA,NA,NA,"christianity","no",NA,NA,2,"test",5,"phy","glass_clay","is made out of clay","phy","metal_plastic","is made out of plastic","n",-1.5,NA
"4263","4","us","adults","do you think...?","cb1","R_0MuIleoezKzpydv","2014-06-26 17:20:00",0.0666666666666667,NA,"female",NA,NA,NA,NA,"christianity","no",NA,NA,2,"test",6,"aut","movement","is moving itself from one side of the box to the other","per","hearing","can hear me","n",-0.5,NA
"4264","4","us","adults","do you think...?","cb1","R_0MuIleoezKzpydv","2014-06-26 17:20:00",0.0666666666666667,NA,"female",NA,NA,NA,NA,"christianity","no",NA,NA,2,"test",7,"aff","negative","is in a bad mood right now","aff","positive","can be in a good mood sometimes","y",0.5,NA
"4265","4","us","adults","do you think...?","cb1","R_0MuIleoezKzpydv","2014-06-26 17:20:00",0.0666666666666667,NA,"female",NA,NA,NA,NA,"christianity","no",NA,NA,2,"test",8,"aut","noise","is making sounds on its own","phy","glass_clay","is made out of glass","n",-1.5,NA
"4266","4","us","adults","do you think...?","cb1","R_0MuIleoezKzpydv","2014-06-26 17:20:00",0.0666666666666667,NA,"female",NA,NA,NA,NA,"christianity","no",NA,NA,2,"test",9,"per","hearing","can hear what's going on around it","aff","negative","can feel sad sometimes","y",0.5,NA
"4267","4","us","adults","do you think...?","cb1","R_0MuIleoezKzpydv","2014-06-26 17:20:00",0.0666666666666667,NA,"female",NA,NA,NA,NA,"christianity","no",NA,NA,2,"test",10,"aff","positive","feels happy right now","aut","movement","can move itself around the box","n",-1.5,NA
"4268","4","us","adults","do you think...?","cb1","R_0MuIleoezKzpydv","2014-06-26 17:20:00",0.0666666666666667,NA,"female",NA,NA,NA,NA,"christianity","no",NA,NA,2,"test",11,"phy","metal_plastic","is made out of metal","per","vision","can see me","n",-1.5,NA
"4269","4","us","adults","do you think...?","cb1","R_3efuYt2xcCSDI2x","2014-06-26 13:15:00",0.0666666666666667,NA,"male",NA,NA,NA,NA,"non-religious","no",NA,NA,2,"practice",1,NA,NA,"is purple",NA,NA,"is green","n",-1.5,NA
"4270","4","us","adults","do you think...?","cb1","R_3efuYt2xcCSDI2x","2014-06-26 13:15:00",0.0666666666666667,NA,"male",NA,NA,NA,NA,"non-religious","no",NA,NA,2,"practice",2,NA,NA,"is walking around",NA,NA,"has legs","y",1.5,NA
"4271","4","us","adults","do you think...?","cb1","R_3efuYt2xcCSDI2x","2014-06-26 13:15:00",0.0666666666666667,NA,"male",NA,NA,NA,NA,"non-religious","no",NA,NA,2,"practice",3,NA,NA,"is made out of paper",NA,NA,"might rip sometime","y",1.5,NA
"4272","4","us","adults","do you think...?","cb1","R_3efuYt2xcCSDI2x","2014-06-26 13:15:00",0.0666666666666667,NA,"male",NA,NA,NA,NA,"non-religious","no",NA,NA,2,"test",4,"per","vision","can see what the box looks like","aut","noise","can make noises all by itself","n",-1.5,NA
"4273","4","us","adults","do you think...?","cb1","R_3efuYt2xcCSDI2x","2014-06-26 13:15:00",0.0666666666666667,NA,"male",NA,NA,NA,NA,"non-religious","no",NA,NA,2,"test",5,"phy","glass_clay","is made out of clay","phy","metal_plastic","is made out of plastic","n",-1.5,NA
"4274","4","us","adults","do you think...?","cb1","R_3efuYt2xcCSDI2x","2014-06-26 13:15:00",0.0666666666666667,NA,"male",NA,NA,NA,NA,"non-religious","no",NA,NA,2,"test",6,"aut","movement","is moving itself from one side of the box to the other","per","hearing","can hear me","y",1.5,NA
"4275","4","us","adults","do you think...?","cb1","R_3efuYt2xcCSDI2x","2014-06-26 13:15:00",0.0666666666666667,NA,"male",NA,NA,NA,NA,"non-religious","no",NA,NA,2,"test",7,"aff","negative","is in a bad mood right now","aff","positive","can be in a good mood sometimes","y",1.5,NA
"4276","4","us","adults","do you think...?","cb1","R_3efuYt2xcCSDI2x","2014-06-26 13:15:00",0.0666666666666667,NA,"male",NA,NA,NA,NA,"non-religious","no",NA,NA,2,"test",8,"aut","noise","is making sounds on its own","phy","glass_clay","is made out of glass","y",0.5,NA
"4277","4","us","adults","do you think...?","cb1","R_3efuYt2xcCSDI2x","2014-06-26 13:15:00",0.0666666666666667,NA,"male",NA,NA,NA,NA,"non-religious","no",NA,NA,2,"test",9,"per","hearing","can hear what's going on around it","aff","negative","can feel sad sometimes","n",-0.5,NA
"4278","4","us","adults","do you think...?","cb1","R_3efuYt2xcCSDI2x","2014-06-26 13:15:00",0.0666666666666667,NA,"male",NA,NA,NA,NA,"non-religious","no",NA,NA,2,"test",10,"aff","positive","feels happy right now","aut","movement","can move itself around the box","y",1.5,NA
"4279","4","us","adults","do you think...?","cb1","R_3efuYt2xcCSDI2x","2014-06-26 13:15:00",0.0666666666666667,NA,"male",NA,NA,NA,NA,"non-religious","no",NA,NA,2,"test",11,"phy","metal_plastic","is made out of metal","per","vision","can see me","n",-1.5,NA
"4280","4","us","adults","do you think...?","cb1","R_4H36I5JzjfuA44d","2014-06-26 09:02:00",0.05,NA,"male",NA,NA,NA,NA,"other","no",NA,NA,2,"practice",1,NA,NA,"is purple",NA,NA,"is green","n",-0.5,NA
"4281","4","us","adults","do you think...?","cb1","R_4H36I5JzjfuA44d","2014-06-26 09:02:00",0.05,NA,"male",NA,NA,NA,NA,"other","no",NA,NA,2,"practice",2,NA,NA,"is walking around",NA,NA,"has legs","y",0.5,NA
"4282","4","us","adults","do you think...?","cb1","R_4H36I5JzjfuA44d","2014-06-26 09:02:00",0.05,NA,"male",NA,NA,NA,NA,"other","no",NA,NA,2,"practice",3,NA,NA,"is made out of paper",NA,NA,"might rip sometime","n",-0.5,NA
"4283","4","us","adults","do you think...?","cb1","R_4H36I5JzjfuA44d","2014-06-26 09:02:00",0.05,NA,"male",NA,NA,NA,NA,"other","no",NA,NA,2,"test",4,"per","vision","can see what the box looks like","aut","noise","can make noises all by itself","y",0.5,NA
"4284","4","us","adults","do you think...?","cb1","R_4H36I5JzjfuA44d","2014-06-26 09:02:00",0.05,NA,"male",NA,NA,NA,NA,"other","no",NA,NA,2,"test",5,"phy","glass_clay","is made out of clay","phy","metal_plastic","is made out of plastic","n",-0.5,NA
"4285","4","us","adults","do you think...?","cb1","R_4H36I5JzjfuA44d","2014-06-26 09:02:00",0.05,NA,"male",NA,NA,NA,NA,"other","no",NA,NA,2,"test",6,"aut","movement","is moving itself from one side of the box to the other","per","hearing","can hear me","n",-0.5,NA
"4286","4","us","adults","do you think...?","cb1","R_4H36I5JzjfuA44d","2014-06-26 09:02:00",0.05,NA,"male",NA,NA,NA,NA,"other","no",NA,NA,2,"test",7,"aff","negative","is in a bad mood right now","aff","positive","can be in a good mood sometimes","y",0.5,NA
"4287","4","us","adults","do you think...?","cb1","R_4H36I5JzjfuA44d","2014-06-26 09:02:00",0.05,NA,"male",NA,NA,NA,NA,"other","no",NA,NA,2,"test",8,"aut","noise","is making sounds on its own","phy","glass_clay","is made out of glass","n",-1.5,NA
"4288","4","us","adults","do you think...?","cb1","R_4H36I5JzjfuA44d","2014-06-26 09:02:00",0.05,NA,"male",NA,NA,NA,NA,"other","no",NA,NA,2,"test",9,"per","hearing","can hear what's going on around it","aff","negative","can feel sad sometimes","y",1.5,NA
"4289","4","us","adults","do you think...?","cb1","R_4H36I5JzjfuA44d","2014-06-26 09:02:00",0.05,NA,"male",NA,NA,NA,NA,"other","no",NA,NA,2,"test",10,"aff","positive","feels happy right now","aut","movement","can move itself around the box","y",0.5,NA
"4290","4","us","adults","do you think...?","cb1","R_4H36I5JzjfuA44d","2014-06-26 09:02:00",0.05,NA,"male",NA,NA,NA,NA,"other","no",NA,NA,2,"test",11,"phy","metal_plastic","is made out of metal","per","vision","can see me","n",-1.5,NA
"4291","4","us","adults","do you think...?","cb1","R_56GqOmgNfovKiln","2014-06-26 14:38:00",0.0666666666666667,NA,"female",NA,NA,NA,NA,"christianity","no",NA,NA,2,"practice",1,NA,NA,"is purple",NA,NA,"is green","n",-1.5,NA
"4292","4","us","adults","do you think...?","cb1","R_56GqOmgNfovKiln","2014-06-26 14:38:00",0.0666666666666667,NA,"female",NA,NA,NA,NA,"christianity","no",NA,NA,2,"practice",2,NA,NA,"is walking around",NA,NA,"has legs","y",1.5,NA
"4293","4","us","adults","do you think...?","cb1","R_56GqOmgNfovKiln","2014-06-26 14:38:00",0.0666666666666667,NA,"female",NA,NA,NA,NA,"christianity","no",NA,NA,2,"practice",3,NA,NA,"is made out of paper",NA,NA,"might rip sometime","y",0.5,NA
"4294","4","us","adults","do you think...?","cb1","R_56GqOmgNfovKiln","2014-06-26 14:38:00",0.0666666666666667,NA,"female",NA,NA,NA,NA,"christianity","no",NA,NA,2,"test",4,"per","vision","can see what the box looks like","aut","noise","can make noises all by itself","y",0.5,NA
"4295","4","us","adults","do you think...?","cb1","R_56GqOmgNfovKiln","2014-06-26 14:38:00",0.0666666666666667,NA,"female",NA,NA,NA,NA,"christianity","no",NA,NA,2,"test",5,"phy","glass_clay","is made out of clay","phy","metal_plastic","is made out of plastic","n",-1.5,NA
"4296","4","us","adults","do you think...?","cb1","R_56GqOmgNfovKiln","2014-06-26 14:38:00",0.0666666666666667,NA,"female",NA,NA,NA,NA,"christianity","no",NA,NA,2,"test",6,"aut","movement","is moving itself from one side of the box to the other","per","hearing","can hear me","y",0.5,NA
"4297","4","us","adults","do you think...?","cb1","R_56GqOmgNfovKiln","2014-06-26 14:38:00",0.0666666666666667,NA,"female",NA,NA,NA,NA,"christianity","no",NA,NA,2,"test",7,"aff","negative","is in a bad mood right now","aff","positive","can be in a good mood sometimes","y",1.5,NA
"4298","4","us","adults","do you think...?","cb1","R_56GqOmgNfovKiln","2014-06-26 14:38:00",0.0666666666666667,NA,"female",NA,NA,NA,NA,"christianity","no",NA,NA,2,"test",8,"aut","noise","is making sounds on its own","phy","glass_clay","is made out of glass","n",-0.5,NA
"4299","4","us","adults","do you think...?","cb1","R_56GqOmgNfovKiln","2014-06-26 14:38:00",0.0666666666666667,NA,"female",NA,NA,NA,NA,"christianity","no",NA,NA,2,"test",9,"per","hearing","can hear what's going on around it","aff","negative","can feel sad sometimes","y",0.5,NA
"4300","4","us","adults","do you think...?","cb1","R_56GqOmgNfovKiln","2014-06-26 14:38:00",0.0666666666666667,NA,"female",NA,NA,NA,NA,"christianity","no",NA,NA,2,"test",10,"aff","positive","feels happy right now","aut","movement","can move itself around the box","y",0.5,NA
"4301","4","us","adults","do you think...?","cb1","R_56GqOmgNfovKiln","2014-06-26 14:38:00",0.0666666666666667,NA,"female",NA,NA,NA,NA,"christianity","no",NA,NA,2,"test",11,"phy","metal_plastic","is made out of metal","per","vision","can see me","n",-1.5,NA
"4302","4","us","adults","do you think...?","cb1","R_8CeQ4u59JooBtI1","2014-06-26 08:50:00",0.0333333333333333,NA,"male",NA,NA,NA,NA,"other","no",NA,NA,2,"practice",1,NA,NA,"is purple",NA,NA,"is green","n",-1.5,NA
"4303","4","us","adults","do you think...?","cb1","R_8CeQ4u59JooBtI1","2014-06-26 08:50:00",0.0333333333333333,NA,"male",NA,NA,NA,NA,"other","no",NA,NA,2,"practice",2,NA,NA,"is walking around",NA,NA,"has legs","y",1.5,NA
"4304","4","us","adults","do you think...?","cb1","R_8CeQ4u59JooBtI1","2014-06-26 08:50:00",0.0333333333333333,NA,"male",NA,NA,NA,NA,"other","no",NA,NA,2,"practice",3,NA,NA,"is made out of paper",NA,NA,"might rip sometime","y",0.5,NA
"4305","4","us","adults","do you think...?","cb1","R_8CeQ4u59JooBtI1","2014-06-26 08:50:00",0.0333333333333333,NA,"male",NA,NA,NA,NA,"other","no",NA,NA,2,"test",4,"per","vision","can see what the box looks like","aut","noise","can make noises all by itself","y",0.5,NA
"4306","4","us","adults","do you think...?","cb1","R_8CeQ4u59JooBtI1","2014-06-26 08:50:00",0.0333333333333333,NA,"male",NA,NA,NA,NA,"other","no",NA,NA,2,"test",5,"phy","glass_clay","is made out of clay","phy","metal_plastic","is made out of plastic","n",-1.5,NA
"4307","4","us","adults","do you think...?","cb1","R_8CeQ4u59JooBtI1","2014-06-26 08:50:00",0.0333333333333333,NA,"male",NA,NA,NA,NA,"other","no",NA,NA,2,"test",6,"aut","movement","is moving itself from one side of the box to the other","per","hearing","can hear me","y",0.5,NA
"4308","4","us","adults","do you think...?","cb1","R_8CeQ4u59JooBtI1","2014-06-26 08:50:00",0.0333333333333333,NA,"male",NA,NA,NA,NA,"other","no",NA,NA,2,"test",7,"aff","negative","is in a bad mood right now","aff","positive","can be in a good mood sometimes","y",0.5,NA
"4309","4","us","adults","do you think...?","cb1","R_8CeQ4u59JooBtI1","2014-06-26 08:50:00",0.0333333333333333,NA,"male",NA,NA,NA,NA,"other","no",NA,NA,2,"test",8,"aut","noise","is making sounds on its own","phy","glass_clay","is made out of glass","n",-0.5,NA
"4310","4","us","adults","do you think...?","cb1","R_8CeQ4u59JooBtI1","2014-06-26 08:50:00",0.0333333333333333,NA,"male",NA,NA,NA,NA,"other","no",NA,NA,2,"test",9,"per","hearing","can hear what's going on around it","aff","negative","can feel sad sometimes","n",-0.5,NA
"4311","4","us","adults","do you think...?","cb1","R_8CeQ4u59JooBtI1","2014-06-26 08:50:00",0.0333333333333333,NA,"male",NA,NA,NA,NA,"other","no",NA,NA,2,"test",10,"aff","positive","feels happy right now","aut","movement","can move itself around the box","n",-0.5,NA
"4312","4","us","adults","do you think...?","cb1","R_8CeQ4u59JooBtI1","2014-06-26 08:50:00",0.0333333333333333,NA,"male",NA,NA,NA,NA,"other","no",NA,NA,2,"test",11,"phy","metal_plastic","is made out of metal","per","vision","can see me","n",-0.5,NA
"4313","4","us","adults","do you think...?","cb1","R_cJ8BHzboHcnIKln","2014-06-26 10:19:00",0.0833333333333333,NA,"female",NA,NA,NA,NA,NA,"no",NA,NA,2,"practice",1,NA,NA,"is purple",NA,NA,"is green","n",-1.5,NA
"4314","4","us","adults","do you think...?","cb1","R_cJ8BHzboHcnIKln","2014-06-26 10:19:00",0.0833333333333333,NA,"female",NA,NA,NA,NA,NA,"no",NA,NA,2,"practice",2,NA,NA,"is walking around",NA,NA,"has legs","y",1.5,NA
"4315","4","us","adults","do you think...?","cb1","R_cJ8BHzboHcnIKln","2014-06-26 10:19:00",0.0833333333333333,NA,"female",NA,NA,NA,NA,NA,"no",NA,NA,2,"practice",3,NA,NA,"is made out of paper",NA,NA,"might rip sometime","y",0.5,NA
"4316","4","us","adults","do you think...?","cb1","R_cJ8BHzboHcnIKln","2014-06-26 10:19:00",0.0833333333333333,NA,"female",NA,NA,NA,NA,NA,"no",NA,NA,2,"test",4,"per","vision","can see what the box looks like","aut","noise","can make noises all by itself","y",0.5,NA
"4317","4","us","adults","do you think...?","cb1","R_cJ8BHzboHcnIKln","2014-06-26 10:19:00",0.0833333333333333,NA,"female",NA,NA,NA,NA,NA,"no",NA,NA,2,"test",5,"phy","glass_clay","is made out of clay","phy","metal_plastic","is made out of plastic","n",-1.5,NA
"4318","4","us","adults","do you think...?","cb1","R_cJ8BHzboHcnIKln","2014-06-26 10:19:00",0.0833333333333333,NA,"female",NA,NA,NA,NA,NA,"no",NA,NA,2,"test",6,"aut","movement","is moving itself from one side of the box to the other","per","hearing","can hear me","y",0.5,NA
"4319","4","us","adults","do you think...?","cb1","R_cJ8BHzboHcnIKln","2014-06-26 10:19:00",0.0833333333333333,NA,"female",NA,NA,NA,NA,NA,"no",NA,NA,2,"test",7,"aff","negative","is in a bad mood right now","aff","positive","can be in a good mood sometimes","y",1.5,NA
"4320","4","us","adults","do you think...?","cb1","R_cJ8BHzboHcnIKln","2014-06-26 10:19:00",0.0833333333333333,NA,"female",NA,NA,NA,NA,NA,"no",NA,NA,2,"test",8,"aut","noise","is making sounds on its own","phy","glass_clay","is made out of glass","n",-1.5,NA
"4321","4","us","adults","do you think...?","cb1","R_cJ8BHzboHcnIKln","2014-06-26 10:19:00",0.0833333333333333,NA,"female",NA,NA,NA,NA,NA,"no",NA,NA,2,"test",9,"per","hearing","can hear what's going on around it","aff","negative","can feel sad sometimes","y",0.5,NA
"4322","4","us","adults","do you think...?","cb1","R_cJ8BHzboHcnIKln","2014-06-26 10:19:00",0.0833333333333333,NA,"female",NA,NA,NA,NA,NA,"no",NA,NA,2,"test",10,"aff","positive","feels happy right now","aut","movement","can move itself around the box","y",0.5,NA
"4323","4","us","adults","do you think...?","cb1","R_cJ8BHzboHcnIKln","2014-06-26 10:19:00",0.0833333333333333,NA,"female",NA,NA,NA,NA,NA,"no",NA,NA,2,"test",11,"phy","metal_plastic","is made out of metal","per","vision","can see me","n",-1.5,NA
"4324","4","us","adults","do you think...?","cb1","R_cTkbEV0yReeevnT","2014-06-26 16:12:00",0.0166666666666667,NA,"male",NA,NA,NA,NA,"non-religious","no",NA,NA,2,"practice",1,NA,NA,"is purple",NA,NA,"is green","n",-1.5,NA
"4325","4","us","adults","do you think...?","cb1","R_cTkbEV0yReeevnT","2014-06-26 16:12:00",0.0166666666666667,NA,"male",NA,NA,NA,NA,"non-religious","no",NA,NA,2,"practice",2,NA,NA,"is walking around",NA,NA,"has legs","y",0.5,NA
"4326","4","us","adults","do you think...?","cb1","R_cTkbEV0yReeevnT","2014-06-26 16:12:00",0.0166666666666667,NA,"male",NA,NA,NA,NA,"non-religious","no",NA,NA,2,"practice",3,NA,NA,"is made out of paper",NA,NA,"might rip sometime","y",1.5,NA
"4327","4","us","adults","do you think...?","cb1","R_cTkbEV0yReeevnT","2014-06-26 16:12:00",0.0166666666666667,NA,"male",NA,NA,NA,NA,"non-religious","no",NA,NA,2,"test",4,"per","vision","can see what the box looks like","aut","noise","can make noises all by itself","n",-1.5,NA
"4328","4","us","adults","do you think...?","cb1","R_cTkbEV0yReeevnT","2014-06-26 16:12:00",0.0166666666666667,NA,"male",NA,NA,NA,NA,"non-religious","no",NA,NA,2,"test",5,"phy","glass_clay","is made out of clay","phy","metal_plastic","is made out of plastic","n",-1.5,NA
"4329","4","us","adults","do you think...?","cb1","R_cTkbEV0yReeevnT","2014-06-26 16:12:00",0.0166666666666667,NA,"male",NA,NA,NA,NA,"non-religious","no",NA,NA,2,"test",6,"aut","movement","is moving itself from one side of the box to the other","per","hearing","can hear me","y",0.5,NA
"4330","4","us","adults","do you think...?","cb1","R_cTkbEV0yReeevnT","2014-06-26 16:12:00",0.0166666666666667,NA,"male",NA,NA,NA,NA,"non-religious","no",NA,NA,2,"test",7,"aff","negative","is in a bad mood right now","aff","positive","can be in a good mood sometimes","y",1.5,NA
"4331","4","us","adults","do you think...?","cb1","R_cTkbEV0yReeevnT","2014-06-26 16:12:00",0.0166666666666667,NA,"male",NA,NA,NA,NA,"non-religious","no",NA,NA,2,"test",8,"aut","noise","is making sounds on its own","phy","glass_clay","is made out of glass","n",-1.5,NA
"4332","4","us","adults","do you think...?","cb1","R_cTkbEV0yReeevnT","2014-06-26 16:12:00",0.0166666666666667,NA,"male",NA,NA,NA,NA,"non-religious","no",NA,NA,2,"test",9,"per","hearing","can hear what's going on around it","aff","negative","can feel sad sometimes","y",0.5,NA
"4333","4","us","adults","do you think...?","cb1","R_cTkbEV0yReeevnT","2014-06-26 16:12:00",0.0166666666666667,NA,"male",NA,NA,NA,NA,"non-religious","no",NA,NA,2,"test",10,"aff","positive","feels happy right now","aut","movement","can move itself around the box","y",0.5,NA
"4334","4","us","adults","do you think...?","cb1","R_cTkbEV0yReeevnT","2014-06-26 16:12:00",0.0166666666666667,NA,"male",NA,NA,NA,NA,"non-religious","no",NA,NA,2,"test",11,"phy","metal_plastic","is made out of metal","per","vision","can see me","n",-1.5,NA
"4335","4","us","adults","do you think...?","cb1","R_eQdr08YN6LX1p4h","2014-06-26 18:54:00",0.05,NA,"male",NA,NA,NA,NA,"non-religious","no",NA,NA,2,"practice",1,NA,NA,"is purple",NA,NA,"is green","n",-1.5,NA
"4336","4","us","adults","do you think...?","cb1","R_eQdr08YN6LX1p4h","2014-06-26 18:54:00",0.05,NA,"male",NA,NA,NA,NA,"non-religious","no",NA,NA,2,"practice",2,NA,NA,"is walking around",NA,NA,"has legs","y",1.5,NA
"4337","4","us","adults","do you think...?","cb1","R_eQdr08YN6LX1p4h","2014-06-26 18:54:00",0.05,NA,"male",NA,NA,NA,NA,"non-religious","no",NA,NA,2,"practice",3,NA,NA,"is made out of paper",NA,NA,"might rip sometime","y",1.5,NA
"4338","4","us","adults","do you think...?","cb1","R_eQdr08YN6LX1p4h","2014-06-26 18:54:00",0.05,NA,"male",NA,NA,NA,NA,"non-religious","no",NA,NA,2,"test",4,"per","vision","can see what the box looks like","aut","noise","can make noises all by itself","y",1.5,NA
"4339","4","us","adults","do you think...?","cb1","R_eQdr08YN6LX1p4h","2014-06-26 18:54:00",0.05,NA,"male",NA,NA,NA,NA,"non-religious","no",NA,NA,2,"test",5,"phy","glass_clay","is made out of clay","phy","metal_plastic","is made out of plastic","n",-1.5,NA
"4340","4","us","adults","do you think...?","cb1","R_eQdr08YN6LX1p4h","2014-06-26 18:54:00",0.05,NA,"male",NA,NA,NA,NA,"non-religious","no",NA,NA,2,"test",6,"aut","movement","is moving itself from one side of the box to the other","per","hearing","can hear me","y",0.5,NA
"4341","4","us","adults","do you think...?","cb1","R_eQdr08YN6LX1p4h","2014-06-26 18:54:00",0.05,NA,"male",NA,NA,NA,NA,"non-religious","no",NA,NA,2,"test",7,"aff","negative","is in a bad mood right now","aff","positive","can be in a good mood sometimes","y",0.5,NA
"4342","4","us","adults","do you think...?","cb1","R_eQdr08YN6LX1p4h","2014-06-26 18:54:00",0.05,NA,"male",NA,NA,NA,NA,"non-religious","no",NA,NA,2,"test",8,"aut","noise","is making sounds on its own","phy","glass_clay","is made out of glass","n",-0.5,NA
"4343","4","us","adults","do you think...?","cb1","R_eQdr08YN6LX1p4h","2014-06-26 18:54:00",0.05,NA,"male",NA,NA,NA,NA,"non-religious","no",NA,NA,2,"test",9,"per","hearing","can hear what's going on around it","aff","negative","can feel sad sometimes","y",0.5,NA
"4344","4","us","adults","do you think...?","cb1","R_eQdr08YN6LX1p4h","2014-06-26 18:54:00",0.05,NA,"male",NA,NA,NA,NA,"non-religious","no",NA,NA,2,"test",10,"aff","positive","feels happy right now","aut","movement","can move itself around the box","y",1.5,NA
"4345","4","us","adults","do you think...?","cb1","R_eQdr08YN6LX1p4h","2014-06-26 18:54:00",0.05,NA,"male",NA,NA,NA,NA,"non-religious","no",NA,NA,2,"test",11,"phy","metal_plastic","is made out of metal","per","vision","can see me","n",-1.5,NA
"4346","4","us","adults","do you think...?","cb1","R_eQg0vilk13u9Tk9","2014-06-25 18:11:00",0.0666666666666667,NA,NA,NA,NA,NA,NA,NA,"no",NA,NA,2,"practice",1,NA,NA,"is purple",NA,NA,"is green","n",-1.5,NA
"4347","4","us","adults","do you think...?","cb1","R_eQg0vilk13u9Tk9","2014-06-25 18:11:00",0.0666666666666667,NA,NA,NA,NA,NA,NA,NA,"no",NA,NA,2,"practice",2,NA,NA,"is walking around",NA,NA,"has legs","y",1.5,NA
"4348","4","us","adults","do you think...?","cb1","R_eQg0vilk13u9Tk9","2014-06-25 18:11:00",0.0666666666666667,NA,NA,NA,NA,NA,NA,NA,"no",NA,NA,2,"practice",3,NA,NA,"is made out of paper",NA,NA,"might rip sometime","y",1.5,NA
"4349","4","us","adults","do you think...?","cb1","R_eQg0vilk13u9Tk9","2014-06-25 18:11:00",0.0666666666666667,NA,NA,NA,NA,NA,NA,NA,"no",NA,NA,2,"test",4,"per","vision","can see what the box looks like","aut","noise","can make noises all by itself","y",0.5,NA
"4350","4","us","adults","do you think...?","cb1","R_eQg0vilk13u9Tk9","2014-06-25 18:11:00",0.0666666666666667,NA,NA,NA,NA,NA,NA,NA,"no",NA,NA,2,"test",5,"phy","glass_clay","is made out of clay","phy","metal_plastic","is made out of plastic","n",-1.5,NA
"4351","4","us","adults","do you think...?","cb1","R_eQg0vilk13u9Tk9","2014-06-25 18:11:00",0.0666666666666667,NA,NA,NA,NA,NA,NA,NA,"no",NA,NA,2,"test",6,"aut","movement","is moving itself from one side of the box to the other","per","hearing","can hear me","y",0.5,NA
"4352","4","us","adults","do you think...?","cb1","R_eQg0vilk13u9Tk9","2014-06-25 18:11:00",0.0666666666666667,NA,NA,NA,NA,NA,NA,NA,"no",NA,NA,2,"test",7,"aff","negative","is in a bad mood right now","aff","positive","can be in a good mood sometimes","y",1.5,NA
"4353","4","us","adults","do you think...?","cb1","R_eQg0vilk13u9Tk9","2014-06-25 18:11:00",0.0666666666666667,NA,NA,NA,NA,NA,NA,NA,"no",NA,NA,2,"test",8,"aut","noise","is making sounds on its own","phy","glass_clay","is made out of glass","n",-1.5,NA
"4354","4","us","adults","do you think...?","cb1","R_eQg0vilk13u9Tk9","2014-06-25 18:11:00",0.0666666666666667,NA,NA,NA,NA,NA,NA,NA,"no",NA,NA,2,"test",9,"per","hearing","can hear what's going on around it","aff","negative","can feel sad sometimes","y",0.5,NA
"4355","4","us","adults","do you think...?","cb1","R_eQg0vilk13u9Tk9","2014-06-25 18:11:00",0.0666666666666667,NA,NA,NA,NA,NA,NA,NA,"no",NA,NA,2,"test",10,"aff","positive","feels happy right now","aut","movement","can move itself around the box","y",0.5,NA
"4356","4","us","adults","do you think...?","cb1","R_eQg0vilk13u9Tk9","2014-06-25 18:11:00",0.0666666666666667,NA,NA,NA,NA,NA,NA,NA,"no",NA,NA,2,"test",11,"phy","metal_plastic","is made out of metal","per","vision","can see me","n",-0.5,NA
"4357","4","us","adults","do you think...?","cb1","R_0SMAEVLmll4bw0J","2014-06-26 09:55:00",0.0666666666666667,NA,"female",NA,NA,NA,NA,"other","no",NA,NA,3,"practice",1,NA,NA,"is purple",NA,NA,"is green","n",-0.5,NA
"4358","4","us","adults","do you think...?","cb1","R_0SMAEVLmll4bw0J","2014-06-26 09:55:00",0.0666666666666667,NA,"female",NA,NA,NA,NA,"other","no",NA,NA,3,"practice",2,NA,NA,"is walking around",NA,NA,"has legs","y",1.5,NA
"4359","4","us","adults","do you think...?","cb1","R_0SMAEVLmll4bw0J","2014-06-26 09:55:00",0.0666666666666667,NA,"female",NA,NA,NA,NA,"other","no",NA,NA,3,"practice",3,NA,NA,"is made out of paper",NA,NA,"might rip sometime","y",0.5,NA
"4360","4","us","adults","do you think...?","cb1","R_0SMAEVLmll4bw0J","2014-06-26 09:55:00",0.0666666666666667,NA,"female",NA,NA,NA,NA,"other","no",NA,NA,3,"test",4,"aff","negative","feels sad right now","per","vision","can see what the box looks like","y",0.5,NA
"4361","4","us","adults","do you think...?","cb1","R_0SMAEVLmll4bw0J","2014-06-26 09:55:00",0.0666666666666667,NA,"female",NA,NA,NA,NA,"other","no",NA,NA,3,"test",5,"per","hearing","can hear what's going on around it","phy","glass_clay","is made out of glass","n",-1.5,NA
"4362","4","us","adults","do you think...?","cb1","R_0SMAEVLmll4bw0J","2014-06-26 09:55:00",0.0666666666666667,NA,"female",NA,NA,NA,NA,"other","no",NA,NA,3,"test",6,"phy","metal_plastic","is made out of plastic","aff","negative","can be in a bad mood sometimes","n",-1.5,NA
"4363","4","us","adults","do you think...?","cb1","R_0SMAEVLmll4bw0J","2014-06-26 09:55:00",0.0666666666666667,NA,"female",NA,NA,NA,NA,"other","no",NA,NA,3,"test",7,"aut","noise","is making noises all by itself","aut","movement","can move itself around the box","y",0.5,NA
"4364","4","us","adults","do you think...?","cb1","R_0SMAEVLmll4bw0J","2014-06-26 09:55:00",0.0666666666666667,NA,"female",NA,NA,NA,NA,"other","no",NA,NA,3,"test",8,"aff","positive","is in a good mood right now","phy","metal_plastic","is made out of metal","n",-1.5,NA
"4365","4","us","adults","do you think...?","cb1","R_0SMAEVLmll4bw0J","2014-06-26 09:55:00",0.0666666666666667,NA,"female",NA,NA,NA,NA,"other","no",NA,NA,3,"test",9,"per","vision","can see me","per","hearing","can hear me","y",0.5,NA
"4366","4","us","adults","do you think...?","cb1","R_0SMAEVLmll4bw0J","2014-06-26 09:55:00",0.0666666666666667,NA,"female",NA,NA,NA,NA,"other","no",NA,NA,3,"test",10,"phy","glass_clay","is made out of clay","aut","noise","can make sounds on its own","n",-1.5,NA
"4367","4","us","adults","do you think...?","cb1","R_0SMAEVLmll4bw0J","2014-06-26 09:55:00",0.0666666666666667,NA,"female",NA,NA,NA,NA,"other","no",NA,NA,3,"test",11,"aut","movement","is moving itself from one side of the box to the other","aff","positive","can feel happy sometimes","y",0.5,NA
"4368","4","us","adults","do you think...?","cb1","R_2mfXqkHhuHfCjHv","2014-06-26 19:00:00",0.0166666666666667,NA,"male",NA,NA,NA,NA,"non-religious","no",NA,NA,3,"practice",1,NA,NA,"is purple",NA,NA,"is green","n",-1.5,NA
"4369","4","us","adults","do you think...?","cb1","R_2mfXqkHhuHfCjHv","2014-06-26 19:00:00",0.0166666666666667,NA,"male",NA,NA,NA,NA,"non-religious","no",NA,NA,3,"practice",2,NA,NA,"is walking around",NA,NA,"has legs","y",1.5,NA
"4370","4","us","adults","do you think...?","cb1","R_2mfXqkHhuHfCjHv","2014-06-26 19:00:00",0.0166666666666667,NA,"male",NA,NA,NA,NA,"non-religious","no",NA,NA,3,"practice",3,NA,NA,"is made out of paper",NA,NA,"might rip sometime","y",0.5,NA
"4371","4","us","adults","do you think...?","cb1","R_2mfXqkHhuHfCjHv","2014-06-26 19:00:00",0.0166666666666667,NA,"male",NA,NA,NA,NA,"non-religious","no",NA,NA,3,"test",4,"aff","negative","feels sad right now","per","vision","can see what the box looks like","y",1.5,NA
"4372","4","us","adults","do you think...?","cb1","R_2mfXqkHhuHfCjHv","2014-06-26 19:00:00",0.0166666666666667,NA,"male",NA,NA,NA,NA,"non-religious","no",NA,NA,3,"test",5,"per","hearing","can hear what's going on around it","phy","glass_clay","is made out of glass","n",-1.5,NA
"4373","4","us","adults","do you think...?","cb1","R_2mfXqkHhuHfCjHv","2014-06-26 19:00:00",0.0166666666666667,NA,"male",NA,NA,NA,NA,"non-religious","no",NA,NA,3,"test",6,"phy","metal_plastic","is made out of plastic","aff","negative","can be in a bad mood sometimes","n",-1.5,NA
"4374","4","us","adults","do you think...?","cb1","R_2mfXqkHhuHfCjHv","2014-06-26 19:00:00",0.0166666666666667,NA,"male",NA,NA,NA,NA,"non-religious","no",NA,NA,3,"test",7,"aut","noise","is making noises all by itself","aut","movement","can move itself around the box","y",0.5,NA
"4375","4","us","adults","do you think...?","cb1","R_2mfXqkHhuHfCjHv","2014-06-26 19:00:00",0.0166666666666667,NA,"male",NA,NA,NA,NA,"non-religious","no",NA,NA,3,"test",8,"aff","positive","is in a good mood right now","phy","metal_plastic","is made out of metal","n",-1.5,NA
"4376","4","us","adults","do you think...?","cb1","R_2mfXqkHhuHfCjHv","2014-06-26 19:00:00",0.0166666666666667,NA,"male",NA,NA,NA,NA,"non-religious","no",NA,NA,3,"test",9,"per","vision","can see me","per","hearing","can hear me","y",1.5,NA
"4377","4","us","adults","do you think...?","cb1","R_2mfXqkHhuHfCjHv","2014-06-26 19:00:00",0.0166666666666667,NA,"male",NA,NA,NA,NA,"non-religious","no",NA,NA,3,"test",10,"phy","glass_clay","is made out of clay","aut","noise","can make sounds on its own","n",-1.5,NA
"4378","4","us","adults","do you think...?","cb1","R_2mfXqkHhuHfCjHv","2014-06-26 19:00:00",0.0166666666666667,NA,"male",NA,NA,NA,NA,"non-religious","no",NA,NA,3,"test",11,"aut","movement","is moving itself from one side of the box to the other","aff","positive","can feel happy sometimes","y",1.5,NA
"4379","4","us","adults","do you think...?","cb1","R_3E6jVGesshMhpPv","2014-06-26 10:42:00",0.05,NA,"male",NA,NA,NA,NA,"christianity","no","Great",NA,3,"practice",1,NA,NA,"is purple",NA,NA,"is green","n",-0.5,NA
"4380","4","us","adults","do you think...?","cb1","R_3E6jVGesshMhpPv","2014-06-26 10:42:00",0.05,NA,"male",NA,NA,NA,NA,"christianity","no","Great",NA,3,"practice",2,NA,NA,"is walking around",NA,NA,"has legs","y",0.5,NA
"4381","4","us","adults","do you think...?","cb1","R_3E6jVGesshMhpPv","2014-06-26 10:42:00",0.05,NA,"male",NA,NA,NA,NA,"christianity","no","Great",NA,3,"practice",3,NA,NA,"is made out of paper",NA,NA,"might rip sometime","n",-0.5,NA
"4382","4","us","adults","do you think...?","cb1","R_3E6jVGesshMhpPv","2014-06-26 10:42:00",0.05,NA,"male",NA,NA,NA,NA,"christianity","no","Great",NA,3,"test",4,"aff","negative","feels sad right now","per","vision","can see what the box looks like","y",0.5,NA
"4383","4","us","adults","do you think...?","cb1","R_3E6jVGesshMhpPv","2014-06-26 10:42:00",0.05,NA,"male",NA,NA,NA,NA,"christianity","no","Great",NA,3,"test",5,"per","hearing","can hear what's going on around it","phy","glass_clay","is made out of glass","n",-0.5,NA
"4384","4","us","adults","do you think...?","cb1","R_3E6jVGesshMhpPv","2014-06-26 10:42:00",0.05,NA,"male",NA,NA,NA,NA,"christianity","no","Great",NA,3,"test",6,"phy","metal_plastic","is made out of plastic","aff","negative","can be in a bad mood sometimes","y",0.5,NA
"4385","4","us","adults","do you think...?","cb1","R_3E6jVGesshMhpPv","2014-06-26 10:42:00",0.05,NA,"male",NA,NA,NA,NA,"christianity","no","Great",NA,3,"test",7,"aut","noise","is making noises all by itself","aut","movement","can move itself around the box","n",-0.5,NA
"4386","4","us","adults","do you think...?","cb1","R_3E6jVGesshMhpPv","2014-06-26 10:42:00",0.05,NA,"male",NA,NA,NA,NA,"christianity","no","Great",NA,3,"test",8,"aff","positive","is in a good mood right now","phy","metal_plastic","is made out of metal","y",0.5,NA
"4387","4","us","adults","do you think...?","cb1","R_3E6jVGesshMhpPv","2014-06-26 10:42:00",0.05,NA,"male",NA,NA,NA,NA,"christianity","no","Great",NA,3,"test",9,"per","vision","can see me","per","hearing","can hear me","n",-0.5,NA
"4388","4","us","adults","do you think...?","cb1","R_3E6jVGesshMhpPv","2014-06-26 10:42:00",0.05,NA,"male",NA,NA,NA,NA,"christianity","no","Great",NA,3,"test",10,"phy","glass_clay","is made out of clay","aut","noise","can make sounds on its own","y",0.5,NA
"4389","4","us","adults","do you think...?","cb1","R_3E6jVGesshMhpPv","2014-06-26 10:42:00",0.05,NA,"male",NA,NA,NA,NA,"christianity","no","Great",NA,3,"test",11,"aut","movement","is moving itself from one side of the box to the other","aff","positive","can feel happy sometimes","y",0.5,NA
"4390","4","us","adults","do you think...?","cb1","R_4ZLzUlofZ7Pn4nX","2014-06-26 18:11:00",0.0333333333333333,NA,"female",NA,NA,NA,NA,"non-religious","no",NA,NA,3,"practice",1,NA,NA,"is purple",NA,NA,"is green","n",-1.5,NA
"4391","4","us","adults","do you think...?","cb1","R_4ZLzUlofZ7Pn4nX","2014-06-26 18:11:00",0.0333333333333333,NA,"female",NA,NA,NA,NA,"non-religious","no",NA,NA,3,"practice",2,NA,NA,"is walking around",NA,NA,"has legs","n",-1.5,NA
"4392","4","us","adults","do you think...?","cb1","R_4ZLzUlofZ7Pn4nX","2014-06-26 18:11:00",0.0333333333333333,NA,"female",NA,NA,NA,NA,"non-religious","no",NA,NA,3,"practice",3,NA,NA,"is made out of paper",NA,NA,"might rip sometime","y",1.5,NA
"4393","4","us","adults","do you think...?","cb1","R_4ZLzUlofZ7Pn4nX","2014-06-26 18:11:00",0.0333333333333333,NA,"female",NA,NA,NA,NA,"non-religious","no",NA,NA,3,"test",4,"aff","negative","feels sad right now","per","vision","can see what the box looks like","n",-0.5,NA
"4394","4","us","adults","do you think...?","cb1","R_4ZLzUlofZ7Pn4nX","2014-06-26 18:11:00",0.0333333333333333,NA,"female",NA,NA,NA,NA,"non-religious","no",NA,NA,3,"test",5,"per","hearing","can hear what's going on around it","phy","glass_clay","is made out of glass","n",-1.5,NA
"4395","4","us","adults","do you think...?","cb1","R_4ZLzUlofZ7Pn4nX","2014-06-26 18:11:00",0.0333333333333333,NA,"female",NA,NA,NA,NA,"non-religious","no",NA,NA,3,"test",6,"phy","metal_plastic","is made out of plastic","aff","negative","can be in a bad mood sometimes","n",-1.5,NA
"4396","4","us","adults","do you think...?","cb1","R_4ZLzUlofZ7Pn4nX","2014-06-26 18:11:00",0.0333333333333333,NA,"female",NA,NA,NA,NA,"non-religious","no",NA,NA,3,"test",7,"aut","noise","is making noises all by itself","aut","movement","can move itself around the box","y",1.5,NA
"4397","4","us","adults","do you think...?","cb1","R_4ZLzUlofZ7Pn4nX","2014-06-26 18:11:00",0.0333333333333333,NA,"female",NA,NA,NA,NA,"non-religious","no",NA,NA,3,"test",8,"aff","positive","is in a good mood right now","phy","metal_plastic","is made out of metal","n",-1.5,NA
"4398","4","us","adults","do you think...?","cb1","R_4ZLzUlofZ7Pn4nX","2014-06-26 18:11:00",0.0333333333333333,NA,"female",NA,NA,NA,NA,"non-religious","no",NA,NA,3,"test",9,"per","vision","can see me","per","hearing","can hear me","y",1.5,NA
"4399","4","us","adults","do you think...?","cb1","R_4ZLzUlofZ7Pn4nX","2014-06-26 18:11:00",0.0333333333333333,NA,"female",NA,NA,NA,NA,"non-religious","no",NA,NA,3,"test",10,"phy","glass_clay","is made out of clay","aut","noise","can make sounds on its own","n",-1.5,NA
"4400","4","us","adults","do you think...?","cb1","R_4ZLzUlofZ7Pn4nX","2014-06-26 18:11:00",0.0333333333333333,NA,"female",NA,NA,NA,NA,"non-religious","no",NA,NA,3,"test",11,"aut","movement","is moving itself from one side of the box to the other","aff","positive","can feel happy sometimes","y",1.5,NA
"4401","4","us","adults","do you think...?","cb1","R_54j20JHVwTJmZz7","2014-06-26 15:14:00",0.0333333333333333,NA,"female",NA,NA,NA,NA,"non-religious","no",NA,NA,3,"practice",1,NA,NA,"is purple",NA,NA,"is green","n",-1.5,NA
"4402","4","us","adults","do you think...?","cb1","R_54j20JHVwTJmZz7","2014-06-26 15:14:00",0.0333333333333333,NA,"female",NA,NA,NA,NA,"non-religious","no",NA,NA,3,"practice",2,NA,NA,"is walking around",NA,NA,"has legs","n",-1.5,NA
"4403","4","us","adults","do you think...?","cb1","R_54j20JHVwTJmZz7","2014-06-26 15:14:00",0.0333333333333333,NA,"female",NA,NA,NA,NA,"non-religious","no",NA,NA,3,"practice",3,NA,NA,"is made out of paper",NA,NA,"might rip sometime","y",0.5,NA
"4404","4","us","adults","do you think...?","cb1","R_54j20JHVwTJmZz7","2014-06-26 15:14:00",0.0333333333333333,NA,"female",NA,NA,NA,NA,"non-religious","no",NA,NA,3,"test",4,"aff","negative","feels sad right now","per","vision","can see what the box looks like","n",-0.5,NA
"4405","4","us","adults","do you think...?","cb1","R_54j20JHVwTJmZz7","2014-06-26 15:14:00",0.0333333333333333,NA,"female",NA,NA,NA,NA,"non-religious","no",NA,NA,3,"test",5,"per","hearing","can hear what's going on around it","phy","glass_clay","is made out of glass","n",-0.5,NA
"4406","4","us","adults","do you think...?","cb1","R_54j20JHVwTJmZz7","2014-06-26 15:14:00",0.0333333333333333,NA,"female",NA,NA,NA,NA,"non-religious","no",NA,NA,3,"test",6,"phy","metal_plastic","is made out of plastic","aff","negative","can be in a bad mood sometimes","y",0.5,NA
"4407","4","us","adults","do you think...?","cb1","R_54j20JHVwTJmZz7","2014-06-26 15:14:00",0.0333333333333333,NA,"female",NA,NA,NA,NA,"non-religious","no",NA,NA,3,"test",7,"aut","noise","is making noises all by itself","aut","movement","can move itself around the box","y",1.5,NA
"4408","4","us","adults","do you think...?","cb1","R_54j20JHVwTJmZz7","2014-06-26 15:14:00",0.0333333333333333,NA,"female",NA,NA,NA,NA,"non-religious","no",NA,NA,3,"test",8,"aff","positive","is in a good mood right now","phy","metal_plastic","is made out of metal","n",-0.5,NA
"4409","4","us","adults","do you think...?","cb1","R_54j20JHVwTJmZz7","2014-06-26 15:14:00",0.0333333333333333,NA,"female",NA,NA,NA,NA,"non-religious","no",NA,NA,3,"test",9,"per","vision","can see me","per","hearing","can hear me","y",0.5,NA
"4410","4","us","adults","do you think...?","cb1","R_54j20JHVwTJmZz7","2014-06-26 15:14:00",0.0333333333333333,NA,"female",NA,NA,NA,NA,"non-religious","no",NA,NA,3,"test",10,"phy","glass_clay","is made out of clay","aut","noise","can make sounds on its own","n",-0.5,NA
"4411","4","us","adults","do you think...?","cb1","R_54j20JHVwTJmZz7","2014-06-26 15:14:00",0.0333333333333333,NA,"female",NA,NA,NA,NA,"non-religious","no",NA,NA,3,"test",11,"aut","movement","is moving itself from one side of the box to the other","aff","positive","can feel happy sometimes","y",0.5,NA
"4412","4","us","adults","do you think...?","cb1","R_56g6P7nKCBd2J3D","2014-06-25 18:14:00",0.05,NA,NA,NA,NA,NA,NA,NA,"no","None, thank you. It was fun!",NA,3,"practice",1,NA,NA,"is purple",NA,NA,"is green","n",-1.5,NA
"4413","4","us","adults","do you think...?","cb1","R_56g6P7nKCBd2J3D","2014-06-25 18:14:00",0.05,NA,NA,NA,NA,NA,NA,NA,"no","None, thank you. It was fun!",NA,3,"practice",2,NA,NA,"is walking around",NA,NA,"has legs","y",1.5,NA
"4414","4","us","adults","do you think...?","cb1","R_56g6P7nKCBd2J3D","2014-06-25 18:14:00",0.05,NA,NA,NA,NA,NA,NA,NA,"no","None, thank you. It was fun!",NA,3,"practice",3,NA,NA,"is made out of paper",NA,NA,"might rip sometime","y",0.5,NA
"4415","4","us","adults","do you think...?","cb1","R_56g6P7nKCBd2J3D","2014-06-25 18:14:00",0.05,NA,NA,NA,NA,NA,NA,NA,"no","None, thank you. It was fun!",NA,3,"test",4,"aff","negative","feels sad right now","per","vision","can see what the box looks like","n",-0.5,NA
"4416","4","us","adults","do you think...?","cb1","R_56g6P7nKCBd2J3D","2014-06-25 18:14:00",0.05,NA,NA,NA,NA,NA,NA,NA,"no","None, thank you. It was fun!",NA,3,"test",5,"per","hearing","can hear what's going on around it","phy","glass_clay","is made out of glass","n",-1.5,NA
"4417","4","us","adults","do you think...?","cb1","R_56g6P7nKCBd2J3D","2014-06-25 18:14:00",0.05,NA,NA,NA,NA,NA,NA,NA,"no","None, thank you. It was fun!",NA,3,"test",6,"phy","metal_plastic","is made out of plastic","aff","negative","can be in a bad mood sometimes","n",-1.5,NA
"4418","4","us","adults","do you think...?","cb1","R_56g6P7nKCBd2J3D","2014-06-25 18:14:00",0.05,NA,NA,NA,NA,NA,NA,NA,"no","None, thank you. It was fun!",NA,3,"test",7,"aut","noise","is making noises all by itself","aut","movement","can move itself around the box","y",0.5,NA
"4419","4","us","adults","do you think...?","cb1","R_56g6P7nKCBd2J3D","2014-06-25 18:14:00",0.05,NA,NA,NA,NA,NA,NA,NA,"no","None, thank you. It was fun!",NA,3,"test",8,"aff","positive","is in a good mood right now","phy","metal_plastic","is made out of metal","n",-1.5,NA
"4420","4","us","adults","do you think...?","cb1","R_56g6P7nKCBd2J3D","2014-06-25 18:14:00",0.05,NA,NA,NA,NA,NA,NA,NA,"no","None, thank you. It was fun!",NA,3,"test",9,"per","vision","can see me","per","hearing","can hear me","y",0.5,NA
"4421","4","us","adults","do you think...?","cb1","R_56g6P7nKCBd2J3D","2014-06-25 18:14:00",0.05,NA,NA,NA,NA,NA,NA,NA,"no","None, thank you. It was fun!",NA,3,"test",10,"phy","glass_clay","is made out of clay","aut","noise","can make sounds on its own","n",-1.5,NA
"4422","4","us","adults","do you think...?","cb1","R_56g6P7nKCBd2J3D","2014-06-25 18:14:00",0.05,NA,NA,NA,NA,NA,NA,NA,"no","None, thank you. It was fun!",NA,3,"test",11,"aut","movement","is moving itself from one side of the box to the other","aff","positive","can feel happy sometimes","y",0.5,NA
"4423","4","us","adults","do you think...?","cb1","R_5nDWcQrROqEVztH","2014-06-26 08:49:00",0.0666666666666667,NA,"male",NA,NA,NA,NA,"other","no",NA,NA,3,"practice",1,NA,NA,"is purple",NA,NA,"is green","n",-1.5,NA
"4424","4","us","adults","do you think...?","cb1","R_5nDWcQrROqEVztH","2014-06-26 08:49:00",0.0666666666666667,NA,"male",NA,NA,NA,NA,"other","no",NA,NA,3,"practice",2,NA,NA,"is walking around",NA,NA,"has legs","y",1.5,NA
"4425","4","us","adults","do you think...?","cb1","R_5nDWcQrROqEVztH","2014-06-26 08:49:00",0.0666666666666667,NA,"male",NA,NA,NA,NA,"other","no",NA,NA,3,"practice",3,NA,NA,"is made out of paper",NA,NA,"might rip sometime","y",0.5,NA
"4426","4","us","adults","do you think...?","cb1","R_5nDWcQrROqEVztH","2014-06-26 08:49:00",0.0666666666666667,NA,"male",NA,NA,NA,NA,"other","no",NA,NA,3,"test",4,"aff","negative","feels sad right now","per","vision","can see what the box looks like","y",1.5,NA
"4427","4","us","adults","do you think...?","cb1","R_5nDWcQrROqEVztH","2014-06-26 08:49:00",0.0666666666666667,NA,"male",NA,NA,NA,NA,"other","no",NA,NA,3,"test",5,"per","hearing","can hear what's going on around it","phy","glass_clay","is made out of glass","n",-1.5,NA
"4428","4","us","adults","do you think...?","cb1","R_5nDWcQrROqEVztH","2014-06-26 08:49:00",0.0666666666666667,NA,"male",NA,NA,NA,NA,"other","no",NA,NA,3,"test",6,"phy","metal_plastic","is made out of plastic","aff","negative","can be in a bad mood sometimes","n",-1.5,NA
"4429","4","us","adults","do you think...?","cb1","R_5nDWcQrROqEVztH","2014-06-26 08:49:00",0.0666666666666667,NA,"male",NA,NA,NA,NA,"other","no",NA,NA,3,"test",7,"aut","noise","is making noises all by itself","aut","movement","can move itself around the box","y",0.5,NA
"4430","4","us","adults","do you think...?","cb1","R_5nDWcQrROqEVztH","2014-06-26 08:49:00",0.0666666666666667,NA,"male",NA,NA,NA,NA,"other","no",NA,NA,3,"test",8,"aff","positive","is in a good mood right now","phy","metal_plastic","is made out of metal","n",-1.5,NA
"4431","4","us","adults","do you think...?","cb1","R_5nDWcQrROqEVztH","2014-06-26 08:49:00",0.0666666666666667,NA,"male",NA,NA,NA,NA,"other","no",NA,NA,3,"test",9,"per","vision","can see me","per","hearing","can hear me","y",0.5,NA
"4432","4","us","adults","do you think...?","cb1","R_5nDWcQrROqEVztH","2014-06-26 08:49:00",0.0666666666666667,NA,"male",NA,NA,NA,NA,"other","no",NA,NA,3,"test",10,"phy","glass_clay","is made out of clay","aut","noise","can make sounds on its own","n",-1.5,NA
"4433","4","us","adults","do you think...?","cb1","R_5nDWcQrROqEVztH","2014-06-26 08:49:00",0.0666666666666667,NA,"male",NA,NA,NA,NA,"other","no",NA,NA,3,"test",11,"aut","movement","is moving itself from one side of the box to the other","aff","positive","can feel happy sometimes","n",-0.5,NA
"4434","4","us","adults","do you think...?","cb1","R_6WroFxiYJsoedWB","2014-06-26 13:38:00",0.116666666666667,NA,"female",NA,NA,NA,NA,"christianity","no","this was very unsual",NA,3,"practice",1,NA,NA,"is purple",NA,NA,"is green","n",-1.5,NA
"4435","4","us","adults","do you think...?","cb1","R_6WroFxiYJsoedWB","2014-06-26 13:38:00",0.116666666666667,NA,"female",NA,NA,NA,NA,"christianity","no","this was very unsual",NA,3,"practice",2,NA,NA,"is walking around",NA,NA,"has legs","y",1.5,NA
"4436","4","us","adults","do you think...?","cb1","R_6WroFxiYJsoedWB","2014-06-26 13:38:00",0.116666666666667,NA,"female",NA,NA,NA,NA,"christianity","no","this was very unsual",NA,3,"practice",3,NA,NA,"is made out of paper",NA,NA,"might rip sometime","y",0.5,NA
"4437","4","us","adults","do you think...?","cb1","R_6WroFxiYJsoedWB","2014-06-26 13:38:00",0.116666666666667,NA,"female",NA,NA,NA,NA,"christianity","no","this was very unsual",NA,3,"test",4,"aff","negative","feels sad right now","per","vision","can see what the box looks like","y",1.5,NA
"4438","4","us","adults","do you think...?","cb1","R_6WroFxiYJsoedWB","2014-06-26 13:38:00",0.116666666666667,NA,"female",NA,NA,NA,NA,"christianity","no","this was very unsual",NA,3,"test",5,"per","hearing","can hear what's going on around it","phy","glass_clay","is made out of glass","n",-1.5,NA
"4439","4","us","adults","do you think...?","cb1","R_6WroFxiYJsoedWB","2014-06-26 13:38:00",0.116666666666667,NA,"female",NA,NA,NA,NA,"christianity","no","this was very unsual",NA,3,"test",6,"phy","metal_plastic","is made out of plastic","aff","negative","can be in a bad mood sometimes","n",-1.5,NA
"4440","4","us","adults","do you think...?","cb1","R_6WroFxiYJsoedWB","2014-06-26 13:38:00",0.116666666666667,NA,"female",NA,NA,NA,NA,"christianity","no","this was very unsual",NA,3,"test",7,"aut","noise","is making noises all by itself","aut","movement","can move itself around the box","y",0.5,NA
"4441","4","us","adults","do you think...?","cb1","R_6WroFxiYJsoedWB","2014-06-26 13:38:00",0.116666666666667,NA,"female",NA,NA,NA,NA,"christianity","no","this was very unsual",NA,3,"test",8,"aff","positive","is in a good mood right now","phy","metal_plastic","is made out of metal","n",-1.5,NA
"4442","4","us","adults","do you think...?","cb1","R_6WroFxiYJsoedWB","2014-06-26 13:38:00",0.116666666666667,NA,"female",NA,NA,NA,NA,"christianity","no","this was very unsual",NA,3,"test",9,"per","vision","can see me","per","hearing","can hear me","y",0.5,NA
"4443","4","us","adults","do you think...?","cb1","R_6WroFxiYJsoedWB","2014-06-26 13:38:00",0.116666666666667,NA,"female",NA,NA,NA,NA,"christianity","no","this was very unsual",NA,3,"test",10,"phy","glass_clay","is made out of clay","aut","noise","can make sounds on its own","n",-1.5,NA
"4444","4","us","adults","do you think...?","cb1","R_6WroFxiYJsoedWB","2014-06-26 13:38:00",0.116666666666667,NA,"female",NA,NA,NA,NA,"christianity","no","this was very unsual",NA,3,"test",11,"aut","movement","is moving itself from one side of the box to the other","aff","positive","can feel happy sometimes","y",1.5,NA
"4445","4","us","adults","do you think...?","cb1","R_aXo5pdPKXJtUdMN","2014-06-26 13:27:00",0.0333333333333333,NA,"female",NA,NA,NA,NA,"non-religious","no",NA,NA,3,"practice",1,NA,NA,"is purple",NA,NA,"is green","n",-1.5,NA
"4446","4","us","adults","do you think...?","cb1","R_aXo5pdPKXJtUdMN","2014-06-26 13:27:00",0.0333333333333333,NA,"female",NA,NA,NA,NA,"non-religious","no",NA,NA,3,"practice",2,NA,NA,"is walking around",NA,NA,"has legs","y",1.5,NA
"4447","4","us","adults","do you think...?","cb1","R_aXo5pdPKXJtUdMN","2014-06-26 13:27:00",0.0333333333333333,NA,"female",NA,NA,NA,NA,"non-religious","no",NA,NA,3,"practice",3,NA,NA,"is made out of paper",NA,NA,"might rip sometime","y",1.5,NA
"4448","4","us","adults","do you think...?","cb1","R_aXo5pdPKXJtUdMN","2014-06-26 13:27:00",0.0333333333333333,NA,"female",NA,NA,NA,NA,"non-religious","no",NA,NA,3,"test",4,"aff","negative","feels sad right now","per","vision","can see what the box looks like","y",1.5,NA
"4449","4","us","adults","do you think...?","cb1","R_aXo5pdPKXJtUdMN","2014-06-26 13:27:00",0.0333333333333333,NA,"female",NA,NA,NA,NA,"non-religious","no",NA,NA,3,"test",5,"per","hearing","can hear what's going on around it","phy","glass_clay","is made out of glass","n",-1.5,NA
"4450","4","us","adults","do you think...?","cb1","R_aXo5pdPKXJtUdMN","2014-06-26 13:27:00",0.0333333333333333,NA,"female",NA,NA,NA,NA,"non-religious","no",NA,NA,3,"test",6,"phy","metal_plastic","is made out of plastic","aff","negative","can be in a bad mood sometimes","n",-1.5,NA
"4451","4","us","adults","do you think...?","cb1","R_aXo5pdPKXJtUdMN","2014-06-26 13:27:00",0.0333333333333333,NA,"female",NA,NA,NA,NA,"non-religious","no",NA,NA,3,"test",7,"aut","noise","is making noises all by itself","aut","movement","can move itself around the box","y",1.5,NA
"4452","4","us","adults","do you think...?","cb1","R_aXo5pdPKXJtUdMN","2014-06-26 13:27:00",0.0333333333333333,NA,"female",NA,NA,NA,NA,"non-religious","no",NA,NA,3,"test",8,"aff","positive","is in a good mood right now","phy","metal_plastic","is made out of metal","n",-1.5,NA
"4453","4","us","adults","do you think...?","cb1","R_aXo5pdPKXJtUdMN","2014-06-26 13:27:00",0.0333333333333333,NA,"female",NA,NA,NA,NA,"non-religious","no",NA,NA,3,"test",9,"per","vision","can see me","per","hearing","can hear me","y",0.5,NA
"4454","4","us","adults","do you think...?","cb1","R_aXo5pdPKXJtUdMN","2014-06-26 13:27:00",0.0333333333333333,NA,"female",NA,NA,NA,NA,"non-religious","no",NA,NA,3,"test",10,"phy","glass_clay","is made out of clay","aut","noise","can make sounds on its own","n",-1.5,NA
"4455","4","us","adults","do you think...?","cb1","R_aXo5pdPKXJtUdMN","2014-06-26 13:27:00",0.0333333333333333,NA,"female",NA,NA,NA,NA,"non-religious","no",NA,NA,3,"test",11,"aut","movement","is moving itself from one side of the box to the other","aff","positive","can feel happy sometimes","y",0.5,NA
"4456","4","us","adults","do you think...?","cb1","R_eEUwIWv4zvVVm4Z","2014-06-26 09:13:00",0.0833333333333333,NA,"male",NA,NA,NA,NA,"buddhism","no","no",NA,3,"practice",1,NA,NA,"is purple",NA,NA,"is green","n",-1.5,NA
"4457","4","us","adults","do you think...?","cb1","R_eEUwIWv4zvVVm4Z","2014-06-26 09:13:00",0.0833333333333333,NA,"male",NA,NA,NA,NA,"buddhism","no","no",NA,3,"practice",2,NA,NA,"is walking around",NA,NA,"has legs","y",1.5,NA
"4458","4","us","adults","do you think...?","cb1","R_eEUwIWv4zvVVm4Z","2014-06-26 09:13:00",0.0833333333333333,NA,"male",NA,NA,NA,NA,"buddhism","no","no",NA,3,"practice",3,NA,NA,"is made out of paper",NA,NA,"might rip sometime","y",0.5,NA
"4459","4","us","adults","do you think...?","cb1","R_eEUwIWv4zvVVm4Z","2014-06-26 09:13:00",0.0833333333333333,NA,"male",NA,NA,NA,NA,"buddhism","no","no",NA,3,"test",4,"aff","negative","feels sad right now","per","vision","can see what the box looks like","y",1.5,NA
"4460","4","us","adults","do you think...?","cb1","R_eEUwIWv4zvVVm4Z","2014-06-26 09:13:00",0.0833333333333333,NA,"male",NA,NA,NA,NA,"buddhism","no","no",NA,3,"test",5,"per","hearing","can hear what's going on around it","phy","glass_clay","is made out of glass","n",-1.5,NA
"4461","4","us","adults","do you think...?","cb1","R_eEUwIWv4zvVVm4Z","2014-06-26 09:13:00",0.0833333333333333,NA,"male",NA,NA,NA,NA,"buddhism","no","no",NA,3,"test",6,"phy","metal_plastic","is made out of plastic","aff","negative","can be in a bad mood sometimes","n",-1.5,NA
"4462","4","us","adults","do you think...?","cb1","R_eEUwIWv4zvVVm4Z","2014-06-26 09:13:00",0.0833333333333333,NA,"male",NA,NA,NA,NA,"buddhism","no","no",NA,3,"test",7,"aut","noise","is making noises all by itself","aut","movement","can move itself around the box","y",1.5,NA
"4463","4","us","adults","do you think...?","cb1","R_eEUwIWv4zvVVm4Z","2014-06-26 09:13:00",0.0833333333333333,NA,"male",NA,NA,NA,NA,"buddhism","no","no",NA,3,"test",8,"aff","positive","is in a good mood right now","phy","metal_plastic","is made out of metal","n",-1.5,NA
"4464","4","us","adults","do you think...?","cb1","R_eEUwIWv4zvVVm4Z","2014-06-26 09:13:00",0.0833333333333333,NA,"male",NA,NA,NA,NA,"buddhism","no","no",NA,3,"test",9,"per","vision","can see me","per","hearing","can hear me","y",1.5,NA
"4465","4","us","adults","do you think...?","cb1","R_eEUwIWv4zvVVm4Z","2014-06-26 09:13:00",0.0833333333333333,NA,"male",NA,NA,NA,NA,"buddhism","no","no",NA,3,"test",10,"phy","glass_clay","is made out of clay","aut","noise","can make sounds on its own","n",-1.5,NA
"4466","4","us","adults","do you think...?","cb1","R_eEUwIWv4zvVVm4Z","2014-06-26 09:13:00",0.0833333333333333,NA,"male",NA,NA,NA,NA,"buddhism","no","no",NA,3,"test",11,"aut","movement","is moving itself from one side of the box to the other","aff","positive","can feel happy sometimes","y",0.5,NA
"4467","4","us","adults","do you think...?","cb1","R_0wC3xOkHkx3HG1n","2014-06-26 08:55:00",0.1,NA,"male",NA,NA,NA,NA,"christianity","no","interesting study. thanks",NA,4,"practice",1,NA,NA,"is purple",NA,NA,"is green","n",-1.5,NA
"4468","4","us","adults","do you think...?","cb1","R_0wC3xOkHkx3HG1n","2014-06-26 08:55:00",0.1,NA,"male",NA,NA,NA,NA,"christianity","no","interesting study. thanks",NA,4,"practice",2,NA,NA,"is walking around",NA,NA,"has legs","y",1.5,NA
"4469","4","us","adults","do you think...?","cb1","R_0wC3xOkHkx3HG1n","2014-06-26 08:55:00",0.1,NA,"male",NA,NA,NA,NA,"christianity","no","interesting study. thanks",NA,4,"practice",3,NA,NA,"is made out of paper",NA,NA,"might rip sometime","y",1.5,NA
"4470","4","us","adults","do you think...?","cb1","R_0wC3xOkHkx3HG1n","2014-06-26 08:55:00",0.1,NA,"male",NA,NA,NA,NA,"christianity","no","interesting study. thanks",NA,4,"test",4,"aut","noise","is making noises all by itself","aff","positive","can be in a good mood sometimes","y",0.5,NA
"4471","4","us","adults","do you think...?","cb1","R_0wC3xOkHkx3HG1n","2014-06-26 08:55:00",0.1,NA,"male",NA,NA,NA,NA,"christianity","no","interesting study. thanks",NA,4,"test",5,"phy","metal_plastic","is made out of metal","aut","movement","can move itself from one side of the box to the other","y",0.5,NA
"4472","4","us","adults","do you think...?","cb1","R_0wC3xOkHkx3HG1n","2014-06-26 08:55:00",0.1,NA,"male",NA,NA,NA,NA,"christianity","no","interesting study. thanks",NA,4,"test",6,"per","vision","can see what the box looks like","per","hearing","can hear what's going on around it","y",0.5,NA
"4473","4","us","adults","do you think...?","cb1","R_0wC3xOkHkx3HG1n","2014-06-26 08:55:00",0.1,NA,"male",NA,NA,NA,NA,"christianity","no","interesting study. thanks",NA,4,"test",7,"aff","negative","is in a bad mood right now","phy","glass_clay","is made out of clay","n",-1.5,NA
"4474","4","us","adults","do you think...?","cb1","R_0wC3xOkHkx3HG1n","2014-06-26 08:55:00",0.1,NA,"male",NA,NA,NA,NA,"christianity","no","interesting study. thanks",NA,4,"test",8,"aut","movement","is moving itself around the box","aut","noise","can make sounds on its own","y",0.5,NA
"4475","4","us","adults","do you think...?","cb1","R_0wC3xOkHkx3HG1n","2014-06-26 08:55:00",0.1,NA,"male",NA,NA,NA,NA,"christianity","no","interesting study. thanks",NA,4,"test",9,"phy","glass_clay","is made out of glass","aff","negative","can feel sad sometimes","n",-1.5,NA
"4476","4","us","adults","do you think...?","cb1","R_0wC3xOkHkx3HG1n","2014-06-26 08:55:00",0.1,NA,"male",NA,NA,NA,NA,"christianity","no","interesting study. thanks",NA,4,"test",10,"per","hearing","can hear me","phy","metal_plastic","is made out of plastic","n",-1.5,NA
"4477","4","us","adults","do you think...?","cb1","R_0wC3xOkHkx3HG1n","2014-06-26 08:55:00",0.1,NA,"male",NA,NA,NA,NA,"christianity","no","interesting study. thanks",NA,4,"test",11,"aff","positive","feels happy right now","per","vision","can see me","y",0.5,NA
"4478","4","us","adults","do you think...?","cb1","R_2lPxn7gbh41qJRH","2014-06-26 10:39:00",0.0333333333333333,NA,"female",NA,NA,NA,NA,"christianity","no",NA,NA,4,"practice",1,NA,NA,"is purple",NA,NA,"is green","n",-1.5,NA
"4479","4","us","adults","do you think...?","cb1","R_2lPxn7gbh41qJRH","2014-06-26 10:39:00",0.0333333333333333,NA,"female",NA,NA,NA,NA,"christianity","no",NA,NA,4,"practice",2,NA,NA,"is walking around",NA,NA,"has legs","y",1.5,NA
"4480","4","us","adults","do you think...?","cb1","R_2lPxn7gbh41qJRH","2014-06-26 10:39:00",0.0333333333333333,NA,"female",NA,NA,NA,NA,"christianity","no",NA,NA,4,"practice",3,NA,NA,"is made out of paper",NA,NA,"might rip sometime","y",0.5,NA
"4481","4","us","adults","do you think...?","cb1","R_2lPxn7gbh41qJRH","2014-06-26 10:39:00",0.0333333333333333,NA,"female",NA,NA,NA,NA,"christianity","no",NA,NA,4,"test",4,"aut","noise","is making noises all by itself","aff","positive","can be in a good mood sometimes","y",0.5,NA
"4482","4","us","adults","do you think...?","cb1","R_2lPxn7gbh41qJRH","2014-06-26 10:39:00",0.0333333333333333,NA,"female",NA,NA,NA,NA,"christianity","no",NA,NA,4,"test",5,"phy","metal_plastic","is made out of metal","aut","movement","can move itself from one side of the box to the other","y",0.5,NA
"4483","4","us","adults","do you think...?","cb1","R_2lPxn7gbh41qJRH","2014-06-26 10:39:00",0.0333333333333333,NA,"female",NA,NA,NA,NA,"christianity","no",NA,NA,4,"test",6,"per","vision","can see what the box looks like","per","hearing","can hear what's going on around it","y",0.5,NA
"4484","4","us","adults","do you think...?","cb1","R_2lPxn7gbh41qJRH","2014-06-26 10:39:00",0.0333333333333333,NA,"female",NA,NA,NA,NA,"christianity","no",NA,NA,4,"test",7,"aff","negative","is in a bad mood right now","phy","glass_clay","is made out of clay","n",-1.5,NA
"4485","4","us","adults","do you think...?","cb1","R_2lPxn7gbh41qJRH","2014-06-26 10:39:00",0.0333333333333333,NA,"female",NA,NA,NA,NA,"christianity","no",NA,NA,4,"test",8,"aut","movement","is moving itself around the box","aut","noise","can make sounds on its own","y",1.5,NA
"4486","4","us","adults","do you think...?","cb1","R_2lPxn7gbh41qJRH","2014-06-26 10:39:00",0.0333333333333333,NA,"female",NA,NA,NA,NA,"christianity","no",NA,NA,4,"test",9,"phy","glass_clay","is made out of glass","aff","negative","can feel sad sometimes","n",-1.5,NA
"4487","4","us","adults","do you think...?","cb1","R_2lPxn7gbh41qJRH","2014-06-26 10:39:00",0.0333333333333333,NA,"female",NA,NA,NA,NA,"christianity","no",NA,NA,4,"test",10,"per","hearing","can hear me","phy","metal_plastic","is made out of plastic","n",-1.5,NA
"4488","4","us","adults","do you think...?","cb1","R_2lPxn7gbh41qJRH","2014-06-26 10:39:00",0.0333333333333333,NA,"female",NA,NA,NA,NA,"christianity","no",NA,NA,4,"test",11,"aff","positive","feels happy right now","per","vision","can see me","y",0.5,NA
"4489","4","us","adults","do you think...?","cb1","R_2rZPLuUta4NU8SN","2014-06-26 08:49:00",0.05,NA,"male",NA,NA,NA,NA,"other","no",NA,NA,4,"practice",1,NA,NA,"is purple",NA,NA,"is green","n",-1.5,NA
"4490","4","us","adults","do you think...?","cb1","R_2rZPLuUta4NU8SN","2014-06-26 08:49:00",0.05,NA,"male",NA,NA,NA,NA,"other","no",NA,NA,4,"practice",2,NA,NA,"is walking around",NA,NA,"has legs","y",1.5,NA
"4491","4","us","adults","do you think...?","cb1","R_2rZPLuUta4NU8SN","2014-06-26 08:49:00",0.05,NA,"male",NA,NA,NA,NA,"other","no",NA,NA,4,"practice",3,NA,NA,"is made out of paper",NA,NA,"might rip sometime","y",1.5,NA
"4492","4","us","adults","do you think...?","cb1","R_2rZPLuUta4NU8SN","2014-06-26 08:49:00",0.05,NA,"male",NA,NA,NA,NA,"other","no",NA,NA,4,"test",4,"aut","noise","is making noises all by itself","aff","positive","can be in a good mood sometimes","y",0.5,NA
"4493","4","us","adults","do you think...?","cb1","R_2rZPLuUta4NU8SN","2014-06-26 08:49:00",0.05,NA,"male",NA,NA,NA,NA,"other","no",NA,NA,4,"test",5,"phy","metal_plastic","is made out of metal","aut","movement","can move itself from one side of the box to the other","n",-1.5,NA
"4494","4","us","adults","do you think...?","cb1","R_2rZPLuUta4NU8SN","2014-06-26 08:49:00",0.05,NA,"male",NA,NA,NA,NA,"other","no",NA,NA,4,"test",6,"per","vision","can see what the box looks like","per","hearing","can hear what's going on around it","y",0.5,NA
"4495","4","us","adults","do you think...?","cb1","R_2rZPLuUta4NU8SN","2014-06-26 08:49:00",0.05,NA,"male",NA,NA,NA,NA,"other","no",NA,NA,4,"test",7,"aff","negative","is in a bad mood right now","phy","glass_clay","is made out of clay","n",-1.5,NA
"4496","4","us","adults","do you think...?","cb1","R_2rZPLuUta4NU8SN","2014-06-26 08:49:00",0.05,NA,"male",NA,NA,NA,NA,"other","no",NA,NA,4,"test",8,"aut","movement","is moving itself around the box","aut","noise","can make sounds on its own","y",0.5,NA
"4497","4","us","adults","do you think...?","cb1","R_2rZPLuUta4NU8SN","2014-06-26 08:49:00",0.05,NA,"male",NA,NA,NA,NA,"other","no",NA,NA,4,"test",9,"phy","glass_clay","is made out of glass","aff","negative","can feel sad sometimes","n",-1.5,NA
"4498","4","us","adults","do you think...?","cb1","R_2rZPLuUta4NU8SN","2014-06-26 08:49:00",0.05,NA,"male",NA,NA,NA,NA,"other","no",NA,NA,4,"test",10,"per","hearing","can hear me","phy","metal_plastic","is made out of plastic","n",-1.5,NA
"4499","4","us","adults","do you think...?","cb1","R_2rZPLuUta4NU8SN","2014-06-26 08:49:00",0.05,NA,"male",NA,NA,NA,NA,"other","no",NA,NA,4,"test",11,"aff","positive","feels happy right now","per","vision","can see me","y",0.5,NA
"4500","4","us","adults","do you think...?","cb1","R_80qtYweEppSVPrD","2014-06-26 16:33:00",0.1,NA,"female",NA,NA,NA,NA,"other","no","Only thing was I had to copy and paste into another window, which was no problem at all. Thanks!",NA,4,"practice",1,NA,NA,"is purple",NA,NA,"is green","y",0.5,NA
"4501","4","us","adults","do you think...?","cb1","R_80qtYweEppSVPrD","2014-06-26 16:33:00",0.1,NA,"female",NA,NA,NA,NA,"other","no","Only thing was I had to copy and paste into another window, which was no problem at all. Thanks!",NA,4,"practice",2,NA,NA,"is walking around",NA,NA,"has legs","y",1.5,NA
"4502","4","us","adults","do you think...?","cb1","R_80qtYweEppSVPrD","2014-06-26 16:33:00",0.1,NA,"female",NA,NA,NA,NA,"other","no","Only thing was I had to copy and paste into another window, which was no problem at all. Thanks!",NA,4,"practice",3,NA,NA,"is made out of paper",NA,NA,"might rip sometime","y",1.5,NA
"4503","4","us","adults","do you think...?","cb1","R_80qtYweEppSVPrD","2014-06-26 16:33:00",0.1,NA,"female",NA,NA,NA,NA,"other","no","Only thing was I had to copy and paste into another window, which was no problem at all. Thanks!",NA,4,"test",4,"aut","noise","is making noises all by itself","aff","positive","can be in a good mood sometimes","y",0.5,NA
"4504","4","us","adults","do you think...?","cb1","R_80qtYweEppSVPrD","2014-06-26 16:33:00",0.1,NA,"female",NA,NA,NA,NA,"other","no","Only thing was I had to copy and paste into another window, which was no problem at all. Thanks!",NA,4,"test",5,"phy","metal_plastic","is made out of metal","aut","movement","can move itself from one side of the box to the other","n",-1.5,NA
"4505","4","us","adults","do you think...?","cb1","R_80qtYweEppSVPrD","2014-06-26 16:33:00",0.1,NA,"female",NA,NA,NA,NA,"other","no","Only thing was I had to copy and paste into another window, which was no problem at all. Thanks!",NA,4,"test",6,"per","vision","can see what the box looks like","per","hearing","can hear what's going on around it","y",0.5,NA
"4506","4","us","adults","do you think...?","cb1","R_80qtYweEppSVPrD","2014-06-26 16:33:00",0.1,NA,"female",NA,NA,NA,NA,"other","no","Only thing was I had to copy and paste into another window, which was no problem at all. Thanks!",NA,4,"test",7,"aff","negative","is in a bad mood right now","phy","glass_clay","is made out of clay","n",-1.5,NA
"4507","4","us","adults","do you think...?","cb1","R_80qtYweEppSVPrD","2014-06-26 16:33:00",0.1,NA,"female",NA,NA,NA,NA,"other","no","Only thing was I had to copy and paste into another window, which was no problem at all. Thanks!",NA,4,"test",8,"aut","movement","is moving itself around the box","aut","noise","can make sounds on its own","y",0.5,NA
"4508","4","us","adults","do you think...?","cb1","R_80qtYweEppSVPrD","2014-06-26 16:33:00",0.1,NA,"female",NA,NA,NA,NA,"other","no","Only thing was I had to copy and paste into another window, which was no problem at all. Thanks!",NA,4,"test",9,"phy","glass_clay","is made out of glass","aff","negative","can feel sad sometimes","n",-1.5,NA
"4509","4","us","adults","do you think...?","cb1","R_80qtYweEppSVPrD","2014-06-26 16:33:00",0.1,NA,"female",NA,NA,NA,NA,"other","no","Only thing was I had to copy and paste into another window, which was no problem at all. Thanks!",NA,4,"test",10,"per","hearing","can hear me","phy","metal_plastic","is made out of plastic","n",-1.5,NA
"4510","4","us","adults","do you think...?","cb1","R_80qtYweEppSVPrD","2014-06-26 16:33:00",0.1,NA,"female",NA,NA,NA,NA,"other","no","Only thing was I had to copy and paste into another window, which was no problem at all. Thanks!",NA,4,"test",11,"aff","positive","feels happy right now","per","vision","can see me","y",1.5,NA
"4511","4","us","adults","do you think...?","cb1","R_887Ab5KmOWjtKoB","2014-06-25 18:14:00",0.0666666666666667,NA,NA,NA,NA,NA,NA,NA,"no",NA,NA,4,"practice",1,NA,NA,"is purple",NA,NA,"is green","n",-0.5,NA
"4512","4","us","adults","do you think...?","cb1","R_887Ab5KmOWjtKoB","2014-06-25 18:14:00",0.0666666666666667,NA,NA,NA,NA,NA,NA,NA,"no",NA,NA,4,"practice",2,NA,NA,"is walking around",NA,NA,"has legs","y",1.5,NA
"4513","4","us","adults","do you think...?","cb1","R_887Ab5KmOWjtKoB","2014-06-25 18:14:00",0.0666666666666667,NA,NA,NA,NA,NA,NA,NA,"no",NA,NA,4,"practice",3,NA,NA,"is made out of paper",NA,NA,"might rip sometime","y",1.5,NA
"4514","4","us","adults","do you think...?","cb1","R_887Ab5KmOWjtKoB","2014-06-25 18:14:00",0.0666666666666667,NA,NA,NA,NA,NA,NA,NA,"no",NA,NA,4,"test",4,"aut","noise","is making noises all by itself","aff","positive","can be in a good mood sometimes","y",0.5,NA
"4515","4","us","adults","do you think...?","cb1","R_887Ab5KmOWjtKoB","2014-06-25 18:14:00",0.0666666666666667,NA,NA,NA,NA,NA,NA,NA,"no",NA,NA,4,"test",5,"phy","metal_plastic","is made out of metal","aut","movement","can move itself from one side of the box to the other","n",-0.5,NA
"4516","4","us","adults","do you think...?","cb1","R_887Ab5KmOWjtKoB","2014-06-25 18:14:00",0.0666666666666667,NA,NA,NA,NA,NA,NA,NA,"no",NA,NA,4,"test",6,"per","vision","can see what the box looks like","per","hearing","can hear what's going on around it","y",0.5,NA
"4517","4","us","adults","do you think...?","cb1","R_887Ab5KmOWjtKoB","2014-06-25 18:14:00",0.0666666666666667,NA,NA,NA,NA,NA,NA,NA,"no",NA,NA,4,"test",7,"aff","negative","is in a bad mood right now","phy","glass_clay","is made out of clay","n",-0.5,NA
"4518","4","us","adults","do you think...?","cb1","R_887Ab5KmOWjtKoB","2014-06-25 18:14:00",0.0666666666666667,NA,NA,NA,NA,NA,NA,NA,"no",NA,NA,4,"test",8,"aut","movement","is moving itself around the box","aut","noise","can make sounds on its own","y",0.5,NA
"4519","4","us","adults","do you think...?","cb1","R_887Ab5KmOWjtKoB","2014-06-25 18:14:00",0.0666666666666667,NA,NA,NA,NA,NA,NA,NA,"no",NA,NA,4,"test",9,"phy","glass_clay","is made out of glass","aff","negative","can feel sad sometimes","n",-1.5,NA
"4520","4","us","adults","do you think...?","cb1","R_887Ab5KmOWjtKoB","2014-06-25 18:14:00",0.0666666666666667,NA,NA,NA,NA,NA,NA,NA,"no",NA,NA,4,"test",10,"per","hearing","can hear me","phy","metal_plastic","is made out of plastic","n",-0.5,NA
"4521","4","us","adults","do you think...?","cb1","R_887Ab5KmOWjtKoB","2014-06-25 18:14:00",0.0666666666666667,NA,NA,NA,NA,NA,NA,NA,"no",NA,NA,4,"test",11,"aff","positive","feels happy right now","per","vision","can see me","y",0.5,NA
"4522","4","us","adults","do you think...?","cb1","R_8iYldiltcuKG4At","2014-06-26 14:56:00",0.05,NA,"female",NA,NA,NA,NA,"christianity","no",NA,NA,4,"practice",1,NA,NA,"is purple",NA,NA,"is green","n",-1.5,NA
"4523","4","us","adults","do you think...?","cb1","R_8iYldiltcuKG4At","2014-06-26 14:56:00",0.05,NA,"female",NA,NA,NA,NA,"christianity","no",NA,NA,4,"practice",2,NA,NA,"is walking around",NA,NA,"has legs","y",0.5,NA
"4524","4","us","adults","do you think...?","cb1","R_8iYldiltcuKG4At","2014-06-26 14:56:00",0.05,NA,"female",NA,NA,NA,NA,"christianity","no",NA,NA,4,"practice",3,NA,NA,"is made out of paper",NA,NA,"might rip sometime","y",0.5,NA
"4525","4","us","adults","do you think...?","cb1","R_8iYldiltcuKG4At","2014-06-26 14:56:00",0.05,NA,"female",NA,NA,NA,NA,"christianity","no",NA,NA,4,"test",4,"aut","noise","is making noises all by itself","aff","positive","can be in a good mood sometimes","y",0.5,NA
"4526","4","us","adults","do you think...?","cb1","R_8iYldiltcuKG4At","2014-06-26 14:56:00",0.05,NA,"female",NA,NA,NA,NA,"christianity","no",NA,NA,4,"test",5,"phy","metal_plastic","is made out of metal","aut","movement","can move itself from one side of the box to the other","y",0.5,NA
"4527","4","us","adults","do you think...?","cb1","R_8iYldiltcuKG4At","2014-06-26 14:56:00",0.05,NA,"female",NA,NA,NA,NA,"christianity","no",NA,NA,4,"test",6,"per","vision","can see what the box looks like","per","hearing","can hear what's going on around it","y",0.5,NA
"4528","4","us","adults","do you think...?","cb1","R_8iYldiltcuKG4At","2014-06-26 14:56:00",0.05,NA,"female",NA,NA,NA,NA,"christianity","no",NA,NA,4,"test",7,"aff","negative","is in a bad mood right now","phy","glass_clay","is made out of clay","y",0.5,NA
"4529","4","us","adults","do you think...?","cb1","R_8iYldiltcuKG4At","2014-06-26 14:56:00",0.05,NA,"female",NA,NA,NA,NA,"christianity","no",NA,NA,4,"test",8,"aut","movement","is moving itself around the box","aut","noise","can make sounds on its own","y",0.5,NA
"4530","4","us","adults","do you think...?","cb1","R_8iYldiltcuKG4At","2014-06-26 14:56:00",0.05,NA,"female",NA,NA,NA,NA,"christianity","no",NA,NA,4,"test",9,"phy","glass_clay","is made out of glass","aff","negative","can feel sad sometimes","y",0.5,NA
"4531","4","us","adults","do you think...?","cb1","R_8iYldiltcuKG4At","2014-06-26 14:56:00",0.05,NA,"female",NA,NA,NA,NA,"christianity","no",NA,NA,4,"test",10,"per","hearing","can hear me","phy","metal_plastic","is made out of plastic","n",-0.5,NA
"4532","4","us","adults","do you think...?","cb1","R_8iYldiltcuKG4At","2014-06-26 14:56:00",0.05,NA,"female",NA,NA,NA,NA,"christianity","no",NA,NA,4,"test",11,"aff","positive","feels happy right now","per","vision","can see me","y",0.5,NA
"4533","4","us","adults","do you think...?","cb1","R_8pnofp8oVOcReg5","2014-06-26 18:53:00",0.05,NA,"female",NA,NA,NA,NA,"christianity","no",NA,NA,4,"practice",1,NA,NA,"is purple",NA,NA,"is green","n",-1.5,NA
"4534","4","us","adults","do you think...?","cb1","R_8pnofp8oVOcReg5","2014-06-26 18:53:00",0.05,NA,"female",NA,NA,NA,NA,"christianity","no",NA,NA,4,"practice",2,NA,NA,"is walking around",NA,NA,"has legs","y",1.5,NA
"4535","4","us","adults","do you think...?","cb1","R_8pnofp8oVOcReg5","2014-06-26 18:53:00",0.05,NA,"female",NA,NA,NA,NA,"christianity","no",NA,NA,4,"practice",3,NA,NA,"is made out of paper",NA,NA,"might rip sometime","y",1.5,NA
"4536","4","us","adults","do you think...?","cb1","R_8pnofp8oVOcReg5","2014-06-26 18:53:00",0.05,NA,"female",NA,NA,NA,NA,"christianity","no",NA,NA,4,"test",4,"aut","noise","is making noises all by itself","aff","positive","can be in a good mood sometimes","y",0.5,NA
"4537","4","us","adults","do you think...?","cb1","R_8pnofp8oVOcReg5","2014-06-26 18:53:00",0.05,NA,"female",NA,NA,NA,NA,"christianity","no",NA,NA,4,"test",5,"phy","metal_plastic","is made out of metal","aut","movement","can move itself from one side of the box to the other","n",-1.5,NA
"4538","4","us","adults","do you think...?","cb1","R_8pnofp8oVOcReg5","2014-06-26 18:53:00",0.05,NA,"female",NA,NA,NA,NA,"christianity","no",NA,NA,4,"test",6,"per","vision","can see what the box looks like","per","hearing","can hear what's going on around it","y",1.5,NA
"4539","4","us","adults","do you think...?","cb1","R_8pnofp8oVOcReg5","2014-06-26 18:53:00",0.05,NA,"female",NA,NA,NA,NA,"christianity","no",NA,NA,4,"test",7,"aff","negative","is in a bad mood right now","phy","glass_clay","is made out of clay","n",-1.5,NA
"4540","4","us","adults","do you think...?","cb1","R_8pnofp8oVOcReg5","2014-06-26 18:53:00",0.05,NA,"female",NA,NA,NA,NA,"christianity","no",NA,NA,4,"test",8,"aut","movement","is moving itself around the box","aut","noise","can make sounds on its own","y",1.5,NA
"4541","4","us","adults","do you think...?","cb1","R_8pnofp8oVOcReg5","2014-06-26 18:53:00",0.05,NA,"female",NA,NA,NA,NA,"christianity","no",NA,NA,4,"test",9,"phy","glass_clay","is made out of glass","aff","negative","can feel sad sometimes","n",-1.5,NA
"4542","4","us","adults","do you think...?","cb1","R_8pnofp8oVOcReg5","2014-06-26 18:53:00",0.05,NA,"female",NA,NA,NA,NA,"christianity","no",NA,NA,4,"test",10,"per","hearing","can hear me","phy","metal_plastic","is made out of plastic","n",-1.5,NA
"4543","4","us","adults","do you think...?","cb1","R_8pnofp8oVOcReg5","2014-06-26 18:53:00",0.05,NA,"female",NA,NA,NA,NA,"christianity","no",NA,NA,4,"test",11,"aff","positive","feels happy right now","per","vision","can see me","y",1.5,NA
"4544","4","us","adults","do you think...?","cb1","R_9Hc382GNkab2sol","2014-06-26 13:32:00",0.0833333333333333,NA,"male",NA,NA,NA,NA,"christianity","no",NA,NA,4,"practice",1,NA,NA,"is purple",NA,NA,"is green","n",-1.5,NA
"4545","4","us","adults","do you think...?","cb1","R_9Hc382GNkab2sol","2014-06-26 13:32:00",0.0833333333333333,NA,"male",NA,NA,NA,NA,"christianity","no",NA,NA,4,"practice",2,NA,NA,"is walking around",NA,NA,"has legs","y",1.5,NA
"4546","4","us","adults","do you think...?","cb1","R_9Hc382GNkab2sol","2014-06-26 13:32:00",0.0833333333333333,NA,"male",NA,NA,NA,NA,"christianity","no",NA,NA,4,"practice",3,NA,NA,"is made out of paper",NA,NA,"might rip sometime","y",0.5,NA
"4547","4","us","adults","do you think...?","cb1","R_9Hc382GNkab2sol","2014-06-26 13:32:00",0.0833333333333333,NA,"male",NA,NA,NA,NA,"christianity","no",NA,NA,4,"test",4,"aut","noise","is making noises all by itself","aff","positive","can be in a good mood sometimes","y",0.5,NA
"4548","4","us","adults","do you think...?","cb1","R_9Hc382GNkab2sol","2014-06-26 13:32:00",0.0833333333333333,NA,"male",NA,NA,NA,NA,"christianity","no",NA,NA,4,"test",5,"phy","metal_plastic","is made out of metal","aut","movement","can move itself from one side of the box to the other","n",-0.5,NA
"4549","4","us","adults","do you think...?","cb1","R_9Hc382GNkab2sol","2014-06-26 13:32:00",0.0833333333333333,NA,"male",NA,NA,NA,NA,"christianity","no",NA,NA,4,"test",6,"per","vision","can see what the box looks like","per","hearing","can hear what's going on around it","y",0.5,NA
"4550","4","us","adults","do you think...?","cb1","R_9Hc382GNkab2sol","2014-06-26 13:32:00",0.0833333333333333,NA,"male",NA,NA,NA,NA,"christianity","no",NA,NA,4,"test",7,"aff","negative","is in a bad mood right now","phy","glass_clay","is made out of clay","n",-0.5,NA
"4551","4","us","adults","do you think...?","cb1","R_9Hc382GNkab2sol","2014-06-26 13:32:00",0.0833333333333333,NA,"male",NA,NA,NA,NA,"christianity","no",NA,NA,4,"test",8,"aut","movement","is moving itself around the box","aut","noise","can make sounds on its own","y",0.5,NA
"4552","4","us","adults","do you think...?","cb1","R_9Hc382GNkab2sol","2014-06-26 13:32:00",0.0833333333333333,NA,"male",NA,NA,NA,NA,"christianity","no",NA,NA,4,"test",9,"phy","glass_clay","is made out of glass","aff","negative","can feel sad sometimes","n",-1.5,NA
"4553","4","us","adults","do you think...?","cb1","R_9Hc382GNkab2sol","2014-06-26 13:32:00",0.0833333333333333,NA,"male",NA,NA,NA,NA,"christianity","no",NA,NA,4,"test",10,"per","hearing","can hear me","phy","metal_plastic","is made out of plastic","n",-1.5,NA
"4554","4","us","adults","do you think...?","cb1","R_9Hc382GNkab2sol","2014-06-26 13:32:00",0.0833333333333333,NA,"male",NA,NA,NA,NA,"christianity","no",NA,NA,4,"test",11,"aff","positive","feels happy right now","per","vision","can see me","y",0.5,NA
"4555","4","us","adults","do you think...?","cb1","R_9YMrS1QGl7XXFGJ","2014-06-26 15:31:00",0.0333333333333333,NA,"male",NA,NA,NA,NA,"non-religious","no",NA,NA,4,"practice",1,NA,NA,"is purple",NA,NA,"is green","n",-1.5,NA
"4556","4","us","adults","do you think...?","cb1","R_9YMrS1QGl7XXFGJ","2014-06-26 15:31:00",0.0333333333333333,NA,"male",NA,NA,NA,NA,"non-religious","no",NA,NA,4,"practice",2,NA,NA,"is walking around",NA,NA,"has legs","y",0.5,NA
"4557","4","us","adults","do you think...?","cb1","R_9YMrS1QGl7XXFGJ","2014-06-26 15:31:00",0.0333333333333333,NA,"male",NA,NA,NA,NA,"non-religious","no",NA,NA,4,"practice",3,NA,NA,"is made out of paper",NA,NA,"might rip sometime","y",0.5,NA
"4558","4","us","adults","do you think...?","cb1","R_9YMrS1QGl7XXFGJ","2014-06-26 15:31:00",0.0333333333333333,NA,"male",NA,NA,NA,NA,"non-religious","no",NA,NA,4,"test",4,"aut","noise","is making noises all by itself","aff","positive","can be in a good mood sometimes","n",-0.5,NA
"4559","4","us","adults","do you think...?","cb1","R_9YMrS1QGl7XXFGJ","2014-06-26 15:31:00",0.0333333333333333,NA,"male",NA,NA,NA,NA,"non-religious","no",NA,NA,4,"test",5,"phy","metal_plastic","is made out of metal","aut","movement","can move itself from one side of the box to the other","n",-1.5,NA
"4560","4","us","adults","do you think...?","cb1","R_9YMrS1QGl7XXFGJ","2014-06-26 15:31:00",0.0333333333333333,NA,"male",NA,NA,NA,NA,"non-religious","no",NA,NA,4,"test",6,"per","vision","can see what the box looks like","per","hearing","can hear what's going on around it","y",0.5,NA
"4561","4","us","adults","do you think...?","cb1","R_9YMrS1QGl7XXFGJ","2014-06-26 15:31:00",0.0333333333333333,NA,"male",NA,NA,NA,NA,"non-religious","no",NA,NA,4,"test",7,"aff","negative","is in a bad mood right now","phy","glass_clay","is made out of clay","y",0.5,NA
"4562","4","us","adults","do you think...?","cb1","R_9YMrS1QGl7XXFGJ","2014-06-26 15:31:00",0.0333333333333333,NA,"male",NA,NA,NA,NA,"non-religious","no",NA,NA,4,"test",8,"aut","movement","is moving itself around the box","aut","noise","can make sounds on its own","y",0.5,NA
"4563","4","us","adults","do you think...?","cb1","R_9YMrS1QGl7XXFGJ","2014-06-26 15:31:00",0.0333333333333333,NA,"male",NA,NA,NA,NA,"non-religious","no",NA,NA,4,"test",9,"phy","glass_clay","is made out of glass","aff","negative","can feel sad sometimes","y",0.5,NA
"4564","4","us","adults","do you think...?","cb1","R_9YMrS1QGl7XXFGJ","2014-06-26 15:31:00",0.0333333333333333,NA,"male",NA,NA,NA,NA,"non-religious","no",NA,NA,4,"test",10,"per","hearing","can hear me","phy","metal_plastic","is made out of plastic","n",-1.5,NA
"4565","4","us","adults","do you think...?","cb1","R_9YMrS1QGl7XXFGJ","2014-06-26 15:31:00",0.0333333333333333,NA,"male",NA,NA,NA,NA,"non-religious","no",NA,NA,4,"test",11,"aff","positive","feels happy right now","per","vision","can see me","y",0.5,NA
"4566","4","us","adults","do you think...?","cb1","R_eJuDm21YrBFVg4l","2014-06-26 19:01:00",0.0333333333333333,NA,"male",NA,NA,NA,NA,"non-religious","no","Thank you",NA,4,"practice",1,NA,NA,"is purple",NA,NA,"is green","n",-1.5,NA
"4567","4","us","adults","do you think...?","cb1","R_eJuDm21YrBFVg4l","2014-06-26 19:01:00",0.0333333333333333,NA,"male",NA,NA,NA,NA,"non-religious","no","Thank you",NA,4,"practice",2,NA,NA,"is walking around",NA,NA,"has legs","y",1.5,NA
"4568","4","us","adults","do you think...?","cb1","R_eJuDm21YrBFVg4l","2014-06-26 19:01:00",0.0333333333333333,NA,"male",NA,NA,NA,NA,"non-religious","no","Thank you",NA,4,"practice",3,NA,NA,"is made out of paper",NA,NA,"might rip sometime","y",0.5,NA
"4569","4","us","adults","do you think...?","cb1","R_eJuDm21YrBFVg4l","2014-06-26 19:01:00",0.0333333333333333,NA,"male",NA,NA,NA,NA,"non-religious","no","Thank you",NA,4,"test",4,"aut","noise","is making noises all by itself","aff","positive","can be in a good mood sometimes","y",0.5,NA
"4570","4","us","adults","do you think...?","cb1","R_eJuDm21YrBFVg4l","2014-06-26 19:01:00",0.0333333333333333,NA,"male",NA,NA,NA,NA,"non-religious","no","Thank you",NA,4,"test",5,"phy","metal_plastic","is made out of metal","aut","movement","can move itself from one side of the box to the other","n",-0.5,NA
"4571","4","us","adults","do you think...?","cb1","R_eJuDm21YrBFVg4l","2014-06-26 19:01:00",0.0333333333333333,NA,"male",NA,NA,NA,NA,"non-religious","no","Thank you",NA,4,"test",6,"per","vision","can see what the box looks like","per","hearing","can hear what's going on around it","n",-0.5,NA
"4572","4","us","adults","do you think...?","cb1","R_eJuDm21YrBFVg4l","2014-06-26 19:01:00",0.0333333333333333,NA,"male",NA,NA,NA,NA,"non-religious","no","Thank you",NA,4,"test",7,"aff","negative","is in a bad mood right now","phy","glass_clay","is made out of clay","y",0.5,NA
"4573","4","us","adults","do you think...?","cb1","R_eJuDm21YrBFVg4l","2014-06-26 19:01:00",0.0333333333333333,NA,"male",NA,NA,NA,NA,"non-religious","no","Thank you",NA,4,"test",8,"aut","movement","is moving itself around the box","aut","noise","can make sounds on its own","y",0.5,NA
"4574","4","us","adults","do you think...?","cb1","R_eJuDm21YrBFVg4l","2014-06-26 19:01:00",0.0333333333333333,NA,"male",NA,NA,NA,NA,"non-religious","no","Thank you",NA,4,"test",9,"phy","glass_clay","is made out of glass","aff","negative","can feel sad sometimes","n",-0.5,NA
"4575","4","us","adults","do you think...?","cb1","R_eJuDm21YrBFVg4l","2014-06-26 19:01:00",0.0333333333333333,NA,"male",NA,NA,NA,NA,"non-religious","no","Thank you",NA,4,"test",10,"per","hearing","can hear me","phy","metal_plastic","is made out of plastic","n",-0.5,NA
"4576","4","us","adults","do you think...?","cb1","R_eJuDm21YrBFVg4l","2014-06-26 19:01:00",0.0333333333333333,NA,"male",NA,NA,NA,NA,"non-religious","no","Thank you",NA,4,"test",11,"aff","positive","feels happy right now","per","vision","can see me","y",0.5,NA
"4577","4","us","adults","do you think...?","cb1","R_0TCWqdNmg7zgatT","2014-06-26 09:44:00",0.0333333333333333,NA,"female",NA,NA,NA,NA,"other","no",NA,NA,5,"practice",1,NA,NA,"is purple",NA,NA,"is green","n",-1.5,NA
"4578","4","us","adults","do you think...?","cb1","R_0TCWqdNmg7zgatT","2014-06-26 09:44:00",0.0333333333333333,NA,"female",NA,NA,NA,NA,"other","no",NA,NA,5,"practice",2,NA,NA,"is walking around",NA,NA,"has legs","y",1.5,NA
"4579","4","us","adults","do you think...?","cb1","R_0TCWqdNmg7zgatT","2014-06-26 09:44:00",0.0333333333333333,NA,"female",NA,NA,NA,NA,"other","no",NA,NA,5,"practice",3,NA,NA,"is made out of paper",NA,NA,"might rip sometime","y",1.5,NA
"4580","4","us","adults","do you think...?","cb1","R_0TCWqdNmg7zgatT","2014-06-26 09:44:00",0.0333333333333333,NA,"female",NA,NA,NA,NA,"other","no",NA,NA,5,"test",4,"phy","glass_clay","is made out of clay","per","vision","can see what the box looks like","n",-1.5,NA
"4581","4","us","adults","do you think...?","cb1","R_0TCWqdNmg7zgatT","2014-06-26 09:44:00",0.0333333333333333,NA,"female",NA,NA,NA,NA,"other","no",NA,NA,5,"test",5,"aff","negative","feels sad right now","aut","movement","can move itself from one side of the box to the other","y",0.5,NA
"4582","4","us","adults","do you think...?","cb1","R_0TCWqdNmg7zgatT","2014-06-26 09:44:00",0.0333333333333333,NA,"female",NA,NA,NA,NA,"other","no",NA,NA,5,"test",6,"per","hearing","can hear me","aff","positive","can be in a good mood sometimes","y",0.5,NA
"4583","4","us","adults","do you think...?","cb1","R_0TCWqdNmg7zgatT","2014-06-26 09:44:00",0.0333333333333333,NA,"female",NA,NA,NA,NA,"other","no",NA,NA,5,"test",7,"aut","noise","is making noises all by itself","phy","metal_plastic","is made out of metal","n",-0.5,NA
"4584","4","us","adults","do you think...?","cb1","R_0TCWqdNmg7zgatT","2014-06-26 09:44:00",0.0333333333333333,NA,"female",NA,NA,NA,NA,"other","no",NA,NA,5,"test",8,"aff","positive","feels happy right now","aff","negative","can be in a bad mood sometimes","y",1.5,NA
"4585","4","us","adults","do you think...?","cb1","R_0TCWqdNmg7zgatT","2014-06-26 09:44:00",0.0333333333333333,NA,"female",NA,NA,NA,NA,"other","no",NA,NA,5,"test",9,"aut","movement","is moving itself around the box","per","hearing","can hear what's going on around it","y",0.5,NA
"4586","4","us","adults","do you think...?","cb1","R_0TCWqdNmg7zgatT","2014-06-26 09:44:00",0.0333333333333333,NA,"female",NA,NA,NA,NA,"other","no",NA,NA,5,"test",10,"phy","metal_plastic","is made out of plastic","phy","glass_clay","is made out of glass","n",-1.5,NA
"4587","4","us","adults","do you think...?","cb1","R_0TCWqdNmg7zgatT","2014-06-26 09:44:00",0.0333333333333333,NA,"female",NA,NA,NA,NA,"other","no",NA,NA,5,"test",11,"per","vision","can see me","aut","noise","can make sounds on its own","y",0.5,NA
"4588","4","us","adults","do you think...?","cb1","R_0vOpu92L8E4LuqF","2014-06-26 18:52:00",0.0333333333333333,NA,"female",NA,NA,NA,NA,"other","no",NA,NA,5,"practice",1,NA,NA,"is purple",NA,NA,"is green","n",-1.5,NA
"4589","4","us","adults","do you think...?","cb1","R_0vOpu92L8E4LuqF","2014-06-26 18:52:00",0.0333333333333333,NA,"female",NA,NA,NA,NA,"other","no",NA,NA,5,"practice",2,NA,NA,"is walking around",NA,NA,"has legs","y",0.5,NA
"4590","4","us","adults","do you think...?","cb1","R_0vOpu92L8E4LuqF","2014-06-26 18:52:00",0.0333333333333333,NA,"female",NA,NA,NA,NA,"other","no",NA,NA,5,"practice",3,NA,NA,"is made out of paper",NA,NA,"might rip sometime","y",0.5,NA
"4591","4","us","adults","do you think...?","cb1","R_0vOpu92L8E4LuqF","2014-06-26 18:52:00",0.0333333333333333,NA,"female",NA,NA,NA,NA,"other","no",NA,NA,5,"test",4,"phy","glass_clay","is made out of clay","per","vision","can see what the box looks like","n",-0.5,NA
"4592","4","us","adults","do you think...?","cb1","R_0vOpu92L8E4LuqF","2014-06-26 18:52:00",0.0333333333333333,NA,"female",NA,NA,NA,NA,"other","no",NA,NA,5,"test",5,"aff","negative","feels sad right now","aut","movement","can move itself from one side of the box to the other","y",0.5,NA
"4593","4","us","adults","do you think...?","cb1","R_0vOpu92L8E4LuqF","2014-06-26 18:52:00",0.0333333333333333,NA,"female",NA,NA,NA,NA,"other","no",NA,NA,5,"test",6,"per","hearing","can hear me","aff","positive","can be in a good mood sometimes","y",1.5,NA
"4594","4","us","adults","do you think...?","cb1","R_0vOpu92L8E4LuqF","2014-06-26 18:52:00",0.0333333333333333,NA,"female",NA,NA,NA,NA,"other","no",NA,NA,5,"test",7,"aut","noise","is making noises all by itself","phy","metal_plastic","is made out of metal","n",-0.5,NA
"4595","4","us","adults","do you think...?","cb1","R_0vOpu92L8E4LuqF","2014-06-26 18:52:00",0.0333333333333333,NA,"female",NA,NA,NA,NA,"other","no",NA,NA,5,"test",8,"aff","positive","feels happy right now","aff","negative","can be in a bad mood sometimes","y",1.5,NA
"4596","4","us","adults","do you think...?","cb1","R_0vOpu92L8E4LuqF","2014-06-26 18:52:00",0.0333333333333333,NA,"female",NA,NA,NA,NA,"other","no",NA,NA,5,"test",9,"aut","movement","is moving itself around the box","per","hearing","can hear what's going on around it","y",0.5,NA
"4597","4","us","adults","do you think...?","cb1","R_0vOpu92L8E4LuqF","2014-06-26 18:52:00",0.0333333333333333,NA,"female",NA,NA,NA,NA,"other","no",NA,NA,5,"test",10,"phy","metal_plastic","is made out of plastic","phy","glass_clay","is made out of glass","n",-1.5,NA
"4598","4","us","adults","do you think...?","cb1","R_0vOpu92L8E4LuqF","2014-06-26 18:52:00",0.0333333333333333,NA,"female",NA,NA,NA,NA,"other","no",NA,NA,5,"test",11,"per","vision","can see me","aut","noise","can make sounds on its own","y",0.5,NA
"4599","4","us","adults","do you think...?","cb1","R_2uleVBtI4fTGQBL","2014-06-26 16:28:00",0.0833333333333333,NA,"female",NA,NA,NA,NA,"christianity","no",NA,NA,5,"practice",1,NA,NA,"is purple",NA,NA,"is green","n",-1.5,NA
"4600","4","us","adults","do you think...?","cb1","R_2uleVBtI4fTGQBL","2014-06-26 16:28:00",0.0833333333333333,NA,"female",NA,NA,NA,NA,"christianity","no",NA,NA,5,"practice",2,NA,NA,"is walking around",NA,NA,"has legs","y",1.5,NA
"4601","4","us","adults","do you think...?","cb1","R_2uleVBtI4fTGQBL","2014-06-26 16:28:00",0.0833333333333333,NA,"female",NA,NA,NA,NA,"christianity","no",NA,NA,5,"practice",3,NA,NA,"is made out of paper",NA,NA,"might rip sometime","y",1.5,NA
"4602","4","us","adults","do you think...?","cb1","R_2uleVBtI4fTGQBL","2014-06-26 16:28:00",0.0833333333333333,NA,"female",NA,NA,NA,NA,"christianity","no",NA,NA,5,"test",4,"phy","glass_clay","is made out of clay","per","vision","can see what the box looks like","n",-1.5,NA
"4603","4","us","adults","do you think...?","cb1","R_2uleVBtI4fTGQBL","2014-06-26 16:28:00",0.0833333333333333,NA,"female",NA,NA,NA,NA,"christianity","no",NA,NA,5,"test",5,"aff","negative","feels sad right now","aut","movement","can move itself from one side of the box to the other","y",0.5,NA
"4604","4","us","adults","do you think...?","cb1","R_2uleVBtI4fTGQBL","2014-06-26 16:28:00",0.0833333333333333,NA,"female",NA,NA,NA,NA,"christianity","no",NA,NA,5,"test",6,"per","hearing","can hear me","aff","positive","can be in a good mood sometimes","y",0.5,NA
"4605","4","us","adults","do you think...?","cb1","R_2uleVBtI4fTGQBL","2014-06-26 16:28:00",0.0833333333333333,NA,"female",NA,NA,NA,NA,"christianity","no",NA,NA,5,"test",7,"aut","noise","is making noises all by itself","phy","metal_plastic","is made out of metal","n",-0.5,NA
"4606","4","us","adults","do you think...?","cb1","R_2uleVBtI4fTGQBL","2014-06-26 16:28:00",0.0833333333333333,NA,"female",NA,NA,NA,NA,"christianity","no",NA,NA,5,"test",8,"aff","positive","feels happy right now","aff","negative","can be in a bad mood sometimes","y",1.5,NA
"4607","4","us","adults","do you think...?","cb1","R_2uleVBtI4fTGQBL","2014-06-26 16:28:00",0.0833333333333333,NA,"female",NA,NA,NA,NA,"christianity","no",NA,NA,5,"test",9,"aut","movement","is moving itself around the box","per","hearing","can hear what's going on around it","y",0.5,NA
"4608","4","us","adults","do you think...?","cb1","R_2uleVBtI4fTGQBL","2014-06-26 16:28:00",0.0833333333333333,NA,"female",NA,NA,NA,NA,"christianity","no",NA,NA,5,"test",10,"phy","metal_plastic","is made out of plastic","phy","glass_clay","is made out of glass","n",-1.5,NA
"4609","4","us","adults","do you think...?","cb1","R_2uleVBtI4fTGQBL","2014-06-26 16:28:00",0.0833333333333333,NA,"female",NA,NA,NA,NA,"christianity","no",NA,NA,5,"test",11,"per","vision","can see me","aut","noise","can make sounds on its own","y",0.5,NA
"4610","4","us","adults","do you think...?","cb1","R_41GRxv4zzne8KPz","2014-06-26 09:01:00",0.05,NA,"male",NA,NA,NA,NA,"other","no",NA,NA,5,"practice",1,NA,NA,"is purple",NA,NA,"is green","n",-1.5,NA
"4611","4","us","adults","do you think...?","cb1","R_41GRxv4zzne8KPz","2014-06-26 09:01:00",0.05,NA,"male",NA,NA,NA,NA,"other","no",NA,NA,5,"practice",2,NA,NA,"is walking around",NA,NA,"has legs","y",1.5,NA
"4612","4","us","adults","do you think...?","cb1","R_41GRxv4zzne8KPz","2014-06-26 09:01:00",0.05,NA,"male",NA,NA,NA,NA,"other","no",NA,NA,5,"practice",3,NA,NA,"is made out of paper",NA,NA,"might rip sometime","y",0.5,NA
"4613","4","us","adults","do you think...?","cb1","R_41GRxv4zzne8KPz","2014-06-26 09:01:00",0.05,NA,"male",NA,NA,NA,NA,"other","no",NA,NA,5,"test",4,"phy","glass_clay","is made out of clay","per","vision","can see what the box looks like","y",0.5,NA
"4614","4","us","adults","do you think...?","cb1","R_41GRxv4zzne8KPz","2014-06-26 09:01:00",0.05,NA,"male",NA,NA,NA,NA,"other","no",NA,NA,5,"test",5,"aff","negative","feels sad right now","aut","movement","can move itself from one side of the box to the other","n",-0.5,NA
"4615","4","us","adults","do you think...?","cb1","R_41GRxv4zzne8KPz","2014-06-26 09:01:00",0.05,NA,"male",NA,NA,NA,NA,"other","no",NA,NA,5,"test",6,"per","hearing","can hear me","aff","positive","can be in a good mood sometimes","y",0.5,NA
"4616","4","us","adults","do you think...?","cb1","R_41GRxv4zzne8KPz","2014-06-26 09:01:00",0.05,NA,"male",NA,NA,NA,NA,"other","no",NA,NA,5,"test",7,"aut","noise","is making noises all by itself","phy","metal_plastic","is made out of metal","y",0.5,NA
"4617","4","us","adults","do you think...?","cb1","R_41GRxv4zzne8KPz","2014-06-26 09:01:00",0.05,NA,"male",NA,NA,NA,NA,"other","no",NA,NA,5,"test",8,"aff","positive","feels happy right now","aff","negative","can be in a bad mood sometimes","y",1.5,NA
"4618","4","us","adults","do you think...?","cb1","R_41GRxv4zzne8KPz","2014-06-26 09:01:00",0.05,NA,"male",NA,NA,NA,NA,"other","no",NA,NA,5,"test",9,"aut","movement","is moving itself around the box","per","hearing","can hear what's going on around it","y",1.5,NA
"4619","4","us","adults","do you think...?","cb1","R_41GRxv4zzne8KPz","2014-06-26 09:01:00",0.05,NA,"male",NA,NA,NA,NA,"other","no",NA,NA,5,"test",10,"phy","metal_plastic","is made out of plastic","phy","glass_clay","is made out of glass","n",-1.5,NA
"4620","4","us","adults","do you think...?","cb1","R_41GRxv4zzne8KPz","2014-06-26 09:01:00",0.05,NA,"male",NA,NA,NA,NA,"other","no",NA,NA,5,"test",11,"per","vision","can see me","aut","noise","can make sounds on its own","y",1.5,NA
"4621","4","us","adults","do you think...?","cb1","R_6fDKR7tzDMJaEfP","2014-06-26 14:25:00",0.05,NA,"female",NA,NA,NA,NA,"non-religious","no",NA,NA,5,"practice",1,NA,NA,"is purple",NA,NA,"is green","n",-1.5,NA
"4622","4","us","adults","do you think...?","cb1","R_6fDKR7tzDMJaEfP","2014-06-26 14:25:00",0.05,NA,"female",NA,NA,NA,NA,"non-religious","no",NA,NA,5,"practice",2,NA,NA,"is walking around",NA,NA,"has legs","y",1.5,NA
"4623","4","us","adults","do you think...?","cb1","R_6fDKR7tzDMJaEfP","2014-06-26 14:25:00",0.05,NA,"female",NA,NA,NA,NA,"non-religious","no",NA,NA,5,"practice",3,NA,NA,"is made out of paper",NA,NA,"might rip sometime","y",0.5,NA
"4624","4","us","adults","do you think...?","cb1","R_6fDKR7tzDMJaEfP","2014-06-26 14:25:00",0.05,NA,"female",NA,NA,NA,NA,"non-religious","no",NA,NA,5,"test",4,"phy","glass_clay","is made out of clay","per","vision","can see what the box looks like","n",-1.5,NA
"4625","4","us","adults","do you think...?","cb1","R_6fDKR7tzDMJaEfP","2014-06-26 14:25:00",0.05,NA,"female",NA,NA,NA,NA,"non-religious","no",NA,NA,5,"test",5,"aff","negative","feels sad right now","aut","movement","can move itself from one side of the box to the other","y",0.5,NA
"4626","4","us","adults","do you think...?","cb1","R_6fDKR7tzDMJaEfP","2014-06-26 14:25:00",0.05,NA,"female",NA,NA,NA,NA,"non-religious","no",NA,NA,5,"test",6,"per","hearing","can hear me","aff","positive","can be in a good mood sometimes","y",0.5,NA
"4627","4","us","adults","do you think...?","cb1","R_6fDKR7tzDMJaEfP","2014-06-26 14:25:00",0.05,NA,"female",NA,NA,NA,NA,"non-religious","no",NA,NA,5,"test",7,"aut","noise","is making noises all by itself","phy","metal_plastic","is made out of metal","n",-1.5,NA
"4628","4","us","adults","do you think...?","cb1","R_6fDKR7tzDMJaEfP","2014-06-26 14:25:00",0.05,NA,"female",NA,NA,NA,NA,"non-religious","no",NA,NA,5,"test",8,"aff","positive","feels happy right now","aff","negative","can be in a bad mood sometimes","y",1.5,NA
"4629","4","us","adults","do you think...?","cb1","R_6fDKR7tzDMJaEfP","2014-06-26 14:25:00",0.05,NA,"female",NA,NA,NA,NA,"non-religious","no",NA,NA,5,"test",9,"aut","movement","is moving itself around the box","per","hearing","can hear what's going on around it","y",1.5,NA
"4630","4","us","adults","do you think...?","cb1","R_6fDKR7tzDMJaEfP","2014-06-26 14:25:00",0.05,NA,"female",NA,NA,NA,NA,"non-religious","no",NA,NA,5,"test",10,"phy","metal_plastic","is made out of plastic","phy","glass_clay","is made out of glass","n",-1.5,NA
"4631","4","us","adults","do you think...?","cb1","R_6fDKR7tzDMJaEfP","2014-06-26 14:25:00",0.05,NA,"female",NA,NA,NA,NA,"non-religious","no",NA,NA,5,"test",11,"per","vision","can see me","aut","noise","can make sounds on its own","y",1.5,NA
"4632","4","us","adults","do you think...?","cb1","R_9AkDNrtE5vYPzBH","2014-06-26 18:56:00",0.0333333333333333,NA,"female",NA,NA,NA,NA,"christianity","no",NA,NA,5,"practice",1,NA,NA,"is purple",NA,NA,"is green","n",-1.5,NA
"4633","4","us","adults","do you think...?","cb1","R_9AkDNrtE5vYPzBH","2014-06-26 18:56:00",0.0333333333333333,NA,"female",NA,NA,NA,NA,"christianity","no",NA,NA,5,"practice",2,NA,NA,"is walking around",NA,NA,"has legs","y",1.5,NA
"4634","4","us","adults","do you think...?","cb1","R_9AkDNrtE5vYPzBH","2014-06-26 18:56:00",0.0333333333333333,NA,"female",NA,NA,NA,NA,"christianity","no",NA,NA,5,"practice",3,NA,NA,"is made out of paper",NA,NA,"might rip sometime","y",0.5,NA
"4635","4","us","adults","do you think...?","cb1","R_9AkDNrtE5vYPzBH","2014-06-26 18:56:00",0.0333333333333333,NA,"female",NA,NA,NA,NA,"christianity","no",NA,NA,5,"test",4,"phy","glass_clay","is made out of clay","per","vision","can see what the box looks like","n",-0.5,NA
"4636","4","us","adults","do you think...?","cb1","R_9AkDNrtE5vYPzBH","2014-06-26 18:56:00",0.0333333333333333,NA,"female",NA,NA,NA,NA,"christianity","no",NA,NA,5,"test",5,"aff","negative","feels sad right now","aut","movement","can move itself from one side of the box to the other","n",-1.5,NA
"4637","4","us","adults","do you think...?","cb1","R_9AkDNrtE5vYPzBH","2014-06-26 18:56:00",0.0333333333333333,NA,"female",NA,NA,NA,NA,"christianity","no",NA,NA,5,"test",6,"per","hearing","can hear me","aff","positive","can be in a good mood sometimes","y",0.5,NA
"4638","4","us","adults","do you think...?","cb1","R_9AkDNrtE5vYPzBH","2014-06-26 18:56:00",0.0333333333333333,NA,"female",NA,NA,NA,NA,"christianity","no",NA,NA,5,"test",7,"aut","noise","is making noises all by itself","phy","metal_plastic","is made out of metal","n",-1.5,NA
"4639","4","us","adults","do you think...?","cb1","R_9AkDNrtE5vYPzBH","2014-06-26 18:56:00",0.0333333333333333,NA,"female",NA,NA,NA,NA,"christianity","no",NA,NA,5,"test",8,"aff","positive","feels happy right now","aff","negative","can be in a bad mood sometimes","y",1.5,NA
"4640","4","us","adults","do you think...?","cb1","R_9AkDNrtE5vYPzBH","2014-06-26 18:56:00",0.0333333333333333,NA,"female",NA,NA,NA,NA,"christianity","no",NA,NA,5,"test",9,"aut","movement","is moving itself around the box","per","hearing","can hear what's going on around it","y",0.5,NA
"4641","4","us","adults","do you think...?","cb1","R_9AkDNrtE5vYPzBH","2014-06-26 18:56:00",0.0333333333333333,NA,"female",NA,NA,NA,NA,"christianity","no",NA,NA,5,"test",10,"phy","metal_plastic","is made out of plastic","phy","glass_clay","is made out of glass","n",-1.5,NA
"4642","4","us","adults","do you think...?","cb1","R_9AkDNrtE5vYPzBH","2014-06-26 18:56:00",0.0333333333333333,NA,"female",NA,NA,NA,NA,"christianity","no",NA,NA,5,"test",11,"per","vision","can see me","aut","noise","can make sounds on its own","y",0.5,NA
"4643","4","us","adults","do you think...?","cb1","R_aXYwpNy8LOmXyUl","2014-06-26 12:53:00",0.0666666666666667,NA,"male",NA,NA,NA,NA,"other","no","Quick and easy, thanks :)",NA,5,"practice",1,NA,NA,"is purple",NA,NA,"is green","n",-1.5,NA
"4644","4","us","adults","do you think...?","cb1","R_aXYwpNy8LOmXyUl","2014-06-26 12:53:00",0.0666666666666667,NA,"male",NA,NA,NA,NA,"other","no","Quick and easy, thanks :)",NA,5,"practice",2,NA,NA,"is walking around",NA,NA,"has legs","y",1.5,NA
"4645","4","us","adults","do you think...?","cb1","R_aXYwpNy8LOmXyUl","2014-06-26 12:53:00",0.0666666666666667,NA,"male",NA,NA,NA,NA,"other","no","Quick and easy, thanks :)",NA,5,"practice",3,NA,NA,"is made out of paper",NA,NA,"might rip sometime","y",0.5,NA
"4646","4","us","adults","do you think...?","cb1","R_aXYwpNy8LOmXyUl","2014-06-26 12:53:00",0.0666666666666667,NA,"male",NA,NA,NA,NA,"other","no","Quick and easy, thanks :)",NA,5,"test",4,"phy","glass_clay","is made out of clay","per","vision","can see what the box looks like","n",-1.5,NA
"4647","4","us","adults","do you think...?","cb1","R_aXYwpNy8LOmXyUl","2014-06-26 12:53:00",0.0666666666666667,NA,"male",NA,NA,NA,NA,"other","no","Quick and easy, thanks :)",NA,5,"test",5,"aff","negative","feels sad right now","aut","movement","can move itself from one side of the box to the other","y",0.5,NA
"4648","4","us","adults","do you think...?","cb1","R_aXYwpNy8LOmXyUl","2014-06-26 12:53:00",0.0666666666666667,NA,"male",NA,NA,NA,NA,"other","no","Quick and easy, thanks :)",NA,5,"test",6,"per","hearing","can hear me","aff","positive","can be in a good mood sometimes","y",0.5,NA
"4649","4","us","adults","do you think...?","cb1","R_aXYwpNy8LOmXyUl","2014-06-26 12:53:00",0.0666666666666667,NA,"male",NA,NA,NA,NA,"other","no","Quick and easy, thanks :)",NA,5,"test",7,"aut","noise","is making noises all by itself","phy","metal_plastic","is made out of metal","y",0.5,NA
"4650","4","us","adults","do you think...?","cb1","R_aXYwpNy8LOmXyUl","2014-06-26 12:53:00",0.0666666666666667,NA,"male",NA,NA,NA,NA,"other","no","Quick and easy, thanks :)",NA,5,"test",8,"aff","positive","feels happy right now","aff","negative","can be in a bad mood sometimes","y",0.5,NA
"4651","4","us","adults","do you think...?","cb1","R_aXYwpNy8LOmXyUl","2014-06-26 12:53:00",0.0666666666666667,NA,"male",NA,NA,NA,NA,"other","no","Quick and easy, thanks :)",NA,5,"test",9,"aut","movement","is moving itself around the box","per","hearing","can hear what's going on around it","y",0.5,NA
"4652","4","us","adults","do you think...?","cb1","R_aXYwpNy8LOmXyUl","2014-06-26 12:53:00",0.0666666666666667,NA,"male",NA,NA,NA,NA,"other","no","Quick and easy, thanks :)",NA,5,"test",10,"phy","metal_plastic","is made out of plastic","phy","glass_clay","is made out of glass","n",-1.5,NA
"4653","4","us","adults","do you think...?","cb1","R_aXYwpNy8LOmXyUl","2014-06-26 12:53:00",0.0666666666666667,NA,"male",NA,NA,NA,NA,"other","no","Quick and easy, thanks :)",NA,5,"test",11,"per","vision","can see me","aut","noise","can make sounds on its own","y",0.5,NA
"4654","4","us","adults","do you think...?","cb1","R_cNHPm9R24niONA9","2014-06-26 11:03:00",0.0166666666666667,NA,"female",NA,NA,NA,NA,"other","no",NA,NA,5,"practice",1,NA,NA,"is purple",NA,NA,"is green","n",-0.5,NA
"4655","4","us","adults","do you think...?","cb1","R_cNHPm9R24niONA9","2014-06-26 11:03:00",0.0166666666666667,NA,"female",NA,NA,NA,NA,"other","no",NA,NA,5,"practice",2,NA,NA,"is walking around",NA,NA,"has legs","y",0.5,NA
"4656","4","us","adults","do you think...?","cb1","R_cNHPm9R24niONA9","2014-06-26 11:03:00",0.0166666666666667,NA,"female",NA,NA,NA,NA,"other","no",NA,NA,5,"practice",3,NA,NA,"is made out of paper",NA,NA,"might rip sometime","y",0.5,NA
"4657","4","us","adults","do you think...?","cb1","R_cNHPm9R24niONA9","2014-06-26 11:03:00",0.0166666666666667,NA,"female",NA,NA,NA,NA,"other","no",NA,NA,5,"test",4,"phy","glass_clay","is made out of clay","per","vision","can see what the box looks like","n",-1.5,NA
"4658","4","us","adults","do you think...?","cb1","R_cNHPm9R24niONA9","2014-06-26 11:03:00",0.0166666666666667,NA,"female",NA,NA,NA,NA,"other","no",NA,NA,5,"test",5,"aff","negative","feels sad right now","aut","movement","can move itself from one side of the box to the other","y",0.5,NA
"4659","4","us","adults","do you think...?","cb1","R_cNHPm9R24niONA9","2014-06-26 11:03:00",0.0166666666666667,NA,"female",NA,NA,NA,NA,"other","no",NA,NA,5,"test",6,"per","hearing","can hear me","aff","positive","can be in a good mood sometimes","y",0.5,NA
"4660","4","us","adults","do you think...?","cb1","R_cNHPm9R24niONA9","2014-06-26 11:03:00",0.0166666666666667,NA,"female",NA,NA,NA,NA,"other","no",NA,NA,5,"test",7,"aut","noise","is making noises all by itself","phy","metal_plastic","is made out of metal","n",-0.5,NA
"4661","4","us","adults","do you think...?","cb1","R_cNHPm9R24niONA9","2014-06-26 11:03:00",0.0166666666666667,NA,"female",NA,NA,NA,NA,"other","no",NA,NA,5,"test",8,"aff","positive","feels happy right now","aff","negative","can be in a bad mood sometimes","y",1.5,NA
"4662","4","us","adults","do you think...?","cb1","R_cNHPm9R24niONA9","2014-06-26 11:03:00",0.0166666666666667,NA,"female",NA,NA,NA,NA,"other","no",NA,NA,5,"test",9,"aut","movement","is moving itself around the box","per","hearing","can hear what's going on around it","y",0.5,NA
"4663","4","us","adults","do you think...?","cb1","R_cNHPm9R24niONA9","2014-06-26 11:03:00",0.0166666666666667,NA,"female",NA,NA,NA,NA,"other","no",NA,NA,5,"test",10,"phy","metal_plastic","is made out of plastic","phy","glass_clay","is made out of glass","n",-0.5,NA
"4664","4","us","adults","do you think...?","cb1","R_cNHPm9R24niONA9","2014-06-26 11:03:00",0.0166666666666667,NA,"female",NA,NA,NA,NA,"other","no",NA,NA,5,"test",11,"per","vision","can see me","aut","noise","can make sounds on its own","y",0.5,NA
"4665","4","us","adults","do you think...?","cb1","R_cZyAbuRXjT8vdBz","2014-06-25 18:15:00",0.1,NA,NA,NA,NA,NA,NA,NA,"no",NA,NA,5,"practice",1,NA,NA,"is purple",NA,NA,"is green","n",-1.5,NA
"4666","4","us","adults","do you think...?","cb1","R_cZyAbuRXjT8vdBz","2014-06-25 18:15:00",0.1,NA,NA,NA,NA,NA,NA,NA,"no",NA,NA,5,"practice",2,NA,NA,"is walking around",NA,NA,"has legs","y",1.5,NA
"4667","4","us","adults","do you think...?","cb1","R_cZyAbuRXjT8vdBz","2014-06-25 18:15:00",0.1,NA,NA,NA,NA,NA,NA,NA,"no",NA,NA,5,"practice",3,NA,NA,"is made out of paper",NA,NA,"might rip sometime","y",0.5,NA
"4668","4","us","adults","do you think...?","cb1","R_cZyAbuRXjT8vdBz","2014-06-25 18:15:00",0.1,NA,NA,NA,NA,NA,NA,NA,"no",NA,NA,5,"test",4,"phy","glass_clay","is made out of clay","per","vision","can see what the box looks like","n",-1.5,NA
"4669","4","us","adults","do you think...?","cb1","R_cZyAbuRXjT8vdBz","2014-06-25 18:15:00",0.1,NA,NA,NA,NA,NA,NA,NA,"no",NA,NA,5,"test",5,"aff","negative","feels sad right now","aut","movement","can move itself from one side of the box to the other","y",1.5,NA
"4670","4","us","adults","do you think...?","cb1","R_cZyAbuRXjT8vdBz","2014-06-25 18:15:00",0.1,NA,NA,NA,NA,NA,NA,NA,"no",NA,NA,5,"test",6,"per","hearing","can hear me","aff","positive","can be in a good mood sometimes","y",0.5,NA
"4671","4","us","adults","do you think...?","cb1","R_cZyAbuRXjT8vdBz","2014-06-25 18:15:00",0.1,NA,NA,NA,NA,NA,NA,NA,"no",NA,NA,5,"test",7,"aut","noise","is making noises all by itself","phy","metal_plastic","is made out of metal","y",0.5,NA
"4672","4","us","adults","do you think...?","cb1","R_cZyAbuRXjT8vdBz","2014-06-25 18:15:00",0.1,NA,NA,NA,NA,NA,NA,NA,"no",NA,NA,5,"test",8,"aff","positive","feels happy right now","aff","negative","can be in a bad mood sometimes","y",1.5,NA
"4673","4","us","adults","do you think...?","cb1","R_cZyAbuRXjT8vdBz","2014-06-25 18:15:00",0.1,NA,NA,NA,NA,NA,NA,NA,"no",NA,NA,5,"test",9,"aut","movement","is moving itself around the box","per","hearing","can hear what's going on around it","y",0.5,NA
"4674","4","us","adults","do you think...?","cb1","R_cZyAbuRXjT8vdBz","2014-06-25 18:15:00",0.1,NA,NA,NA,NA,NA,NA,NA,"no",NA,NA,5,"test",10,"phy","metal_plastic","is made out of plastic","phy","glass_clay","is made out of glass","n",-1.5,NA
"4675","4","us","adults","do you think...?","cb1","R_cZyAbuRXjT8vdBz","2014-06-25 18:15:00",0.1,NA,NA,NA,NA,NA,NA,NA,"no",NA,NA,5,"test",11,"per","vision","can see me","aut","noise","can make sounds on its own","y",0.5,NA
"4676","4","us","adults","do you think...?","cb1","R_eJz9GWYOaXp45eJ","2014-06-26 15:40:00",0.05,NA,"female",NA,NA,NA,NA,"christianity","no",NA,NA,5,"practice",1,NA,NA,"is purple",NA,NA,"is green","n",-1.5,NA
"4677","4","us","adults","do you think...?","cb1","R_eJz9GWYOaXp45eJ","2014-06-26 15:40:00",0.05,NA,"female",NA,NA,NA,NA,"christianity","no",NA,NA,5,"practice",2,NA,NA,"is walking around",NA,NA,"has legs","y",1.5,NA
"4678","4","us","adults","do you think...?","cb1","R_eJz9GWYOaXp45eJ","2014-06-26 15:40:00",0.05,NA,"female",NA,NA,NA,NA,"christianity","no",NA,NA,5,"practice",3,NA,NA,"is made out of paper",NA,NA,"might rip sometime","y",0.5,NA
"4679","4","us","adults","do you think...?","cb1","R_eJz9GWYOaXp45eJ","2014-06-26 15:40:00",0.05,NA,"female",NA,NA,NA,NA,"christianity","no",NA,NA,5,"test",4,"phy","glass_clay","is made out of clay","per","vision","can see what the box looks like","n",-1.5,NA
"4680","4","us","adults","do you think...?","cb1","R_eJz9GWYOaXp45eJ","2014-06-26 15:40:00",0.05,NA,"female",NA,NA,NA,NA,"christianity","no",NA,NA,5,"test",5,"aff","negative","feels sad right now","aut","movement","can move itself from one side of the box to the other","y",0.5,NA
"4681","4","us","adults","do you think...?","cb1","R_eJz9GWYOaXp45eJ","2014-06-26 15:40:00",0.05,NA,"female",NA,NA,NA,NA,"christianity","no",NA,NA,5,"test",6,"per","hearing","can hear me","aff","positive","can be in a good mood sometimes","y",0.5,NA
"4682","4","us","adults","do you think...?","cb1","R_eJz9GWYOaXp45eJ","2014-06-26 15:40:00",0.05,NA,"female",NA,NA,NA,NA,"christianity","no",NA,NA,5,"test",7,"aut","noise","is making noises all by itself","phy","metal_plastic","is made out of metal","y",0.5,NA
"4683","4","us","adults","do you think...?","cb1","R_eJz9GWYOaXp45eJ","2014-06-26 15:40:00",0.05,NA,"female",NA,NA,NA,NA,"christianity","no",NA,NA,5,"test",8,"aff","positive","feels happy right now","aff","negative","can be in a bad mood sometimes","y",0.5,NA
"4684","4","us","adults","do you think...?","cb1","R_eJz9GWYOaXp45eJ","2014-06-26 15:40:00",0.05,NA,"female",NA,NA,NA,NA,"christianity","no",NA,NA,5,"test",9,"aut","movement","is moving itself around the box","per","hearing","can hear what's going on around it","y",0.5,NA
"4685","4","us","adults","do you think...?","cb1","R_eJz9GWYOaXp45eJ","2014-06-26 15:40:00",0.05,NA,"female",NA,NA,NA,NA,"christianity","no",NA,NA,5,"test",10,"phy","metal_plastic","is made out of plastic","phy","glass_clay","is made out of glass","n",-1.5,NA
"4686","4","us","adults","do you think...?","cb1","R_eJz9GWYOaXp45eJ","2014-06-26 15:40:00",0.05,NA,"female",NA,NA,NA,NA,"christianity","no",NA,NA,5,"test",11,"per","vision","can see me","aut","noise","can make sounds on its own","y",0.5,NA
"4687","4","us","adults","do you think...?","cb1","R_2s18LuBPwpxvWAt","2014-06-26 18:46:00",0.1,NA,"male",NA,NA,NA,NA,"non-religious","no",NA,NA,6,"practice",1,NA,NA,"is purple",NA,NA,"is green","n",-1.5,NA
"4688","4","us","adults","do you think...?","cb1","R_2s18LuBPwpxvWAt","2014-06-26 18:46:00",0.1,NA,"male",NA,NA,NA,NA,"non-religious","no",NA,NA,6,"practice",2,NA,NA,"is walking around",NA,NA,"has legs","y",1.5,NA
"4689","4","us","adults","do you think...?","cb1","R_2s18LuBPwpxvWAt","2014-06-26 18:46:00",0.1,NA,"male",NA,NA,NA,NA,"non-religious","no",NA,NA,6,"practice",3,NA,NA,"is made out of paper",NA,NA,"might rip sometime","y",0.5,NA
"4690","4","us","adults","do you think...?","cb1","R_2s18LuBPwpxvWAt","2014-06-26 18:46:00",0.1,NA,"male",NA,NA,NA,NA,"non-religious","no",NA,NA,6,"test",4,"per","hearing","can hear what's going on around it","aut","movement","can move itself from one side of the box to the other","y",0.5,NA
"4691","4","us","adults","do you think...?","cb1","R_2s18LuBPwpxvWAt","2014-06-26 18:46:00",0.1,NA,"male",NA,NA,NA,NA,"non-religious","no",NA,NA,6,"test",5,"phy","metal_plastic","is made out of metal","phy","glass_clay","is made out of clay","n",-1.5,NA
"4692","4","us","adults","do you think...?","cb1","R_2s18LuBPwpxvWAt","2014-06-26 18:46:00",0.1,NA,"male",NA,NA,NA,NA,"non-religious","no",NA,NA,6,"test",6,"aut","noise","is making noises all by itself","per","vision","can see me","y",0.5,NA
"4693","4","us","adults","do you think...?","cb1","R_2s18LuBPwpxvWAt","2014-06-26 18:46:00",0.1,NA,"male",NA,NA,NA,NA,"non-religious","no",NA,NA,6,"test",7,"aff","positive","is in a good mood right now","aff","negative","can feel sad sometimes","y",0.5,NA
"4694","4","us","adults","do you think...?","cb1","R_2s18LuBPwpxvWAt","2014-06-26 18:46:00",0.1,NA,"male",NA,NA,NA,NA,"non-religious","no",NA,NA,6,"test",8,"aut","movement","is moving itself around the box","phy","metal_plastic","is made out of plastic","n",-0.5,NA
"4695","4","us","adults","do you think...?","cb1","R_2s18LuBPwpxvWAt","2014-06-26 18:46:00",0.1,NA,"male",NA,NA,NA,NA,"non-religious","no",NA,NA,6,"test",9,"per","vision","can see what the box looks like","aff","positive","can feel happy sometimes","y",0.5,NA
"4696","4","us","adults","do you think...?","cb1","R_2s18LuBPwpxvWAt","2014-06-26 18:46:00",0.1,NA,"male",NA,NA,NA,NA,"non-religious","no",NA,NA,6,"test",10,"aff","negative","is in a bad mood right now","aut","noise","can make sounds on its own","y",0.5,NA
"4697","4","us","adults","do you think...?","cb1","R_2s18LuBPwpxvWAt","2014-06-26 18:46:00",0.1,NA,"male",NA,NA,NA,NA,"non-religious","no",NA,NA,6,"test",11,"phy","glass_clay","is made out of glass","per","hearing","can hear me","n",-1.5,NA
"4698","4","us","adults","do you think...?","cb1","R_4YrYk6G0p0x9yaV","2014-06-26 16:39:00",0.0666666666666667,NA,"male",NA,NA,NA,NA,"christianity","yes","Nice drawings and animation!",NA,6,"practice",1,NA,NA,"is purple",NA,NA,"is green","n",-1.5,NA
"4699","4","us","adults","do you think...?","cb1","R_4YrYk6G0p0x9yaV","2014-06-26 16:39:00",0.0666666666666667,NA,"male",NA,NA,NA,NA,"christianity","yes","Nice drawings and animation!",NA,6,"practice",2,NA,NA,"is walking around",NA,NA,"has legs","y",1.5,NA
"4700","4","us","adults","do you think...?","cb1","R_4YrYk6G0p0x9yaV","2014-06-26 16:39:00",0.0666666666666667,NA,"male",NA,NA,NA,NA,"christianity","yes","Nice drawings and animation!",NA,6,"practice",3,NA,NA,"is made out of paper",NA,NA,"might rip sometime","y",1.5,NA
"4701","4","us","adults","do you think...?","cb1","R_4YrYk6G0p0x9yaV","2014-06-26 16:39:00",0.0666666666666667,NA,"male",NA,NA,NA,NA,"christianity","yes","Nice drawings and animation!",NA,6,"test",4,"per","hearing","can hear what's going on around it","aut","movement","can move itself from one side of the box to the other","y",0.5,NA
"4702","4","us","adults","do you think...?","cb1","R_4YrYk6G0p0x9yaV","2014-06-26 16:39:00",0.0666666666666667,NA,"male",NA,NA,NA,NA,"christianity","yes","Nice drawings and animation!",NA,6,"test",5,"phy","metal_plastic","is made out of metal","phy","glass_clay","is made out of clay","n",-1.5,NA
"4703","4","us","adults","do you think...?","cb1","R_4YrYk6G0p0x9yaV","2014-06-26 16:39:00",0.0666666666666667,NA,"male",NA,NA,NA,NA,"christianity","yes","Nice drawings and animation!",NA,6,"test",6,"aut","noise","is making noises all by itself","per","vision","can see me","y",0.5,NA
"4704","4","us","adults","do you think...?","cb1","R_4YrYk6G0p0x9yaV","2014-06-26 16:39:00",0.0666666666666667,NA,"male",NA,NA,NA,NA,"christianity","yes","Nice drawings and animation!",NA,6,"test",7,"aff","positive","is in a good mood right now","aff","negative","can feel sad sometimes","y",1.5,NA
"4705","4","us","adults","do you think...?","cb1","R_4YrYk6G0p0x9yaV","2014-06-26 16:39:00",0.0666666666666667,NA,"male",NA,NA,NA,NA,"christianity","yes","Nice drawings and animation!",NA,6,"test",8,"aut","movement","is moving itself around the box","phy","metal_plastic","is made out of plastic","n",-1.5,NA
"4706","4","us","adults","do you think...?","cb1","R_4YrYk6G0p0x9yaV","2014-06-26 16:39:00",0.0666666666666667,NA,"male",NA,NA,NA,NA,"christianity","yes","Nice drawings and animation!",NA,6,"test",9,"per","vision","can see what the box looks like","aff","positive","can feel happy sometimes","y",0.5,NA
"4707","4","us","adults","do you think...?","cb1","R_4YrYk6G0p0x9yaV","2014-06-26 16:39:00",0.0666666666666667,NA,"male",NA,NA,NA,NA,"christianity","yes","Nice drawings and animation!",NA,6,"test",10,"aff","negative","is in a bad mood right now","aut","noise","can make sounds on its own","y",0.5,NA
"4708","4","us","adults","do you think...?","cb1","R_4YrYk6G0p0x9yaV","2014-06-26 16:39:00",0.0666666666666667,NA,"male",NA,NA,NA,NA,"christianity","yes","Nice drawings and animation!",NA,6,"test",11,"phy","glass_clay","is made out of glass","per","hearing","can hear me","n",-1.5,NA
"4709","4","us","adults","do you think...?","cb1","R_73s2GoU5ukKbUKF","2014-06-26 16:12:00",0.05,NA,"female",NA,NA,NA,NA,"christianity","no","that was fun ... thanks",NA,6,"practice",1,NA,NA,"is purple",NA,NA,"is green","n",-1.5,NA
"4710","4","us","adults","do you think...?","cb1","R_73s2GoU5ukKbUKF","2014-06-26 16:12:00",0.05,NA,"female",NA,NA,NA,NA,"christianity","no","that was fun ... thanks",NA,6,"practice",2,NA,NA,"is walking around",NA,NA,"has legs","y",0.5,NA
"4711","4","us","adults","do you think...?","cb1","R_73s2GoU5ukKbUKF","2014-06-26 16:12:00",0.05,NA,"female",NA,NA,NA,NA,"christianity","no","that was fun ... thanks",NA,6,"practice",3,NA,NA,"is made out of paper",NA,NA,"might rip sometime","y",0.5,NA
"4712","4","us","adults","do you think...?","cb1","R_73s2GoU5ukKbUKF","2014-06-26 16:12:00",0.05,NA,"female",NA,NA,NA,NA,"christianity","no","that was fun ... thanks",NA,6,"test",4,"per","hearing","can hear what's going on around it","aut","movement","can move itself from one side of the box to the other","n",-0.5,NA
"4713","4","us","adults","do you think...?","cb1","R_73s2GoU5ukKbUKF","2014-06-26 16:12:00",0.05,NA,"female",NA,NA,NA,NA,"christianity","no","that was fun ... thanks",NA,6,"test",5,"phy","metal_plastic","is made out of metal","phy","glass_clay","is made out of clay","n",-1.5,NA
"4714","4","us","adults","do you think...?","cb1","R_73s2GoU5ukKbUKF","2014-06-26 16:12:00",0.05,NA,"female",NA,NA,NA,NA,"christianity","no","that was fun ... thanks",NA,6,"test",6,"aut","noise","is making noises all by itself","per","vision","can see me","n",-0.5,NA
"4715","4","us","adults","do you think...?","cb1","R_73s2GoU5ukKbUKF","2014-06-26 16:12:00",0.05,NA,"female",NA,NA,NA,NA,"christianity","no","that was fun ... thanks",NA,6,"test",7,"aff","positive","is in a good mood right now","aff","negative","can feel sad sometimes","n",-0.5,NA
"4716","4","us","adults","do you think...?","cb1","R_73s2GoU5ukKbUKF","2014-06-26 16:12:00",0.05,NA,"female",NA,NA,NA,NA,"christianity","no","that was fun ... thanks",NA,6,"test",8,"aut","movement","is moving itself around the box","phy","metal_plastic","is made out of plastic","n",-1.5,NA
"4717","4","us","adults","do you think...?","cb1","R_73s2GoU5ukKbUKF","2014-06-26 16:12:00",0.05,NA,"female",NA,NA,NA,NA,"christianity","no","that was fun ... thanks",NA,6,"test",9,"per","vision","can see what the box looks like","aff","positive","can feel happy sometimes","y",0.5,NA
"4718","4","us","adults","do you think...?","cb1","R_73s2GoU5ukKbUKF","2014-06-26 16:12:00",0.05,NA,"female",NA,NA,NA,NA,"christianity","no","that was fun ... thanks",NA,6,"test",10,"aff","negative","is in a bad mood right now","aut","noise","can make sounds on its own","n",-0.5,NA
"4719","4","us","adults","do you think...?","cb1","R_73s2GoU5ukKbUKF","2014-06-26 16:12:00",0.05,NA,"female",NA,NA,NA,NA,"christianity","no","that was fun ... thanks",NA,6,"test",11,"phy","glass_clay","is made out of glass","per","hearing","can hear me","n",-1.5,NA
"4720","4","us","adults","do you think...?","cb1","R_8IDoQAJeC5cdraB","2014-06-26 09:59:00",0.05,NA,"female",NA,NA,NA,NA,"christianity","no",NA,NA,6,"practice",1,NA,NA,"is purple",NA,NA,"is green","n",-1.5,NA
"4721","4","us","adults","do you think...?","cb1","R_8IDoQAJeC5cdraB","2014-06-26 09:59:00",0.05,NA,"female",NA,NA,NA,NA,"christianity","no",NA,NA,6,"practice",2,NA,NA,"is walking around",NA,NA,"has legs","y",1.5,NA
"4722","4","us","adults","do you think...?","cb1","R_8IDoQAJeC5cdraB","2014-06-26 09:59:00",0.05,NA,"female",NA,NA,NA,NA,"christianity","no",NA,NA,6,"practice",3,NA,NA,"is made out of paper",NA,NA,"might rip sometime","y",1.5,NA
"4723","4","us","adults","do you think...?","cb1","R_8IDoQAJeC5cdraB","2014-06-26 09:59:00",0.05,NA,"female",NA,NA,NA,NA,"christianity","no",NA,NA,6,"test",4,"per","hearing","can hear what's going on around it","aut","movement","can move itself from one side of the box to the other","y",0.5,NA
"4724","4","us","adults","do you think...?","cb1","R_8IDoQAJeC5cdraB","2014-06-26 09:59:00",0.05,NA,"female",NA,NA,NA,NA,"christianity","no",NA,NA,6,"test",5,"phy","metal_plastic","is made out of metal","phy","glass_clay","is made out of clay","n",-1.5,NA
"4725","4","us","adults","do you think...?","cb1","R_8IDoQAJeC5cdraB","2014-06-26 09:59:00",0.05,NA,"female",NA,NA,NA,NA,"christianity","no",NA,NA,6,"test",6,"aut","noise","is making noises all by itself","per","vision","can see me","y",0.5,NA
"4726","4","us","adults","do you think...?","cb1","R_8IDoQAJeC5cdraB","2014-06-26 09:59:00",0.05,NA,"female",NA,NA,NA,NA,"christianity","no",NA,NA,6,"test",7,"aff","positive","is in a good mood right now","aff","negative","can feel sad sometimes","y",0.5,NA
"4727","4","us","adults","do you think...?","cb1","R_8IDoQAJeC5cdraB","2014-06-26 09:59:00",0.05,NA,"female",NA,NA,NA,NA,"christianity","no",NA,NA,6,"test",8,"aut","movement","is moving itself around the box","phy","metal_plastic","is made out of plastic","n",-1.5,NA
"4728","4","us","adults","do you think...?","cb1","R_8IDoQAJeC5cdraB","2014-06-26 09:59:00",0.05,NA,"female",NA,NA,NA,NA,"christianity","no",NA,NA,6,"test",9,"per","vision","can see what the box looks like","aff","positive","can feel happy sometimes","y",0.5,NA
"4729","4","us","adults","do you think...?","cb1","R_8IDoQAJeC5cdraB","2014-06-26 09:59:00",0.05,NA,"female",NA,NA,NA,NA,"christianity","no",NA,NA,6,"test",10,"aff","negative","is in a bad mood right now","aut","noise","can make sounds on its own","y",0.5,NA
"4730","4","us","adults","do you think...?","cb1","R_8IDoQAJeC5cdraB","2014-06-26 09:59:00",0.05,NA,"female",NA,NA,NA,NA,"christianity","no",NA,NA,6,"test",11,"phy","glass_clay","is made out of glass","per","hearing","can hear me","n",-1.5,NA
"4731","4","us","adults","do you think...?","cb1","R_bJF27h42u58wRsV","2014-06-26 08:52:00",0.0333333333333333,NA,"male",NA,NA,NA,NA,"other","no",NA,NA,6,"practice",1,NA,NA,"is purple",NA,NA,"is green","n",-1.5,NA
"4732","4","us","adults","do you think...?","cb1","R_bJF27h42u58wRsV","2014-06-26 08:52:00",0.0333333333333333,NA,"male",NA,NA,NA,NA,"other","no",NA,NA,6,"practice",2,NA,NA,"is walking around",NA,NA,"has legs","y",1.5,NA
"4733","4","us","adults","do you think...?","cb1","R_bJF27h42u58wRsV","2014-06-26 08:52:00",0.0333333333333333,NA,"male",NA,NA,NA,NA,"other","no",NA,NA,6,"practice",3,NA,NA,"is made out of paper",NA,NA,"might rip sometime","y",0.5,NA
"4734","4","us","adults","do you think...?","cb1","R_bJF27h42u58wRsV","2014-06-26 08:52:00",0.0333333333333333,NA,"male",NA,NA,NA,NA,"other","no",NA,NA,6,"test",4,"per","hearing","can hear what's going on around it","aut","movement","can move itself from one side of the box to the other","y",0.5,NA
"4735","4","us","adults","do you think...?","cb1","R_bJF27h42u58wRsV","2014-06-26 08:52:00",0.0333333333333333,NA,"male",NA,NA,NA,NA,"other","no",NA,NA,6,"test",5,"phy","metal_plastic","is made out of metal","phy","glass_clay","is made out of clay","n",-1.5,NA
"4736","4","us","adults","do you think...?","cb1","R_bJF27h42u58wRsV","2014-06-26 08:52:00",0.0333333333333333,NA,"male",NA,NA,NA,NA,"other","no",NA,NA,6,"test",6,"aut","noise","is making noises all by itself","per","vision","can see me","n",-0.5,NA
"4737","4","us","adults","do you think...?","cb1","R_bJF27h42u58wRsV","2014-06-26 08:52:00",0.0333333333333333,NA,"male",NA,NA,NA,NA,"other","no",NA,NA,6,"test",7,"aff","positive","is in a good mood right now","aff","negative","can feel sad sometimes","y",0.5,NA
"4738","4","us","adults","do you think...?","cb1","R_bJF27h42u58wRsV","2014-06-26 08:52:00",0.0333333333333333,NA,"male",NA,NA,NA,NA,"other","no",NA,NA,6,"test",8,"aut","movement","is moving itself around the box","phy","metal_plastic","is made out of plastic","y",0.5,NA
"4739","4","us","adults","do you think...?","cb1","R_bJF27h42u58wRsV","2014-06-26 08:52:00",0.0333333333333333,NA,"male",NA,NA,NA,NA,"other","no",NA,NA,6,"test",9,"per","vision","can see what the box looks like","aff","positive","can feel happy sometimes","n",-0.5,NA
"4740","4","us","adults","do you think...?","cb1","R_bJF27h42u58wRsV","2014-06-26 08:52:00",0.0333333333333333,NA,"male",NA,NA,NA,NA,"other","no",NA,NA,6,"test",10,"aff","negative","is in a bad mood right now","aut","noise","can make sounds on its own","n",-0.5,NA
"4741","4","us","adults","do you think...?","cb1","R_bJF27h42u58wRsV","2014-06-26 08:52:00",0.0333333333333333,NA,"male",NA,NA,NA,NA,"other","no",NA,NA,6,"test",11,"phy","glass_clay","is made out of glass","per","hearing","can hear me","n",-1.5,NA
"4742","4","us","adults","do you think...?","cb1","R_cvDlstliz9CWH1r","2014-06-25 18:12:00",0.05,NA,NA,NA,NA,NA,NA,NA,"no",NA,NA,6,"practice",1,NA,NA,"is purple",NA,NA,"is green","n",-1.5,NA
"4743","4","us","adults","do you think...?","cb1","R_cvDlstliz9CWH1r","2014-06-25 18:12:00",0.05,NA,NA,NA,NA,NA,NA,NA,"no",NA,NA,6,"practice",2,NA,NA,"is walking around",NA,NA,"has legs","y",1.5,NA
"4744","4","us","adults","do you think...?","cb1","R_cvDlstliz9CWH1r","2014-06-25 18:12:00",0.05,NA,NA,NA,NA,NA,NA,NA,"no",NA,NA,6,"practice",3,NA,NA,"is made out of paper",NA,NA,"might rip sometime","y",1.5,NA
"4745","4","us","adults","do you think...?","cb1","R_cvDlstliz9CWH1r","2014-06-25 18:12:00",0.05,NA,NA,NA,NA,NA,NA,NA,"no",NA,NA,6,"test",4,"per","hearing","can hear what's going on around it","aut","movement","can move itself from one side of the box to the other","y",1.5,NA
"4746","4","us","adults","do you think...?","cb1","R_cvDlstliz9CWH1r","2014-06-25 18:12:00",0.05,NA,NA,NA,NA,NA,NA,NA,"no",NA,NA,6,"test",5,"phy","metal_plastic","is made out of metal","phy","glass_clay","is made out of clay","n",-1.5,NA
"4747","4","us","adults","do you think...?","cb1","R_cvDlstliz9CWH1r","2014-06-25 18:12:00",0.05,NA,NA,NA,NA,NA,NA,NA,"no",NA,NA,6,"test",6,"aut","noise","is making noises all by itself","per","vision","can see me","y",0.5,NA
"4748","4","us","adults","do you think...?","cb1","R_cvDlstliz9CWH1r","2014-06-25 18:12:00",0.05,NA,NA,NA,NA,NA,NA,NA,"no",NA,NA,6,"test",7,"aff","positive","is in a good mood right now","aff","negative","can feel sad sometimes","y",1.5,NA
"4749","4","us","adults","do you think...?","cb1","R_cvDlstliz9CWH1r","2014-06-25 18:12:00",0.05,NA,NA,NA,NA,NA,NA,NA,"no",NA,NA,6,"test",8,"aut","movement","is moving itself around the box","phy","metal_plastic","is made out of plastic","n",-1.5,NA
"4750","4","us","adults","do you think...?","cb1","R_cvDlstliz9CWH1r","2014-06-25 18:12:00",0.05,NA,NA,NA,NA,NA,NA,NA,"no",NA,NA,6,"test",9,"per","vision","can see what the box looks like","aff","positive","can feel happy sometimes","y",0.5,NA
"4751","4","us","adults","do you think...?","cb1","R_cvDlstliz9CWH1r","2014-06-25 18:12:00",0.05,NA,NA,NA,NA,NA,NA,NA,"no",NA,NA,6,"test",10,"aff","negative","is in a bad mood right now","aut","noise","can make sounds on its own","y",1.5,NA
"4752","4","us","adults","do you think...?","cb1","R_cvDlstliz9CWH1r","2014-06-25 18:12:00",0.05,NA,NA,NA,NA,NA,NA,NA,"no",NA,NA,6,"test",11,"phy","glass_clay","is made out of glass","per","hearing","can hear me","n",-1.5,NA
"4753","4","us","adults","do you think...?","cb1","R_dhxLLkJKUuwW7Yx","2014-06-26 18:57:00",0.05,NA,"male",NA,NA,NA,NA,"christianity","no",NA,NA,6,"practice",1,NA,NA,"is purple",NA,NA,"is green","n",-1.5,NA
"4754","4","us","adults","do you think...?","cb1","R_dhxLLkJKUuwW7Yx","2014-06-26 18:57:00",0.05,NA,"male",NA,NA,NA,NA,"christianity","no",NA,NA,6,"practice",2,NA,NA,"is walking around",NA,NA,"has legs","y",1.5,NA
"4755","4","us","adults","do you think...?","cb1","R_dhxLLkJKUuwW7Yx","2014-06-26 18:57:00",0.05,NA,"male",NA,NA,NA,NA,"christianity","no",NA,NA,6,"practice",3,NA,NA,"is made out of paper",NA,NA,"might rip sometime","y",1.5,NA
"4756","4","us","adults","do you think...?","cb1","R_dhxLLkJKUuwW7Yx","2014-06-26 18:57:00",0.05,NA,"male",NA,NA,NA,NA,"christianity","no",NA,NA,6,"test",4,"per","hearing","can hear what's going on around it","aut","movement","can move itself from one side of the box to the other","y",0.5,NA
"4757","4","us","adults","do you think...?","cb1","R_dhxLLkJKUuwW7Yx","2014-06-26 18:57:00",0.05,NA,"male",NA,NA,NA,NA,"christianity","no",NA,NA,6,"test",5,"phy","metal_plastic","is made out of metal","phy","glass_clay","is made out of clay","n",-1.5,NA
"4758","4","us","adults","do you think...?","cb1","R_dhxLLkJKUuwW7Yx","2014-06-26 18:57:00",0.05,NA,"male",NA,NA,NA,NA,"christianity","no",NA,NA,6,"test",6,"aut","noise","is making noises all by itself","per","vision","can see me","y",0.5,NA
"4759","4","us","adults","do you think...?","cb1","R_dhxLLkJKUuwW7Yx","2014-06-26 18:57:00",0.05,NA,"male",NA,NA,NA,NA,"christianity","no",NA,NA,6,"test",7,"aff","positive","is in a good mood right now","aff","negative","can feel sad sometimes","y",1.5,NA
"4760","4","us","adults","do you think...?","cb1","R_dhxLLkJKUuwW7Yx","2014-06-26 18:57:00",0.05,NA,"male",NA,NA,NA,NA,"christianity","no",NA,NA,6,"test",8,"aut","movement","is moving itself around the box","phy","metal_plastic","is made out of plastic","n",-0.5,NA
"4761","4","us","adults","do you think...?","cb1","R_dhxLLkJKUuwW7Yx","2014-06-26 18:57:00",0.05,NA,"male",NA,NA,NA,NA,"christianity","no",NA,NA,6,"test",9,"per","vision","can see what the box looks like","aff","positive","can feel happy sometimes","y",0.5,NA
"4762","4","us","adults","do you think...?","cb1","R_dhxLLkJKUuwW7Yx","2014-06-26 18:57:00",0.05,NA,"male",NA,NA,NA,NA,"christianity","no",NA,NA,6,"test",10,"aff","negative","is in a bad mood right now","aut","noise","can make sounds on its own","y",0.5,NA
"4763","4","us","adults","do you think...?","cb1","R_dhxLLkJKUuwW7Yx","2014-06-26 18:57:00",0.05,NA,"male",NA,NA,NA,NA,"christianity","no",NA,NA,6,"test",11,"phy","glass_clay","is made out of glass","per","hearing","can hear me","n",-1.5,NA
"4764","4","us","adults","do you think...?","cb1","R_em9YvgpJkIp9RNX","2014-06-26 19:03:00",0.05,NA,"male",NA,NA,NA,NA,"non-religious","no","Thanks for the HIT. It was interesting.",NA,6,"practice",1,NA,NA,"is purple",NA,NA,"is green","n",-0.5,NA
"4765","4","us","adults","do you think...?","cb1","R_em9YvgpJkIp9RNX","2014-06-26 19:03:00",0.05,NA,"male",NA,NA,NA,NA,"non-religious","no","Thanks for the HIT. It was interesting.",NA,6,"practice",2,NA,NA,"is walking around",NA,NA,"has legs","y",1.5,NA
"4766","4","us","adults","do you think...?","cb1","R_em9YvgpJkIp9RNX","2014-06-26 19:03:00",0.05,NA,"male",NA,NA,NA,NA,"non-religious","no","Thanks for the HIT. It was interesting.",NA,6,"practice",3,NA,NA,"is made out of paper",NA,NA,"might rip sometime","y",1.5,NA
"4767","4","us","adults","do you think...?","cb1","R_em9YvgpJkIp9RNX","2014-06-26 19:03:00",0.05,NA,"male",NA,NA,NA,NA,"non-religious","no","Thanks for the HIT. It was interesting.",NA,6,"test",4,"per","hearing","can hear what's going on around it","aut","movement","can move itself from one side of the box to the other","y",0.5,NA
"4768","4","us","adults","do you think...?","cb1","R_em9YvgpJkIp9RNX","2014-06-26 19:03:00",0.05,NA,"male",NA,NA,NA,NA,"non-religious","no","Thanks for the HIT. It was interesting.",NA,6,"test",5,"phy","metal_plastic","is made out of metal","phy","glass_clay","is made out of clay","n",-1.5,NA
"4769","4","us","adults","do you think...?","cb1","R_em9YvgpJkIp9RNX","2014-06-26 19:03:00",0.05,NA,"male",NA,NA,NA,NA,"non-religious","no","Thanks for the HIT. It was interesting.",NA,6,"test",6,"aut","noise","is making noises all by itself","per","vision","can see me","y",0.5,NA
"4770","4","us","adults","do you think...?","cb1","R_em9YvgpJkIp9RNX","2014-06-26 19:03:00",0.05,NA,"male",NA,NA,NA,NA,"non-religious","no","Thanks for the HIT. It was interesting.",NA,6,"test",7,"aff","positive","is in a good mood right now","aff","negative","can feel sad sometimes","y",0.5,NA
"4771","4","us","adults","do you think...?","cb1","R_em9YvgpJkIp9RNX","2014-06-26 19:03:00",0.05,NA,"male",NA,NA,NA,NA,"non-religious","no","Thanks for the HIT. It was interesting.",NA,6,"test",8,"aut","movement","is moving itself around the box","phy","metal_plastic","is made out of plastic","n",-0.5,NA
"4772","4","us","adults","do you think...?","cb1","R_em9YvgpJkIp9RNX","2014-06-26 19:03:00",0.05,NA,"male",NA,NA,NA,NA,"non-religious","no","Thanks for the HIT. It was interesting.",NA,6,"test",9,"per","vision","can see what the box looks like","aff","positive","can feel happy sometimes","n",-0.5,NA
"4773","4","us","adults","do you think...?","cb1","R_em9YvgpJkIp9RNX","2014-06-26 19:03:00",0.05,NA,"male",NA,NA,NA,NA,"non-religious","no","Thanks for the HIT. It was interesting.",NA,6,"test",10,"aff","negative","is in a bad mood right now","aut","noise","can make sounds on its own","y",0.5,NA
"4774","4","us","adults","do you think...?","cb1","R_em9YvgpJkIp9RNX","2014-06-26 19:03:00",0.05,NA,"male",NA,NA,NA,NA,"non-religious","no","Thanks for the HIT. It was interesting.",NA,6,"test",11,"phy","glass_clay","is made out of glass","per","hearing","can hear me","n",-0.5,NA
"4775","4","us","adults","do you think...?","cb1","R_eP5nHV0n96xqL53","2014-06-26 09:02:00",0.0166666666666667,NA,"female",NA,NA,NA,NA,"christianity","no","no",NA,6,"practice",1,NA,NA,"is purple",NA,NA,"is green","n",-1.5,NA
"4776","4","us","adults","do you think...?","cb1","R_eP5nHV0n96xqL53","2014-06-26 09:02:00",0.0166666666666667,NA,"female",NA,NA,NA,NA,"christianity","no","no",NA,6,"practice",2,NA,NA,"is walking around",NA,NA,"has legs","y",1.5,NA
"4777","4","us","adults","do you think...?","cb1","R_eP5nHV0n96xqL53","2014-06-26 09:02:00",0.0166666666666667,NA,"female",NA,NA,NA,NA,"christianity","no","no",NA,6,"practice",3,NA,NA,"is made out of paper",NA,NA,"might rip sometime","y",1.5,NA
"4778","4","us","adults","do you think...?","cb1","R_eP5nHV0n96xqL53","2014-06-26 09:02:00",0.0166666666666667,NA,"female",NA,NA,NA,NA,"christianity","no","no",NA,6,"test",4,"per","hearing","can hear what's going on around it","aut","movement","can move itself from one side of the box to the other","y",1.5,NA
"4779","4","us","adults","do you think...?","cb1","R_eP5nHV0n96xqL53","2014-06-26 09:02:00",0.0166666666666667,NA,"female",NA,NA,NA,NA,"christianity","no","no",NA,6,"test",5,"phy","metal_plastic","is made out of metal","phy","glass_clay","is made out of clay","n",-1.5,NA
"4780","4","us","adults","do you think...?","cb1","R_eP5nHV0n96xqL53","2014-06-26 09:02:00",0.0166666666666667,NA,"female",NA,NA,NA,NA,"christianity","no","no",NA,6,"test",6,"aut","noise","is making noises all by itself","per","vision","can see me","y",0.5,NA
"4781","4","us","adults","do you think...?","cb1","R_eP5nHV0n96xqL53","2014-06-26 09:02:00",0.0166666666666667,NA,"female",NA,NA,NA,NA,"christianity","no","no",NA,6,"test",7,"aff","positive","is in a good mood right now","aff","negative","can feel sad sometimes","y",1.5,NA
"4782","4","us","adults","do you think...?","cb1","R_eP5nHV0n96xqL53","2014-06-26 09:02:00",0.0166666666666667,NA,"female",NA,NA,NA,NA,"christianity","no","no",NA,6,"test",8,"aut","movement","is moving itself around the box","phy","metal_plastic","is made out of plastic","n",-1.5,NA
"4783","4","us","adults","do you think...?","cb1","R_eP5nHV0n96xqL53","2014-06-26 09:02:00",0.0166666666666667,NA,"female",NA,NA,NA,NA,"christianity","no","no",NA,6,"test",9,"per","vision","can see what the box looks like","aff","positive","can feel happy sometimes","y",0.5,NA
"4784","4","us","adults","do you think...?","cb1","R_eP5nHV0n96xqL53","2014-06-26 09:02:00",0.0166666666666667,NA,"female",NA,NA,NA,NA,"christianity","no","no",NA,6,"test",10,"aff","negative","is in a bad mood right now","aut","noise","can make sounds on its own","y",1.5,NA
"4785","4","us","adults","do you think...?","cb1","R_eP5nHV0n96xqL53","2014-06-26 09:02:00",0.0166666666666667,NA,"female",NA,NA,NA,NA,"christianity","no","no",NA,6,"test",11,"phy","glass_clay","is made out of glass","per","hearing","can hear me","n",-1.5,NA
"4786","4","us","adults","do you think...?","cb1","R_es5BmT7g4ZVXbNj","2014-06-26 10:31:00",0.1,NA,"female",NA,NA,NA,NA,"christianity","no",NA,NA,6,"practice",1,NA,NA,"is purple",NA,NA,"is green","n",-1.5,NA
"4787","4","us","adults","do you think...?","cb1","R_es5BmT7g4ZVXbNj","2014-06-26 10:31:00",0.1,NA,"female",NA,NA,NA,NA,"christianity","no",NA,NA,6,"practice",2,NA,NA,"is walking around",NA,NA,"has legs","y",1.5,NA
"4788","4","us","adults","do you think...?","cb1","R_es5BmT7g4ZVXbNj","2014-06-26 10:31:00",0.1,NA,"female",NA,NA,NA,NA,"christianity","no",NA,NA,6,"practice",3,NA,NA,"is made out of paper",NA,NA,"might rip sometime","y",1.5,NA
"4789","4","us","adults","do you think...?","cb1","R_es5BmT7g4ZVXbNj","2014-06-26 10:31:00",0.1,NA,"female",NA,NA,NA,NA,"christianity","no",NA,NA,6,"test",4,"per","hearing","can hear what's going on around it","aut","movement","can move itself from one side of the box to the other","y",0.5,NA
"4790","4","us","adults","do you think...?","cb1","R_es5BmT7g4ZVXbNj","2014-06-26 10:31:00",0.1,NA,"female",NA,NA,NA,NA,"christianity","no",NA,NA,6,"test",5,"phy","metal_plastic","is made out of metal","phy","glass_clay","is made out of clay","n",-1.5,NA
"4791","4","us","adults","do you think...?","cb1","R_es5BmT7g4ZVXbNj","2014-06-26 10:31:00",0.1,NA,"female",NA,NA,NA,NA,"christianity","no",NA,NA,6,"test",6,"aut","noise","is making noises all by itself","per","vision","can see me","y",0.5,NA
"4792","4","us","adults","do you think...?","cb1","R_es5BmT7g4ZVXbNj","2014-06-26 10:31:00",0.1,NA,"female",NA,NA,NA,NA,"christianity","no",NA,NA,6,"test",7,"aff","positive","is in a good mood right now","aff","negative","can feel sad sometimes","y",0.5,NA
"4793","4","us","adults","do you think...?","cb1","R_es5BmT7g4ZVXbNj","2014-06-26 10:31:00",0.1,NA,"female",NA,NA,NA,NA,"christianity","no",NA,NA,6,"test",8,"aut","movement","is moving itself around the box","phy","metal_plastic","is made out of plastic","y",0.5,NA
"4794","4","us","adults","do you think...?","cb1","R_es5BmT7g4ZVXbNj","2014-06-26 10:31:00",0.1,NA,"female",NA,NA,NA,NA,"christianity","no",NA,NA,6,"test",9,"per","vision","can see what the box looks like","aff","positive","can feel happy sometimes","y",0.5,NA
"4795","4","us","adults","do you think...?","cb1","R_es5BmT7g4ZVXbNj","2014-06-26 10:31:00",0.1,NA,"female",NA,NA,NA,NA,"christianity","no",NA,NA,6,"test",10,"aff","negative","is in a bad mood right now","aut","noise","can make sounds on its own","n",-0.5,NA
"4796","4","us","adults","do you think...?","cb1","R_es5BmT7g4ZVXbNj","2014-06-26 10:31:00",0.1,NA,"female",NA,NA,NA,NA,"christianity","no",NA,NA,6,"test",11,"phy","glass_clay","is made out of glass","per","hearing","can hear me","n",-0.5,NA
"4797","4","us","adults","do you think...?","cb1","R_0DkzWLAOntAm7GZ","2014-06-26 15:25:00",0.0333333333333333,NA,"female",NA,NA,NA,NA,"non-religious","no",NA,NA,7,"practice",1,NA,NA,"is purple",NA,NA,"is green","n",-1.5,NA
"4798","4","us","adults","do you think...?","cb1","R_0DkzWLAOntAm7GZ","2014-06-26 15:25:00",0.0333333333333333,NA,"female",NA,NA,NA,NA,"non-religious","no",NA,NA,7,"practice",2,NA,NA,"is walking around",NA,NA,"has legs","y",1.5,NA
"4799","4","us","adults","do you think...?","cb1","R_0DkzWLAOntAm7GZ","2014-06-26 15:25:00",0.0333333333333333,NA,"female",NA,NA,NA,NA,"non-religious","no",NA,NA,7,"practice",3,NA,NA,"is made out of paper",NA,NA,"might rip sometime","y",1.5,NA
"4800","4","us","adults","do you think...?","cb1","R_0DkzWLAOntAm7GZ","2014-06-26 15:25:00",0.0333333333333333,NA,"female",NA,NA,NA,NA,"non-religious","no",NA,NA,7,"test",4,"aff","positive","is in a good mood right now","per","hearing","can hear what's going on around it","y",0.5,NA
"4801","4","us","adults","do you think...?","cb1","R_0DkzWLAOntAm7GZ","2014-06-26 15:25:00",0.0333333333333333,NA,"female",NA,NA,NA,NA,"non-religious","no",NA,NA,7,"test",5,"per","vision","can see me","phy","metal_plastic","is made out of metal","n",-1.5,NA
"4802","4","us","adults","do you think...?","cb1","R_0DkzWLAOntAm7GZ","2014-06-26 15:25:00",0.0333333333333333,NA,"female",NA,NA,NA,NA,"non-religious","no",NA,NA,7,"test",6,"phy","glass_clay","is made out of clay","aff","positive","can feel happy sometimes","n",-1.5,NA
"4803","4","us","adults","do you think...?","cb1","R_0DkzWLAOntAm7GZ","2014-06-26 15:25:00",0.0333333333333333,NA,"female",NA,NA,NA,NA,"non-religious","no",NA,NA,7,"test",7,"aut","movement","is moving itself from one side of the box to the other","aut","noise","can make noises all by itself","y",0.5,NA
"4804","4","us","adults","do you think...?","cb1","R_0DkzWLAOntAm7GZ","2014-06-26 15:25:00",0.0333333333333333,NA,"female",NA,NA,NA,NA,"non-religious","no",NA,NA,7,"test",8,"aff","negative","feels sad right now","phy","glass_clay","is made out of glass","n",-1.5,NA
"4805","4","us","adults","do you think...?","cb1","R_0DkzWLAOntAm7GZ","2014-06-26 15:25:00",0.0333333333333333,NA,"female",NA,NA,NA,NA,"non-religious","no",NA,NA,7,"test",9,"per","hearing","can hear me","per","vision","can see what the box looks like","y",0.5,NA
"4806","4","us","adults","do you think...?","cb1","R_0DkzWLAOntAm7GZ","2014-06-26 15:25:00",0.0333333333333333,NA,"female",NA,NA,NA,NA,"non-religious","no",NA,NA,7,"test",10,"phy","metal_plastic","is made out of plastic","aut","movement","can move itself around the box","n",-1.5,NA
"4807","4","us","adults","do you think...?","cb1","R_0DkzWLAOntAm7GZ","2014-06-26 15:25:00",0.0333333333333333,NA,"female",NA,NA,NA,NA,"non-religious","no",NA,NA,7,"test",11,"aut","noise","is making sounds on its own","aff","negative","can be in a bad mood sometimes","y",0.5,NA
"4808","4","us","adults","do you think...?","cb1","R_0Ha0liVZDzh6v89","2014-06-26 18:53:00",0.0666666666666667,NA,"male",NA,NA,NA,NA,"non-religious","no",NA,NA,7,"practice",1,NA,NA,"is purple",NA,NA,"is green","n",-1.5,NA
"4809","4","us","adults","do you think...?","cb1","R_0Ha0liVZDzh6v89","2014-06-26 18:53:00",0.0666666666666667,NA,"male",NA,NA,NA,NA,"non-religious","no",NA,NA,7,"practice",2,NA,NA,"is walking around",NA,NA,"has legs","y",1.5,NA
"4810","4","us","adults","do you think...?","cb1","R_0Ha0liVZDzh6v89","2014-06-26 18:53:00",0.0666666666666667,NA,"male",NA,NA,NA,NA,"non-religious","no",NA,NA,7,"practice",3,NA,NA,"is made out of paper",NA,NA,"might rip sometime","y",1.5,NA
"4811","4","us","adults","do you think...?","cb1","R_0Ha0liVZDzh6v89","2014-06-26 18:53:00",0.0666666666666667,NA,"male",NA,NA,NA,NA,"non-religious","no",NA,NA,7,"test",4,"aff","positive","is in a good mood right now","per","hearing","can hear what's going on around it","y",0.5,NA
"4812","4","us","adults","do you think...?","cb1","R_0Ha0liVZDzh6v89","2014-06-26 18:53:00",0.0666666666666667,NA,"male",NA,NA,NA,NA,"non-religious","no",NA,NA,7,"test",5,"per","vision","can see me","phy","metal_plastic","is made out of metal","y",0.5,NA
"4813","4","us","adults","do you think...?","cb1","R_0Ha0liVZDzh6v89","2014-06-26 18:53:00",0.0666666666666667,NA,"male",NA,NA,NA,NA,"non-religious","no",NA,NA,7,"test",6,"phy","glass_clay","is made out of clay","aff","positive","can feel happy sometimes","n",-1.5,NA
"4814","4","us","adults","do you think...?","cb1","R_0Ha0liVZDzh6v89","2014-06-26 18:53:00",0.0666666666666667,NA,"male",NA,NA,NA,NA,"non-religious","no",NA,NA,7,"test",7,"aut","movement","is moving itself from one side of the box to the other","aut","noise","can make noises all by itself","y",0.5,NA
"4815","4","us","adults","do you think...?","cb1","R_0Ha0liVZDzh6v89","2014-06-26 18:53:00",0.0666666666666667,NA,"male",NA,NA,NA,NA,"non-religious","no",NA,NA,7,"test",8,"aff","negative","feels sad right now","phy","glass_clay","is made out of glass","n",-1.5,NA
"4816","4","us","adults","do you think...?","cb1","R_0Ha0liVZDzh6v89","2014-06-26 18:53:00",0.0666666666666667,NA,"male",NA,NA,NA,NA,"non-religious","no",NA,NA,7,"test",9,"per","hearing","can hear me","per","vision","can see what the box looks like","y",0.5,NA
"4817","4","us","adults","do you think...?","cb1","R_0Ha0liVZDzh6v89","2014-06-26 18:53:00",0.0666666666666667,NA,"male",NA,NA,NA,NA,"non-religious","no",NA,NA,7,"test",10,"phy","metal_plastic","is made out of plastic","aut","movement","can move itself around the box","n",-1.5,NA
"4818","4","us","adults","do you think...?","cb1","R_0Ha0liVZDzh6v89","2014-06-26 18:53:00",0.0666666666666667,NA,"male",NA,NA,NA,NA,"non-religious","no",NA,NA,7,"test",11,"aut","noise","is making sounds on its own","aff","negative","can be in a bad mood sometimes","y",0.5,NA
"4819","4","us","adults","do you think...?","cb1","R_0pubM3UOICUxNnD","2014-06-26 16:32:00",0.0333333333333333,NA,"female",NA,NA,NA,NA,"christianity","no",NA,NA,7,"practice",1,NA,NA,"is purple",NA,NA,"is green","n",-1.5,NA
"4820","4","us","adults","do you think...?","cb1","R_0pubM3UOICUxNnD","2014-06-26 16:32:00",0.0333333333333333,NA,"female",NA,NA,NA,NA,"christianity","no",NA,NA,7,"practice",2,NA,NA,"is walking around",NA,NA,"has legs","y",1.5,NA
"4821","4","us","adults","do you think...?","cb1","R_0pubM3UOICUxNnD","2014-06-26 16:32:00",0.0333333333333333,NA,"female",NA,NA,NA,NA,"christianity","no",NA,NA,7,"practice",3,NA,NA,"is made out of paper",NA,NA,"might rip sometime","y",0.5,NA
"4822","4","us","adults","do you think...?","cb1","R_0pubM3UOICUxNnD","2014-06-26 16:32:00",0.0333333333333333,NA,"female",NA,NA,NA,NA,"christianity","no",NA,NA,7,"test",4,"aff","positive","is in a good mood right now","per","hearing","can hear what's going on around it","y",0.5,NA
"4823","4","us","adults","do you think...?","cb1","R_0pubM3UOICUxNnD","2014-06-26 16:32:00",0.0333333333333333,NA,"female",NA,NA,NA,NA,"christianity","no",NA,NA,7,"test",5,"per","vision","can see me","phy","metal_plastic","is made out of metal","n",-0.5,NA
"4824","4","us","adults","do you think...?","cb1","R_0pubM3UOICUxNnD","2014-06-26 16:32:00",0.0333333333333333,NA,"female",NA,NA,NA,NA,"christianity","no",NA,NA,7,"test",6,"phy","glass_clay","is made out of clay","aff","positive","can feel happy sometimes","n",-1.5,NA
"4825","4","us","adults","do you think...?","cb1","R_0pubM3UOICUxNnD","2014-06-26 16:32:00",0.0333333333333333,NA,"female",NA,NA,NA,NA,"christianity","no",NA,NA,7,"test",7,"aut","movement","is moving itself from one side of the box to the other","aut","noise","can make noises all by itself","y",0.5,NA
"4826","4","us","adults","do you think...?","cb1","R_0pubM3UOICUxNnD","2014-06-26 16:32:00",0.0333333333333333,NA,"female",NA,NA,NA,NA,"christianity","no",NA,NA,7,"test",8,"aff","negative","feels sad right now","phy","glass_clay","is made out of glass","n",-1.5,NA
"4827","4","us","adults","do you think...?","cb1","R_0pubM3UOICUxNnD","2014-06-26 16:32:00",0.0333333333333333,NA,"female",NA,NA,NA,NA,"christianity","no",NA,NA,7,"test",9,"per","hearing","can hear me","per","vision","can see what the box looks like","y",0.5,NA
"4828","4","us","adults","do you think...?","cb1","R_0pubM3UOICUxNnD","2014-06-26 16:32:00",0.0333333333333333,NA,"female",NA,NA,NA,NA,"christianity","no",NA,NA,7,"test",10,"phy","metal_plastic","is made out of plastic","aut","movement","can move itself around the box","n",-1.5,NA
"4829","4","us","adults","do you think...?","cb1","R_0pubM3UOICUxNnD","2014-06-26 16:32:00",0.0333333333333333,NA,"female",NA,NA,NA,NA,"christianity","no",NA,NA,7,"test",11,"aut","noise","is making sounds on its own","aff","negative","can be in a bad mood sometimes","n",-0.5,NA
"4830","4","us","adults","do you think...?","cb1","R_3KJYWoVnNl8tkhf","2014-06-26 09:08:00",0.266666666666667,NA,"female",NA,NA,NA,NA,"other","no",NA,NA,7,"practice",1,NA,NA,"is purple",NA,NA,"is green","n",-1.5,NA
"4831","4","us","adults","do you think...?","cb1","R_3KJYWoVnNl8tkhf","2014-06-26 09:08:00",0.266666666666667,NA,"female",NA,NA,NA,NA,"other","no",NA,NA,7,"practice",2,NA,NA,"is walking around",NA,NA,"has legs","y",1.5,NA
"4832","4","us","adults","do you think...?","cb1","R_3KJYWoVnNl8tkhf","2014-06-26 09:08:00",0.266666666666667,NA,"female",NA,NA,NA,NA,"other","no",NA,NA,7,"practice",3,NA,NA,"is made out of paper",NA,NA,"might rip sometime","y",0.5,NA
"4833","4","us","adults","do you think...?","cb1","R_3KJYWoVnNl8tkhf","2014-06-26 09:08:00",0.266666666666667,NA,"female",NA,NA,NA,NA,"other","no",NA,NA,7,"test",4,"aff","positive","is in a good mood right now","per","hearing","can hear what's going on around it","n",-0.5,NA
"4834","4","us","adults","do you think...?","cb1","R_3KJYWoVnNl8tkhf","2014-06-26 09:08:00",0.266666666666667,NA,"female",NA,NA,NA,NA,"other","no",NA,NA,7,"test",5,"per","vision","can see me","phy","metal_plastic","is made out of metal","n",-1.5,NA
"4835","4","us","adults","do you think...?","cb1","R_3KJYWoVnNl8tkhf","2014-06-26 09:08:00",0.266666666666667,NA,"female",NA,NA,NA,NA,"other","no",NA,NA,7,"test",6,"phy","glass_clay","is made out of clay","aff","positive","can feel happy sometimes","n",-1.5,NA
"4836","4","us","adults","do you think...?","cb1","R_3KJYWoVnNl8tkhf","2014-06-26 09:08:00",0.266666666666667,NA,"female",NA,NA,NA,NA,"other","no",NA,NA,7,"test",7,"aut","movement","is moving itself from one side of the box to the other","aut","noise","can make noises all by itself","y",0.5,NA
"4837","4","us","adults","do you think...?","cb1","R_3KJYWoVnNl8tkhf","2014-06-26 09:08:00",0.266666666666667,NA,"female",NA,NA,NA,NA,"other","no",NA,NA,7,"test",8,"aff","negative","feels sad right now","phy","glass_clay","is made out of glass","n",-1.5,NA
"4838","4","us","adults","do you think...?","cb1","R_3KJYWoVnNl8tkhf","2014-06-26 09:08:00",0.266666666666667,NA,"female",NA,NA,NA,NA,"other","no",NA,NA,7,"test",9,"per","hearing","can hear me","per","vision","can see what the box looks like","y",0.5,NA
"4839","4","us","adults","do you think...?","cb1","R_3KJYWoVnNl8tkhf","2014-06-26 09:08:00",0.266666666666667,NA,"female",NA,NA,NA,NA,"other","no",NA,NA,7,"test",10,"phy","metal_plastic","is made out of plastic","aut","movement","can move itself around the box","n",-0.5,NA
"4840","4","us","adults","do you think...?","cb1","R_3KJYWoVnNl8tkhf","2014-06-26 09:08:00",0.266666666666667,NA,"female",NA,NA,NA,NA,"other","no",NA,NA,7,"test",11,"aut","noise","is making sounds on its own","aff","negative","can be in a bad mood sometimes","y",0.5,NA
"4841","4","us","adults","do you think...?","cb1","R_5p6eZkIXmuDhKq9","2014-06-26 09:21:00",0.0333333333333333,NA,"male",NA,NA,NA,NA,"christianity","no",NA,NA,7,"practice",1,NA,NA,"is purple",NA,NA,"is green","n",-1.5,NA
"4842","4","us","adults","do you think...?","cb1","R_5p6eZkIXmuDhKq9","2014-06-26 09:21:00",0.0333333333333333,NA,"male",NA,NA,NA,NA,"christianity","no",NA,NA,7,"practice",2,NA,NA,"is walking around",NA,NA,"has legs","y",1.5,NA
"4843","4","us","adults","do you think...?","cb1","R_5p6eZkIXmuDhKq9","2014-06-26 09:21:00",0.0333333333333333,NA,"male",NA,NA,NA,NA,"christianity","no",NA,NA,7,"practice",3,NA,NA,"is made out of paper",NA,NA,"might rip sometime","y",0.5,NA
"4844","4","us","adults","do you think...?","cb1","R_5p6eZkIXmuDhKq9","2014-06-26 09:21:00",0.0333333333333333,NA,"male",NA,NA,NA,NA,"christianity","no",NA,NA,7,"test",4,"aff","positive","is in a good mood right now","per","hearing","can hear what's going on around it","y",0.5,NA
"4845","4","us","adults","do you think...?","cb1","R_5p6eZkIXmuDhKq9","2014-06-26 09:21:00",0.0333333333333333,NA,"male",NA,NA,NA,NA,"christianity","no",NA,NA,7,"test",5,"per","vision","can see me","phy","metal_plastic","is made out of metal","n",-1.5,NA
"4846","4","us","adults","do you think...?","cb1","R_5p6eZkIXmuDhKq9","2014-06-26 09:21:00",0.0333333333333333,NA,"male",NA,NA,NA,NA,"christianity","no",NA,NA,7,"test",6,"phy","glass_clay","is made out of clay","aff","positive","can feel happy sometimes","n",-1.5,NA
"4847","4","us","adults","do you think...?","cb1","R_5p6eZkIXmuDhKq9","2014-06-26 09:21:00",0.0333333333333333,NA,"male",NA,NA,NA,NA,"christianity","no",NA,NA,7,"test",7,"aut","movement","is moving itself from one side of the box to the other","aut","noise","can make noises all by itself","y",1.5,NA
"4848","4","us","adults","do you think...?","cb1","R_5p6eZkIXmuDhKq9","2014-06-26 09:21:00",0.0333333333333333,NA,"male",NA,NA,NA,NA,"christianity","no",NA,NA,7,"test",8,"aff","negative","feels sad right now","phy","glass_clay","is made out of glass","n",-1.5,NA
"4849","4","us","adults","do you think...?","cb1","R_5p6eZkIXmuDhKq9","2014-06-26 09:21:00",0.0333333333333333,NA,"male",NA,NA,NA,NA,"christianity","no",NA,NA,7,"test",9,"per","hearing","can hear me","per","vision","can see what the box looks like","y",0.5,NA
"4850","4","us","adults","do you think...?","cb1","R_5p6eZkIXmuDhKq9","2014-06-26 09:21:00",0.0333333333333333,NA,"male",NA,NA,NA,NA,"christianity","no",NA,NA,7,"test",10,"phy","metal_plastic","is made out of plastic","aut","movement","can move itself around the box","n",-1.5,NA
"4851","4","us","adults","do you think...?","cb1","R_5p6eZkIXmuDhKq9","2014-06-26 09:21:00",0.0333333333333333,NA,"male",NA,NA,NA,NA,"christianity","no",NA,NA,7,"test",11,"aut","noise","is making sounds on its own","aff","negative","can be in a bad mood sometimes","y",0.5,NA
"4852","4","us","adults","do you think...?","cb1","R_6Jp1ebT0wVVX9ad","2014-06-26 18:54:00",0.133333333333333,NA,"male",NA,NA,NA,NA,"non-religious","no","None. Thanks.",NA,7,"practice",1,NA,NA,"is purple",NA,NA,"is green","n",-1.5,NA
"4853","4","us","adults","do you think...?","cb1","R_6Jp1ebT0wVVX9ad","2014-06-26 18:54:00",0.133333333333333,NA,"male",NA,NA,NA,NA,"non-religious","no","None. Thanks.",NA,7,"practice",2,NA,NA,"is walking around",NA,NA,"has legs","y",0.5,NA
"4854","4","us","adults","do you think...?","cb1","R_6Jp1ebT0wVVX9ad","2014-06-26 18:54:00",0.133333333333333,NA,"male",NA,NA,NA,NA,"non-religious","no","None. Thanks.",NA,7,"practice",3,NA,NA,"is made out of paper",NA,NA,"might rip sometime","y",0.5,NA
"4855","4","us","adults","do you think...?","cb1","R_6Jp1ebT0wVVX9ad","2014-06-26 18:54:00",0.133333333333333,NA,"male",NA,NA,NA,NA,"non-religious","no","None. Thanks.",NA,7,"test",4,"aff","positive","is in a good mood right now","per","hearing","can hear what's going on around it","y",0.5,NA
"4856","4","us","adults","do you think...?","cb1","R_6Jp1ebT0wVVX9ad","2014-06-26 18:54:00",0.133333333333333,NA,"male",NA,NA,NA,NA,"non-religious","no","None. Thanks.",NA,7,"test",5,"per","vision","can see me","phy","metal_plastic","is made out of metal","y",0.5,NA
"4857","4","us","adults","do you think...?","cb1","R_6Jp1ebT0wVVX9ad","2014-06-26 18:54:00",0.133333333333333,NA,"male",NA,NA,NA,NA,"non-religious","no","None. Thanks.",NA,7,"test",6,"phy","glass_clay","is made out of clay","aff","positive","can feel happy sometimes","n",-1.5,NA
"4858","4","us","adults","do you think...?","cb1","R_6Jp1ebT0wVVX9ad","2014-06-26 18:54:00",0.133333333333333,NA,"male",NA,NA,NA,NA,"non-religious","no","None. Thanks.",NA,7,"test",7,"aut","movement","is moving itself from one side of the box to the other","aut","noise","can make noises all by itself","y",0.5,NA
"4859","4","us","adults","do you think...?","cb1","R_6Jp1ebT0wVVX9ad","2014-06-26 18:54:00",0.133333333333333,NA,"male",NA,NA,NA,NA,"non-religious","no","None. Thanks.",NA,7,"test",8,"aff","negative","feels sad right now","phy","glass_clay","is made out of glass","n",-1.5,NA
"4860","4","us","adults","do you think...?","cb1","R_6Jp1ebT0wVVX9ad","2014-06-26 18:54:00",0.133333333333333,NA,"male",NA,NA,NA,NA,"non-religious","no","None. Thanks.",NA,7,"test",9,"per","hearing","can hear me","per","vision","can see what the box looks like","y",0.5,NA
"4861","4","us","adults","do you think...?","cb1","R_6Jp1ebT0wVVX9ad","2014-06-26 18:54:00",0.133333333333333,NA,"male",NA,NA,NA,NA,"non-religious","no","None. Thanks.",NA,7,"test",10,"phy","metal_plastic","is made out of plastic","aut","movement","can move itself around the box","y",0.5,NA
"4862","4","us","adults","do you think...?","cb1","R_6Jp1ebT0wVVX9ad","2014-06-26 18:54:00",0.133333333333333,NA,"male",NA,NA,NA,NA,"non-religious","no","None. Thanks.",NA,7,"test",11,"aut","noise","is making sounds on its own","aff","negative","can be in a bad mood sometimes","y",0.5,NA
"4863","4","us","adults","do you think...?","cb1","R_8koILKBtt83exOl","2014-06-26 10:32:00",0.0666666666666667,NA,"male",NA,NA,NA,NA,"other","no",NA,NA,7,"practice",1,NA,NA,"is purple",NA,NA,"is green","n",-1.5,NA
"4864","4","us","adults","do you think...?","cb1","R_8koILKBtt83exOl","2014-06-26 10:32:00",0.0666666666666667,NA,"male",NA,NA,NA,NA,"other","no",NA,NA,7,"practice",2,NA,NA,"is walking around",NA,NA,"has legs","y",1.5,NA
"4865","4","us","adults","do you think...?","cb1","R_8koILKBtt83exOl","2014-06-26 10:32:00",0.0666666666666667,NA,"male",NA,NA,NA,NA,"other","no",NA,NA,7,"practice",3,NA,NA,"is made out of paper",NA,NA,"might rip sometime","y",0.5,NA
"4866","4","us","adults","do you think...?","cb1","R_8koILKBtt83exOl","2014-06-26 10:32:00",0.0666666666666667,NA,"male",NA,NA,NA,NA,"other","no",NA,NA,7,"test",4,"aff","positive","is in a good mood right now","per","hearing","can hear what's going on around it","y",0.5,NA
"4867","4","us","adults","do you think...?","cb1","R_8koILKBtt83exOl","2014-06-26 10:32:00",0.0666666666666667,NA,"male",NA,NA,NA,NA,"other","no",NA,NA,7,"test",5,"per","vision","can see me","phy","metal_plastic","is made out of metal","n",-1.5,NA
"4868","4","us","adults","do you think...?","cb1","R_8koILKBtt83exOl","2014-06-26 10:32:00",0.0666666666666667,NA,"male",NA,NA,NA,NA,"other","no",NA,NA,7,"test",6,"phy","glass_clay","is made out of clay","aff","positive","can feel happy sometimes","n",-1.5,NA
"4869","4","us","adults","do you think...?","cb1","R_8koILKBtt83exOl","2014-06-26 10:32:00",0.0666666666666667,NA,"male",NA,NA,NA,NA,"other","no",NA,NA,7,"test",7,"aut","movement","is moving itself from one side of the box to the other","aut","noise","can make noises all by itself","y",0.5,NA
"4870","4","us","adults","do you think...?","cb1","R_8koILKBtt83exOl","2014-06-26 10:32:00",0.0666666666666667,NA,"male",NA,NA,NA,NA,"other","no",NA,NA,7,"test",8,"aff","negative","feels sad right now","phy","glass_clay","is made out of glass","n",-1.5,NA
"4871","4","us","adults","do you think...?","cb1","R_8koILKBtt83exOl","2014-06-26 10:32:00",0.0666666666666667,NA,"male",NA,NA,NA,NA,"other","no",NA,NA,7,"test",9,"per","hearing","can hear me","per","vision","can see what the box looks like","y",0.5,NA
"4872","4","us","adults","do you think...?","cb1","R_8koILKBtt83exOl","2014-06-26 10:32:00",0.0666666666666667,NA,"male",NA,NA,NA,NA,"other","no",NA,NA,7,"test",10,"phy","metal_plastic","is made out of plastic","aut","movement","can move itself around the box","n",-0.5,NA
"4873","4","us","adults","do you think...?","cb1","R_8koILKBtt83exOl","2014-06-26 10:32:00",0.0666666666666667,NA,"male",NA,NA,NA,NA,"other","no",NA,NA,7,"test",11,"aut","noise","is making sounds on its own","aff","negative","can be in a bad mood sometimes","y",0.5,NA
"4874","4","us","adults","do you think...?","cb1","R_8wzmB4XumrxFeW9","2014-06-26 12:28:00",0.05,NA,"male",NA,NA,NA,NA,"christianity","no",NA,NA,7,"practice",1,NA,NA,"is purple",NA,NA,"is green","n",-1.5,NA
"4875","4","us","adults","do you think...?","cb1","R_8wzmB4XumrxFeW9","2014-06-26 12:28:00",0.05,NA,"male",NA,NA,NA,NA,"christianity","no",NA,NA,7,"practice",2,NA,NA,"is walking around",NA,NA,"has legs","y",1.5,NA
"4876","4","us","adults","do you think...?","cb1","R_8wzmB4XumrxFeW9","2014-06-26 12:28:00",0.05,NA,"male",NA,NA,NA,NA,"christianity","no",NA,NA,7,"practice",3,NA,NA,"is made out of paper",NA,NA,"might rip sometime","y",0.5,NA
"4877","4","us","adults","do you think...?","cb1","R_8wzmB4XumrxFeW9","2014-06-26 12:28:00",0.05,NA,"male",NA,NA,NA,NA,"christianity","no",NA,NA,7,"test",4,"aff","positive","is in a good mood right now","per","hearing","can hear what's going on around it","y",0.5,NA
"4878","4","us","adults","do you think...?","cb1","R_8wzmB4XumrxFeW9","2014-06-26 12:28:00",0.05,NA,"male",NA,NA,NA,NA,"christianity","no",NA,NA,7,"test",5,"per","vision","can see me","phy","metal_plastic","is made out of metal","n",-1.5,NA
"4879","4","us","adults","do you think...?","cb1","R_8wzmB4XumrxFeW9","2014-06-26 12:28:00",0.05,NA,"male",NA,NA,NA,NA,"christianity","no",NA,NA,7,"test",6,"phy","glass_clay","is made out of clay","aff","positive","can feel happy sometimes","n",-1.5,NA
"4880","4","us","adults","do you think...?","cb1","R_8wzmB4XumrxFeW9","2014-06-26 12:28:00",0.05,NA,"male",NA,NA,NA,NA,"christianity","no",NA,NA,7,"test",7,"aut","movement","is moving itself from one side of the box to the other","aut","noise","can make noises all by itself","y",0.5,NA
"4881","4","us","adults","do you think...?","cb1","R_8wzmB4XumrxFeW9","2014-06-26 12:28:00",0.05,NA,"male",NA,NA,NA,NA,"christianity","no",NA,NA,7,"test",8,"aff","negative","feels sad right now","phy","glass_clay","is made out of glass","n",-1.5,NA
"4882","4","us","adults","do you think...?","cb1","R_8wzmB4XumrxFeW9","2014-06-26 12:28:00",0.05,NA,"male",NA,NA,NA,NA,"christianity","no",NA,NA,7,"test",9,"per","hearing","can hear me","per","vision","can see what the box looks like","y",0.5,NA
"4883","4","us","adults","do you think...?","cb1","R_8wzmB4XumrxFeW9","2014-06-26 12:28:00",0.05,NA,"male",NA,NA,NA,NA,"christianity","no",NA,NA,7,"test",10,"phy","metal_plastic","is made out of plastic","aut","movement","can move itself around the box","n",-1.5,NA
"4884","4","us","adults","do you think...?","cb1","R_8wzmB4XumrxFeW9","2014-06-26 12:28:00",0.05,NA,"male",NA,NA,NA,NA,"christianity","no",NA,NA,7,"test",11,"aut","noise","is making sounds on its own","aff","negative","can be in a bad mood sometimes","y",0.5,NA
"4885","4","us","adults","do you think...?","cb1","R_bNQ6iZwNv8RnBbv","2014-06-25 18:15:00",0.05,NA,NA,NA,NA,NA,NA,NA,"no",NA,NA,7,"practice",1,NA,NA,"is purple",NA,NA,"is green","n",-1.5,NA
"4886","4","us","adults","do you think...?","cb1","R_bNQ6iZwNv8RnBbv","2014-06-25 18:15:00",0.05,NA,NA,NA,NA,NA,NA,NA,"no",NA,NA,7,"practice",2,NA,NA,"is walking around",NA,NA,"has legs","y",0.5,NA
"4887","4","us","adults","do you think...?","cb1","R_bNQ6iZwNv8RnBbv","2014-06-25 18:15:00",0.05,NA,NA,NA,NA,NA,NA,NA,"no",NA,NA,7,"practice",3,NA,NA,"is made out of paper",NA,NA,"might rip sometime","y",1.5,NA
"4888","4","us","adults","do you think...?","cb1","R_bNQ6iZwNv8RnBbv","2014-06-25 18:15:00",0.05,NA,NA,NA,NA,NA,NA,NA,"no",NA,NA,7,"test",4,"aff","positive","is in a good mood right now","per","hearing","can hear what's going on around it","y",0.5,NA
"4889","4","us","adults","do you think...?","cb1","R_bNQ6iZwNv8RnBbv","2014-06-25 18:15:00",0.05,NA,NA,NA,NA,NA,NA,NA,"no",NA,NA,7,"test",5,"per","vision","can see me","phy","metal_plastic","is made out of metal","n",-0.5,NA
"4890","4","us","adults","do you think...?","cb1","R_bNQ6iZwNv8RnBbv","2014-06-25 18:15:00",0.05,NA,NA,NA,NA,NA,NA,NA,"no",NA,NA,7,"test",6,"phy","glass_clay","is made out of clay","aff","positive","can feel happy sometimes","y",0.5,NA
"4891","4","us","adults","do you think...?","cb1","R_bNQ6iZwNv8RnBbv","2014-06-25 18:15:00",0.05,NA,NA,NA,NA,NA,NA,NA,"no",NA,NA,7,"test",7,"aut","movement","is moving itself from one side of the box to the other","aut","noise","can make noises all by itself","y",0.5,NA
"4892","4","us","adults","do you think...?","cb1","R_bNQ6iZwNv8RnBbv","2014-06-25 18:15:00",0.05,NA,NA,NA,NA,NA,NA,NA,"no",NA,NA,7,"test",8,"aff","negative","feels sad right now","phy","glass_clay","is made out of glass","n",-1.5,NA
"4893","4","us","adults","do you think...?","cb1","R_bNQ6iZwNv8RnBbv","2014-06-25 18:15:00",0.05,NA,NA,NA,NA,NA,NA,NA,"no",NA,NA,7,"test",9,"per","hearing","can hear me","per","vision","can see what the box looks like","y",0.5,NA
"4894","4","us","adults","do you think...?","cb1","R_bNQ6iZwNv8RnBbv","2014-06-25 18:15:00",0.05,NA,NA,NA,NA,NA,NA,NA,"no",NA,NA,7,"test",10,"phy","metal_plastic","is made out of plastic","aut","movement","can move itself around the box","y",0.5,NA
"4895","4","us","adults","do you think...?","cb1","R_bNQ6iZwNv8RnBbv","2014-06-25 18:15:00",0.05,NA,NA,NA,NA,NA,NA,NA,"no",NA,NA,7,"test",11,"aut","noise","is making sounds on its own","aff","negative","can be in a bad mood sometimes","n",-0.5,NA
"4896","4","us","adults","do you think...?","cb1","R_eyrilNqGObsm1Fj","2014-06-25 18:12:00",0.05,NA,NA,NA,NA,NA,NA,NA,"no",NA,NA,7,"practice",1,NA,NA,"is purple",NA,NA,"is green","n",-1.5,NA
"4897","4","us","adults","do you think...?","cb1","R_eyrilNqGObsm1Fj","2014-06-25 18:12:00",0.05,NA,NA,NA,NA,NA,NA,NA,"no",NA,NA,7,"practice",2,NA,NA,"is walking around",NA,NA,"has legs","y",0.5,NA
"4898","4","us","adults","do you think...?","cb1","R_eyrilNqGObsm1Fj","2014-06-25 18:12:00",0.05,NA,NA,NA,NA,NA,NA,NA,"no",NA,NA,7,"practice",3,NA,NA,"is made out of paper",NA,NA,"might rip sometime","y",0.5,NA
"4899","4","us","adults","do you think...?","cb1","R_eyrilNqGObsm1Fj","2014-06-25 18:12:00",0.05,NA,NA,NA,NA,NA,NA,NA,"no",NA,NA,7,"test",4,"aff","positive","is in a good mood right now","per","hearing","can hear what's going on around it","y",0.5,NA
"4900","4","us","adults","do you think...?","cb1","R_eyrilNqGObsm1Fj","2014-06-25 18:12:00",0.05,NA,NA,NA,NA,NA,NA,NA,"no",NA,NA,7,"test",5,"per","vision","can see me","phy","metal_plastic","is made out of metal","y",0.5,NA
"4901","4","us","adults","do you think...?","cb1","R_eyrilNqGObsm1Fj","2014-06-25 18:12:00",0.05,NA,NA,NA,NA,NA,NA,NA,"no",NA,NA,7,"test",6,"phy","glass_clay","is made out of clay","aff","positive","can feel happy sometimes","n",-1.5,NA
"4902","4","us","adults","do you think...?","cb1","R_eyrilNqGObsm1Fj","2014-06-25 18:12:00",0.05,NA,NA,NA,NA,NA,NA,NA,"no",NA,NA,7,"test",7,"aut","movement","is moving itself from one side of the box to the other","aut","noise","can make noises all by itself","y",1.5,NA
"4903","4","us","adults","do you think...?","cb1","R_eyrilNqGObsm1Fj","2014-06-25 18:12:00",0.05,NA,NA,NA,NA,NA,NA,NA,"no",NA,NA,7,"test",8,"aff","negative","feels sad right now","phy","glass_clay","is made out of glass","n",-1.5,NA
"4904","4","us","adults","do you think...?","cb1","R_eyrilNqGObsm1Fj","2014-06-25 18:12:00",0.05,NA,NA,NA,NA,NA,NA,NA,"no",NA,NA,7,"test",9,"per","hearing","can hear me","per","vision","can see what the box looks like","y",1.5,NA
"4905","4","us","adults","do you think...?","cb1","R_eyrilNqGObsm1Fj","2014-06-25 18:12:00",0.05,NA,NA,NA,NA,NA,NA,NA,"no",NA,NA,7,"test",10,"phy","metal_plastic","is made out of plastic","aut","movement","can move itself around the box","n",-0.5,NA
"4906","4","us","adults","do you think...?","cb1","R_eyrilNqGObsm1Fj","2014-06-25 18:12:00",0.05,NA,NA,NA,NA,NA,NA,NA,"no",NA,NA,7,"test",11,"aut","noise","is making sounds on its own","aff","negative","can be in a bad mood sometimes","y",0.5,NA
"4907","4","us","adults","do you think...?","cb1","R_00Mxke860L7YDZz","2014-06-26 11:55:00",0.0666666666666667,NA,"female",NA,NA,NA,NA,"other","no",NA,NA,8,"practice",1,NA,NA,"is purple",NA,NA,"is green","n",-1.5,NA
"4908","4","us","adults","do you think...?","cb1","R_00Mxke860L7YDZz","2014-06-26 11:55:00",0.0666666666666667,NA,"female",NA,NA,NA,NA,"other","no",NA,NA,8,"practice",2,NA,NA,"is walking around",NA,NA,"has legs","y",1.5,NA
"4909","4","us","adults","do you think...?","cb1","R_00Mxke860L7YDZz","2014-06-26 11:55:00",0.0666666666666667,NA,"female",NA,NA,NA,NA,"other","no",NA,NA,8,"practice",3,NA,NA,"is made out of paper",NA,NA,"might rip sometime","y",1.5,NA
"4910","4","us","adults","do you think...?","cb1","R_00Mxke860L7YDZz","2014-06-26 11:55:00",0.0666666666666667,NA,"female",NA,NA,NA,NA,"other","no",NA,NA,8,"test",4,"aut","movement","is moving itself around the box","aff","negative","can feel sad sometimes","y",0.5,NA
"4911","4","us","adults","do you think...?","cb1","R_00Mxke860L7YDZz","2014-06-26 11:55:00",0.0666666666666667,NA,"female",NA,NA,NA,NA,"other","no",NA,NA,8,"test",5,"phy","glass_clay","is made out of glass","aut","noise","can make noises all by itself","n",-0.5,NA
"4912","4","us","adults","do you think...?","cb1","R_00Mxke860L7YDZz","2014-06-26 11:55:00",0.0666666666666667,NA,"female",NA,NA,NA,NA,"other","no",NA,NA,8,"test",6,"per","hearing","can hear what's going on around it","per","vision","can see me","y",0.5,NA
"4913","4","us","adults","do you think...?","cb1","R_00Mxke860L7YDZz","2014-06-26 11:55:00",0.0666666666666667,NA,"female",NA,NA,NA,NA,"other","no",NA,NA,8,"test",7,"aff","positive","feels happy right now","phy","metal_plastic","is made out of plastic","n",-1.5,NA
"4914","4","us","adults","do you think...?","cb1","R_00Mxke860L7YDZz","2014-06-26 11:55:00",0.0666666666666667,NA,"female",NA,NA,NA,NA,"other","no",NA,NA,8,"test",8,"aut","noise","is making sounds on its own","aut","movement","can move itself from one side of the box to the other","y",0.5,NA
"4915","4","us","adults","do you think...?","cb1","R_00Mxke860L7YDZz","2014-06-26 11:55:00",0.0666666666666667,NA,"female",NA,NA,NA,NA,"other","no",NA,NA,8,"test",9,"phy","metal_plastic","is made out of metal","aff","positive","can be in a good mood sometimes","n",-1.5,NA
"4916","4","us","adults","do you think...?","cb1","R_00Mxke860L7YDZz","2014-06-26 11:55:00",0.0666666666666667,NA,"female",NA,NA,NA,NA,"other","no",NA,NA,8,"test",10,"per","vision","can see what the box looks like","phy","glass_clay","is made out of clay","y",0.5,NA
"4917","4","us","adults","do you think...?","cb1","R_00Mxke860L7YDZz","2014-06-26 11:55:00",0.0666666666666667,NA,"female",NA,NA,NA,NA,"other","no",NA,NA,8,"test",11,"aff","negative","is in a bad mood right now","per","hearing","can hear me","y",0.5,NA
"4918","4","us","adults","do you think...?","cb1","R_0wZcxLHaDsAsDB3","2014-06-26 15:57:00",0.0166666666666667,NA,"male",NA,NA,NA,NA,"christianity","no",NA,NA,8,"practice",1,NA,NA,"is purple",NA,NA,"is green","n",-1.5,NA
"4919","4","us","adults","do you think...?","cb1","R_0wZcxLHaDsAsDB3","2014-06-26 15:57:00",0.0166666666666667,NA,"male",NA,NA,NA,NA,"christianity","no",NA,NA,8,"practice",2,NA,NA,"is walking around",NA,NA,"has legs","y",1.5,NA
"4920","4","us","adults","do you think...?","cb1","R_0wZcxLHaDsAsDB3","2014-06-26 15:57:00",0.0166666666666667,NA,"male",NA,NA,NA,NA,"christianity","no",NA,NA,8,"practice",3,NA,NA,"is made out of paper",NA,NA,"might rip sometime","y",0.5,NA
"4921","4","us","adults","do you think...?","cb1","R_0wZcxLHaDsAsDB3","2014-06-26 15:57:00",0.0166666666666667,NA,"male",NA,NA,NA,NA,"christianity","no",NA,NA,8,"test",4,"aut","movement","is moving itself around the box","aff","negative","can feel sad sometimes","y",0.5,NA
"4922","4","us","adults","do you think...?","cb1","R_0wZcxLHaDsAsDB3","2014-06-26 15:57:00",0.0166666666666667,NA,"male",NA,NA,NA,NA,"christianity","no",NA,NA,8,"test",5,"phy","glass_clay","is made out of glass","aut","noise","can make noises all by itself","n",-1.5,NA
"4923","4","us","adults","do you think...?","cb1","R_0wZcxLHaDsAsDB3","2014-06-26 15:57:00",0.0166666666666667,NA,"male",NA,NA,NA,NA,"christianity","no",NA,NA,8,"test",6,"per","hearing","can hear what's going on around it","per","vision","can see me","y",0.5,NA
"4924","4","us","adults","do you think...?","cb1","R_0wZcxLHaDsAsDB3","2014-06-26 15:57:00",0.0166666666666667,NA,"male",NA,NA,NA,NA,"christianity","no",NA,NA,8,"test",7,"aff","positive","feels happy right now","phy","metal_plastic","is made out of plastic","n",-1.5,NA
"4925","4","us","adults","do you think...?","cb1","R_0wZcxLHaDsAsDB3","2014-06-26 15:57:00",0.0166666666666667,NA,"male",NA,NA,NA,NA,"christianity","no",NA,NA,8,"test",8,"aut","noise","is making sounds on its own","aut","movement","can move itself from one side of the box to the other","y",0.5,NA
"4926","4","us","adults","do you think...?","cb1","R_0wZcxLHaDsAsDB3","2014-06-26 15:57:00",0.0166666666666667,NA,"male",NA,NA,NA,NA,"christianity","no",NA,NA,8,"test",9,"phy","metal_plastic","is made out of metal","aff","positive","can be in a good mood sometimes","n",-1.5,NA
"4927","4","us","adults","do you think...?","cb1","R_0wZcxLHaDsAsDB3","2014-06-26 15:57:00",0.0166666666666667,NA,"male",NA,NA,NA,NA,"christianity","no",NA,NA,8,"test",10,"per","vision","can see what the box looks like","phy","glass_clay","is made out of clay","n",-1.5,NA
"4928","4","us","adults","do you think...?","cb1","R_0wZcxLHaDsAsDB3","2014-06-26 15:57:00",0.0166666666666667,NA,"male",NA,NA,NA,NA,"christianity","no",NA,NA,8,"test",11,"aff","negative","is in a bad mood right now","per","hearing","can hear me","y",0.5,NA
"4929","4","us","adults","do you think...?","cb1","R_4IXpD8A6ZTaP0Al","2014-06-26 18:13:00",0.05,NA,"female",NA,NA,NA,NA,"christianity","no",NA,NA,8,"practice",1,NA,NA,"is purple",NA,NA,"is green","n",-1.5,NA
"4930","4","us","adults","do you think...?","cb1","R_4IXpD8A6ZTaP0Al","2014-06-26 18:13:00",0.05,NA,"female",NA,NA,NA,NA,"christianity","no",NA,NA,8,"practice",2,NA,NA,"is walking around",NA,NA,"has legs","y",0.5,NA
"4931","4","us","adults","do you think...?","cb1","R_4IXpD8A6ZTaP0Al","2014-06-26 18:13:00",0.05,NA,"female",NA,NA,NA,NA,"christianity","no",NA,NA,8,"practice",3,NA,NA,"is made out of paper",NA,NA,"might rip sometime","y",0.5,NA
"4932","4","us","adults","do you think...?","cb1","R_4IXpD8A6ZTaP0Al","2014-06-26 18:13:00",0.05,NA,"female",NA,NA,NA,NA,"christianity","no",NA,NA,8,"test",4,"aut","movement","is moving itself around the box","aff","negative","can feel sad sometimes","y",0.5,NA
"4933","4","us","adults","do you think...?","cb1","R_4IXpD8A6ZTaP0Al","2014-06-26 18:13:00",0.05,NA,"female",NA,NA,NA,NA,"christianity","no",NA,NA,8,"test",5,"phy","glass_clay","is made out of glass","aut","noise","can make noises all by itself","n",-0.5,NA
"4934","4","us","adults","do you think...?","cb1","R_4IXpD8A6ZTaP0Al","2014-06-26 18:13:00",0.05,NA,"female",NA,NA,NA,NA,"christianity","no",NA,NA,8,"test",6,"per","hearing","can hear what's going on around it","per","vision","can see me","y",0.5,NA
"4935","4","us","adults","do you think...?","cb1","R_4IXpD8A6ZTaP0Al","2014-06-26 18:13:00",0.05,NA,"female",NA,NA,NA,NA,"christianity","no",NA,NA,8,"test",7,"aff","positive","feels happy right now","phy","metal_plastic","is made out of plastic","n",-0.5,NA
"4936","4","us","adults","do you think...?","cb1","R_4IXpD8A6ZTaP0Al","2014-06-26 18:13:00",0.05,NA,"female",NA,NA,NA,NA,"christianity","no",NA,NA,8,"test",8,"aut","noise","is making sounds on its own","aut","movement","can move itself from one side of the box to the other","y",0.5,NA
"4937","4","us","adults","do you think...?","cb1","R_4IXpD8A6ZTaP0Al","2014-06-26 18:13:00",0.05,NA,"female",NA,NA,NA,NA,"christianity","no",NA,NA,8,"test",9,"phy","metal_plastic","is made out of metal","aff","positive","can be in a good mood sometimes","n",-0.5,NA
"4938","4","us","adults","do you think...?","cb1","R_4IXpD8A6ZTaP0Al","2014-06-26 18:13:00",0.05,NA,"female",NA,NA,NA,NA,"christianity","no",NA,NA,8,"test",10,"per","vision","can see what the box looks like","phy","glass_clay","is made out of clay","n",-1.5,NA
"4939","4","us","adults","do you think...?","cb1","R_4IXpD8A6ZTaP0Al","2014-06-26 18:13:00",0.05,NA,"female",NA,NA,NA,NA,"christianity","no",NA,NA,8,"test",11,"aff","negative","is in a bad mood right now","per","hearing","can hear me","y",0.5,NA
"4940","4","us","adults","do you think...?","cb1","R_7NYV5tXW6w7fF0p","2014-06-26 10:06:00",0.0833333333333333,NA,"male",NA,NA,NA,NA,"other","no",NA,NA,8,"practice",1,NA,NA,"is purple",NA,NA,"is green","n",-1.5,NA
"4941","4","us","adults","do you think...?","cb1","R_7NYV5tXW6w7fF0p","2014-06-26 10:06:00",0.0833333333333333,NA,"male",NA,NA,NA,NA,"other","no",NA,NA,8,"practice",2,NA,NA,"is walking around",NA,NA,"has legs","y",1.5,NA
"4942","4","us","adults","do you think...?","cb1","R_7NYV5tXW6w7fF0p","2014-06-26 10:06:00",0.0833333333333333,NA,"male",NA,NA,NA,NA,"other","no",NA,NA,8,"practice",3,NA,NA,"is made out of paper",NA,NA,"might rip sometime","y",0.5,NA
"4943","4","us","adults","do you think...?","cb1","R_7NYV5tXW6w7fF0p","2014-06-26 10:06:00",0.0833333333333333,NA,"male",NA,NA,NA,NA,"other","no",NA,NA,8,"test",4,"aut","movement","is moving itself around the box","aff","negative","can feel sad sometimes","y",0.5,NA
"4944","4","us","adults","do you think...?","cb1","R_7NYV5tXW6w7fF0p","2014-06-26 10:06:00",0.0833333333333333,NA,"male",NA,NA,NA,NA,"other","no",NA,NA,8,"test",5,"phy","glass_clay","is made out of glass","aut","noise","can make noises all by itself","n",-1.5,NA
"4945","4","us","adults","do you think...?","cb1","R_7NYV5tXW6w7fF0p","2014-06-26 10:06:00",0.0833333333333333,NA,"male",NA,NA,NA,NA,"other","no",NA,NA,8,"test",6,"per","hearing","can hear what's going on around it","per","vision","can see me","y",1.5,NA
"4946","4","us","adults","do you think...?","cb1","R_7NYV5tXW6w7fF0p","2014-06-26 10:06:00",0.0833333333333333,NA,"male",NA,NA,NA,NA,"other","no",NA,NA,8,"test",7,"aff","positive","feels happy right now","phy","metal_plastic","is made out of plastic","n",-1.5,NA
"4947","4","us","adults","do you think...?","cb1","R_7NYV5tXW6w7fF0p","2014-06-26 10:06:00",0.0833333333333333,NA,"male",NA,NA,NA,NA,"other","no",NA,NA,8,"test",8,"aut","noise","is making sounds on its own","aut","movement","can move itself from one side of the box to the other","y",0.5,NA
"4948","4","us","adults","do you think...?","cb1","R_7NYV5tXW6w7fF0p","2014-06-26 10:06:00",0.0833333333333333,NA,"male",NA,NA,NA,NA,"other","no",NA,NA,8,"test",9,"phy","metal_plastic","is made out of metal","aff","positive","can be in a good mood sometimes","n",-1.5,NA
"4949","4","us","adults","do you think...?","cb1","R_7NYV5tXW6w7fF0p","2014-06-26 10:06:00",0.0833333333333333,NA,"male",NA,NA,NA,NA,"other","no",NA,NA,8,"test",10,"per","vision","can see what the box looks like","phy","glass_clay","is made out of clay","n",-1.5,NA
"4950","4","us","adults","do you think...?","cb1","R_7NYV5tXW6w7fF0p","2014-06-26 10:06:00",0.0833333333333333,NA,"male",NA,NA,NA,NA,"other","no",NA,NA,8,"test",11,"aff","negative","is in a bad mood right now","per","hearing","can hear me","y",1.5,NA
"4951","4","us","adults","do you think...?","cb1","R_7TGGO5JQROhUS0d","2014-06-26 18:55:00",0.0333333333333333,NA,"male",NA,NA,NA,NA,"christianity","no","none",NA,8,"practice",1,NA,NA,"is purple",NA,NA,"is green","n",-1.5,NA
"4952","4","us","adults","do you think...?","cb1","R_7TGGO5JQROhUS0d","2014-06-26 18:55:00",0.0333333333333333,NA,"male",NA,NA,NA,NA,"christianity","no","none",NA,8,"practice",2,NA,NA,"is walking around",NA,NA,"has legs","y",1.5,NA
"4953","4","us","adults","do you think...?","cb1","R_7TGGO5JQROhUS0d","2014-06-26 18:55:00",0.0333333333333333,NA,"male",NA,NA,NA,NA,"christianity","no","none",NA,8,"practice",3,NA,NA,"is made out of paper",NA,NA,"might rip sometime","y",0.5,NA
"4954","4","us","adults","do you think...?","cb1","R_7TGGO5JQROhUS0d","2014-06-26 18:55:00",0.0333333333333333,NA,"male",NA,NA,NA,NA,"christianity","no","none",NA,8,"test",4,"aut","movement","is moving itself around the box","aff","negative","can feel sad sometimes","n",-0.5,NA
"4955","4","us","adults","do you think...?","cb1","R_7TGGO5JQROhUS0d","2014-06-26 18:55:00",0.0333333333333333,NA,"male",NA,NA,NA,NA,"christianity","no","none",NA,8,"test",5,"phy","glass_clay","is made out of glass","aut","noise","can make noises all by itself","y",0.5,NA
"4956","4","us","adults","do you think...?","cb1","R_7TGGO5JQROhUS0d","2014-06-26 18:55:00",0.0333333333333333,NA,"male",NA,NA,NA,NA,"christianity","no","none",NA,8,"test",6,"per","hearing","can hear what's going on around it","per","vision","can see me","y",1.5,NA
"4957","4","us","adults","do you think...?","cb1","R_7TGGO5JQROhUS0d","2014-06-26 18:55:00",0.0333333333333333,NA,"male",NA,NA,NA,NA,"christianity","no","none",NA,8,"test",7,"aff","positive","feels happy right now","phy","metal_plastic","is made out of plastic","n",-1.5,NA
"4958","4","us","adults","do you think...?","cb1","R_7TGGO5JQROhUS0d","2014-06-26 18:55:00",0.0333333333333333,NA,"male",NA,NA,NA,NA,"christianity","no","none",NA,8,"test",8,"aut","noise","is making sounds on its own","aut","movement","can move itself from one side of the box to the other","y",0.5,NA
"4959","4","us","adults","do you think...?","cb1","R_7TGGO5JQROhUS0d","2014-06-26 18:55:00",0.0333333333333333,NA,"male",NA,NA,NA,NA,"christianity","no","none",NA,8,"test",9,"phy","metal_plastic","is made out of metal","aff","positive","can be in a good mood sometimes","n",-1.5,NA
"4960","4","us","adults","do you think...?","cb1","R_7TGGO5JQROhUS0d","2014-06-26 18:55:00",0.0333333333333333,NA,"male",NA,NA,NA,NA,"christianity","no","none",NA,8,"test",10,"per","vision","can see what the box looks like","phy","glass_clay","is made out of clay","n",-1.5,NA
"4961","4","us","adults","do you think...?","cb1","R_7TGGO5JQROhUS0d","2014-06-26 18:55:00",0.0333333333333333,NA,"male",NA,NA,NA,NA,"christianity","no","none",NA,8,"test",11,"aff","negative","is in a bad mood right now","per","hearing","can hear me","y",0.5,NA
"4962","4","us","adults","do you think...?","cb1","R_9MK1OIcaEvhPG85","2014-06-26 08:51:00",0.166666666666667,NA,"female",NA,NA,NA,NA,"christianity","yes",NA,NA,8,"practice",1,NA,NA,"is purple",NA,NA,"is green","n",-1.5,NA
"4963","4","us","adults","do you think...?","cb1","R_9MK1OIcaEvhPG85","2014-06-26 08:51:00",0.166666666666667,NA,"female",NA,NA,NA,NA,"christianity","yes",NA,NA,8,"practice",2,NA,NA,"is walking around",NA,NA,"has legs","y",0.5,NA
"4964","4","us","adults","do you think...?","cb1","R_9MK1OIcaEvhPG85","2014-06-26 08:51:00",0.166666666666667,NA,"female",NA,NA,NA,NA,"christianity","yes",NA,NA,8,"practice",3,NA,NA,"is made out of paper",NA,NA,"might rip sometime","y",1.5,NA
"4965","4","us","adults","do you think...?","cb1","R_9MK1OIcaEvhPG85","2014-06-26 08:51:00",0.166666666666667,NA,"female",NA,NA,NA,NA,"christianity","yes",NA,NA,8,"test",4,"aut","movement","is moving itself around the box","aff","negative","can feel sad sometimes","y",0.5,NA
"4966","4","us","adults","do you think...?","cb1","R_9MK1OIcaEvhPG85","2014-06-26 08:51:00",0.166666666666667,NA,"female",NA,NA,NA,NA,"christianity","yes",NA,NA,8,"test",5,"phy","glass_clay","is made out of glass","aut","noise","can make noises all by itself","y",0.5,NA
"4967","4","us","adults","do you think...?","cb1","R_9MK1OIcaEvhPG85","2014-06-26 08:51:00",0.166666666666667,NA,"female",NA,NA,NA,NA,"christianity","yes",NA,NA,8,"test",6,"per","hearing","can hear what's going on around it","per","vision","can see me","y",1.5,NA
"4968","4","us","adults","do you think...?","cb1","R_9MK1OIcaEvhPG85","2014-06-26 08:51:00",0.166666666666667,NA,"female",NA,NA,NA,NA,"christianity","yes",NA,NA,8,"test",7,"aff","positive","feels happy right now","phy","metal_plastic","is made out of plastic","n",-1.5,NA
"4969","4","us","adults","do you think...?","cb1","R_9MK1OIcaEvhPG85","2014-06-26 08:51:00",0.166666666666667,NA,"female",NA,NA,NA,NA,"christianity","yes",NA,NA,8,"test",8,"aut","noise","is making sounds on its own","aut","movement","can move itself from one side of the box to the other","y",1.5,NA
"4970","4","us","adults","do you think...?","cb1","R_9MK1OIcaEvhPG85","2014-06-26 08:51:00",0.166666666666667,NA,"female",NA,NA,NA,NA,"christianity","yes",NA,NA,8,"test",9,"phy","metal_plastic","is made out of metal","aff","positive","can be in a good mood sometimes","n",-1.5,NA
"4971","4","us","adults","do you think...?","cb1","R_9MK1OIcaEvhPG85","2014-06-26 08:51:00",0.166666666666667,NA,"female",NA,NA,NA,NA,"christianity","yes",NA,NA,8,"test",10,"per","vision","can see what the box looks like","phy","glass_clay","is made out of clay","n",-1.5,NA
"4972","4","us","adults","do you think...?","cb1","R_9MK1OIcaEvhPG85","2014-06-26 08:51:00",0.166666666666667,NA,"female",NA,NA,NA,NA,"christianity","yes",NA,NA,8,"test",11,"aff","negative","is in a bad mood right now","per","hearing","can hear me","y",1.5,NA
"4973","4","us","adults","do you think...?","cb1","R_bvicdFmVNwx35yJ","2014-06-25 18:12:00",0.0833333333333333,NA,NA,NA,NA,NA,NA,NA,"no",NA,NA,8,"practice",1,NA,NA,"is purple",NA,NA,"is green","n",-1.5,NA
"4974","4","us","adults","do you think...?","cb1","R_bvicdFmVNwx35yJ","2014-06-25 18:12:00",0.0833333333333333,NA,NA,NA,NA,NA,NA,NA,"no",NA,NA,8,"practice",2,NA,NA,"is walking around",NA,NA,"has legs","y",1.5,NA
"4975","4","us","adults","do you think...?","cb1","R_bvicdFmVNwx35yJ","2014-06-25 18:12:00",0.0833333333333333,NA,NA,NA,NA,NA,NA,NA,"no",NA,NA,8,"practice",3,NA,NA,"is made out of paper",NA,NA,"might rip sometime","y",1.5,NA
"4976","4","us","adults","do you think...?","cb1","R_bvicdFmVNwx35yJ","2014-06-25 18:12:00",0.0833333333333333,NA,NA,NA,NA,NA,NA,NA,"no",NA,NA,8,"test",4,"aut","movement","is moving itself around the box","aff","negative","can feel sad sometimes","n",-0.5,NA
"4977","4","us","adults","do you think...?","cb1","R_bvicdFmVNwx35yJ","2014-06-25 18:12:00",0.0833333333333333,NA,NA,NA,NA,NA,NA,NA,"no",NA,NA,8,"test",5,"phy","glass_clay","is made out of glass","aut","noise","can make noises all by itself","n",-1.5,NA
"4978","4","us","adults","do you think...?","cb1","R_bvicdFmVNwx35yJ","2014-06-25 18:12:00",0.0833333333333333,NA,NA,NA,NA,NA,NA,NA,"no",NA,NA,8,"test",6,"per","hearing","can hear what's going on around it","per","vision","can see me","y",0.5,NA
"4979","4","us","adults","do you think...?","cb1","R_bvicdFmVNwx35yJ","2014-06-25 18:12:00",0.0833333333333333,NA,NA,NA,NA,NA,NA,NA,"no",NA,NA,8,"test",7,"aff","positive","feels happy right now","phy","metal_plastic","is made out of plastic","n",-1.5,NA
"4980","4","us","adults","do you think...?","cb1","R_bvicdFmVNwx35yJ","2014-06-25 18:12:00",0.0833333333333333,NA,NA,NA,NA,NA,NA,NA,"no",NA,NA,8,"test",8,"aut","noise","is making sounds on its own","aut","movement","can move itself from one side of the box to the other","y",0.5,NA
"4981","4","us","adults","do you think...?","cb1","R_bvicdFmVNwx35yJ","2014-06-25 18:12:00",0.0833333333333333,NA,NA,NA,NA,NA,NA,NA,"no",NA,NA,8,"test",9,"phy","metal_plastic","is made out of metal","aff","positive","can be in a good mood sometimes","n",-1.5,NA
"4982","4","us","adults","do you think...?","cb1","R_bvicdFmVNwx35yJ","2014-06-25 18:12:00",0.0833333333333333,NA,NA,NA,NA,NA,NA,NA,"no",NA,NA,8,"test",10,"per","vision","can see what the box looks like","phy","glass_clay","is made out of clay","n",-1.5,NA
"4983","4","us","adults","do you think...?","cb1","R_bvicdFmVNwx35yJ","2014-06-25 18:12:00",0.0833333333333333,NA,NA,NA,NA,NA,NA,NA,"no",NA,NA,8,"test",11,"aff","negative","is in a bad mood right now","per","hearing","can hear me","y",0.5,NA
"4984","4","us","adults","do you think...?","cb1","R_cuzzHM5zgmVhalL","2014-06-26 10:55:00",0.05,NA,"female",NA,NA,NA,NA,"christianity","no",NA,NA,8,"practice",1,NA,NA,"is purple",NA,NA,"is green","n",-1.5,NA
"4985","4","us","adults","do you think...?","cb1","R_cuzzHM5zgmVhalL","2014-06-26 10:55:00",0.05,NA,"female",NA,NA,NA,NA,"christianity","no",NA,NA,8,"practice",2,NA,NA,"is walking around",NA,NA,"has legs","y",1.5,NA
"4986","4","us","adults","do you think...?","cb1","R_cuzzHM5zgmVhalL","2014-06-26 10:55:00",0.05,NA,"female",NA,NA,NA,NA,"christianity","no",NA,NA,8,"practice",3,NA,NA,"is made out of paper",NA,NA,"might rip sometime","y",0.5,NA
"4987","4","us","adults","do you think...?","cb1","R_cuzzHM5zgmVhalL","2014-06-26 10:55:00",0.05,NA,"female",NA,NA,NA,NA,"christianity","no",NA,NA,8,"test",4,"aut","movement","is moving itself around the box","aff","negative","can feel sad sometimes","n",-0.5,NA
"4988","4","us","adults","do you think...?","cb1","R_cuzzHM5zgmVhalL","2014-06-26 10:55:00",0.05,NA,"female",NA,NA,NA,NA,"christianity","no",NA,NA,8,"test",5,"phy","glass_clay","is made out of glass","aut","noise","can make noises all by itself","y",0.5,NA
"4989","4","us","adults","do you think...?","cb1","R_cuzzHM5zgmVhalL","2014-06-26 10:55:00",0.05,NA,"female",NA,NA,NA,NA,"christianity","no",NA,NA,8,"test",6,"per","hearing","can hear what's going on around it","per","vision","can see me","n",-0.5,NA
"4990","4","us","adults","do you think...?","cb1","R_cuzzHM5zgmVhalL","2014-06-26 10:55:00",0.05,NA,"female",NA,NA,NA,NA,"christianity","no",NA,NA,8,"test",7,"aff","positive","feels happy right now","phy","metal_plastic","is made out of plastic","n",-1.5,NA
"4991","4","us","adults","do you think...?","cb1","R_cuzzHM5zgmVhalL","2014-06-26 10:55:00",0.05,NA,"female",NA,NA,NA,NA,"christianity","no",NA,NA,8,"test",8,"aut","noise","is making sounds on its own","aut","movement","can move itself from one side of the box to the other","y",0.5,NA
"4992","4","us","adults","do you think...?","cb1","R_cuzzHM5zgmVhalL","2014-06-26 10:55:00",0.05,NA,"female",NA,NA,NA,NA,"christianity","no",NA,NA,8,"test",9,"phy","metal_plastic","is made out of metal","aff","positive","can be in a good mood sometimes","n",-1.5,NA
"4993","4","us","adults","do you think...?","cb1","R_cuzzHM5zgmVhalL","2014-06-26 10:55:00",0.05,NA,"female",NA,NA,NA,NA,"christianity","no",NA,NA,8,"test",10,"per","vision","can see what the box looks like","phy","glass_clay","is made out of clay","n",-1.5,NA
"4994","4","us","adults","do you think...?","cb1","R_cuzzHM5zgmVhalL","2014-06-26 10:55:00",0.05,NA,"female",NA,NA,NA,NA,"christianity","no",NA,NA,8,"test",11,"aff","negative","is in a bad mood right now","per","hearing","can hear me","y",0.5,NA
"4995","4","us","adults","do you think...?","cb1","R_dcFTm0GMYeMyKyh","2014-06-26 19:13:00",0.0666666666666667,NA,"male",NA,NA,NA,NA,"non-religious","no",NA,NA,8,"practice",1,NA,NA,"is purple",NA,NA,"is green","n",-1.5,NA
"4996","4","us","adults","do you think...?","cb1","R_dcFTm0GMYeMyKyh","2014-06-26 19:13:00",0.0666666666666667,NA,"male",NA,NA,NA,NA,"non-religious","no",NA,NA,8,"practice",2,NA,NA,"is walking around",NA,NA,"has legs","y",1.5,NA
"4997","4","us","adults","do you think...?","cb1","R_dcFTm0GMYeMyKyh","2014-06-26 19:13:00",0.0666666666666667,NA,"male",NA,NA,NA,NA,"non-religious","no",NA,NA,8,"practice",3,NA,NA,"is made out of paper",NA,NA,"might rip sometime","y",0.5,NA
"4998","4","us","adults","do you think...?","cb1","R_dcFTm0GMYeMyKyh","2014-06-26 19:13:00",0.0666666666666667,NA,"male",NA,NA,NA,NA,"non-religious","no",NA,NA,8,"test",4,"aut","movement","is moving itself around the box","aff","negative","can feel sad sometimes","n",-0.5,NA
"4999","4","us","adults","do you think...?","cb1","R_dcFTm0GMYeMyKyh","2014-06-26 19:13:00",0.0666666666666667,NA,"male",NA,NA,NA,NA,"non-religious","no",NA,NA,8,"test",5,"phy","glass_clay","is made out of glass","aut","noise","can make noises all by itself","n",-1.5,NA
"5000","4","us","adults","do you think...?","cb1","R_dcFTm0GMYeMyKyh","2014-06-26 19:13:00",0.0666666666666667,NA,"male",NA,NA,NA,NA,"non-religious","no",NA,NA,8,"test",6,"per","hearing","can hear what's going on around it","per","vision","can see me","y",0.5,NA
"5001","4","us","adults","do you think...?","cb1","R_dcFTm0GMYeMyKyh","2014-06-26 19:13:00",0.0666666666666667,NA,"male",NA,NA,NA,NA,"non-religious","no",NA,NA,8,"test",7,"aff","positive","feels happy right now","phy","metal_plastic","is made out of plastic","n",-1.5,NA
"5002","4","us","adults","do you think...?","cb1","R_dcFTm0GMYeMyKyh","2014-06-26 19:13:00",0.0666666666666667,NA,"male",NA,NA,NA,NA,"non-religious","no",NA,NA,8,"test",8,"aut","noise","is making sounds on its own","aut","movement","can move itself from one side of the box to the other","y",0.5,NA
"5003","4","us","adults","do you think...?","cb1","R_dcFTm0GMYeMyKyh","2014-06-26 19:13:00",0.0666666666666667,NA,"male",NA,NA,NA,NA,"non-religious","no",NA,NA,8,"test",9,"phy","metal_plastic","is made out of metal","aff","positive","can be in a good mood sometimes","n",-1.5,NA
"5004","4","us","adults","do you think...?","cb1","R_dcFTm0GMYeMyKyh","2014-06-26 19:13:00",0.0666666666666667,NA,"male",NA,NA,NA,NA,"non-religious","no",NA,NA,8,"test",10,"per","vision","can see what the box looks like","phy","glass_clay","is made out of clay","n",-1.5,NA
"5005","4","us","adults","do you think...?","cb1","R_dcFTm0GMYeMyKyh","2014-06-26 19:13:00",0.0666666666666667,NA,"male",NA,NA,NA,NA,"non-religious","no",NA,NA,8,"test",11,"aff","negative","is in a bad mood right now","per","hearing","can hear me","y",0.5,NA
"5006","4","us","adults","do you think...?","cb1","R_eb5yV9STQoeClrD","2014-06-26 16:51:00",0.15,NA,"female",NA,NA,NA,NA,"christianity","no",NA,NA,8,"practice",1,NA,NA,"is purple",NA,NA,"is green","n",-1.5,NA
"5007","4","us","adults","do you think...?","cb1","R_eb5yV9STQoeClrD","2014-06-26 16:51:00",0.15,NA,"female",NA,NA,NA,NA,"christianity","no",NA,NA,8,"practice",2,NA,NA,"is walking around",NA,NA,"has legs","y",1.5,NA
"5008","4","us","adults","do you think...?","cb1","R_eb5yV9STQoeClrD","2014-06-26 16:51:00",0.15,NA,"female",NA,NA,NA,NA,"christianity","no",NA,NA,8,"practice",3,NA,NA,"is made out of paper",NA,NA,"might rip sometime","y",1.5,NA
"5009","4","us","adults","do you think...?","cb1","R_eb5yV9STQoeClrD","2014-06-26 16:51:00",0.15,NA,"female",NA,NA,NA,NA,"christianity","no",NA,NA,8,"test",4,"aut","movement","is moving itself around the box","aff","negative","can feel sad sometimes","n",-1.5,NA
"5010","4","us","adults","do you think...?","cb1","R_eb5yV9STQoeClrD","2014-06-26 16:51:00",0.15,NA,"female",NA,NA,NA,NA,"christianity","no",NA,NA,8,"test",5,"phy","glass_clay","is made out of glass","aut","noise","can make noises all by itself","n",-1.5,NA
"5011","4","us","adults","do you think...?","cb1","R_eb5yV9STQoeClrD","2014-06-26 16:51:00",0.15,NA,"female",NA,NA,NA,NA,"christianity","no",NA,NA,8,"test",6,"per","hearing","can hear what's going on around it","per","vision","can see me","n",-1.5,NA
"5012","4","us","adults","do you think...?","cb1","R_eb5yV9STQoeClrD","2014-06-26 16:51:00",0.15,NA,"female",NA,NA,NA,NA,"christianity","no",NA,NA,8,"test",7,"aff","positive","feels happy right now","phy","metal_plastic","is made out of plastic","n",-1.5,NA
"5013","4","us","adults","do you think...?","cb1","R_eb5yV9STQoeClrD","2014-06-26 16:51:00",0.15,NA,"female",NA,NA,NA,NA,"christianity","no",NA,NA,8,"test",8,"aut","noise","is making sounds on its own","aut","movement","can move itself from one side of the box to the other","y",0.5,NA
"5014","4","us","adults","do you think...?","cb1","R_eb5yV9STQoeClrD","2014-06-26 16:51:00",0.15,NA,"female",NA,NA,NA,NA,"christianity","no",NA,NA,8,"test",9,"phy","metal_plastic","is made out of metal","aff","positive","can be in a good mood sometimes","n",-1.5,NA
"5015","4","us","adults","do you think...?","cb1","R_eb5yV9STQoeClrD","2014-06-26 16:51:00",0.15,NA,"female",NA,NA,NA,NA,"christianity","no",NA,NA,8,"test",10,"per","vision","can see what the box looks like","phy","glass_clay","is made out of clay","n",-1.5,NA
"5016","4","us","adults","do you think...?","cb1","R_eb5yV9STQoeClrD","2014-06-26 16:51:00",0.15,NA,"female",NA,NA,NA,NA,"christianity","no",NA,NA,8,"test",11,"aff","negative","is in a bad mood right now","per","hearing","can hear me","y",0.5,NA
